bill_no,line_no,product_code,qty,unit_price,line_type,ts,store_id,business_date
S09/20240301/00001,1,P106955,3,203.91,SALE,01-03-2024 20:32:58,S09,20240301
S09/20240301/00001,2,P101393,1,32.95,SALE,01-03-2024 20:32:58,S09,20240301
S09/20240301/00001,3,P102114,2,128.95,SALE,01-03-2024 20:32:58,S09,20240301
S09/20240301/00001,4,P103600,2,98.09,SALE,01-03-2024 20:32:58,S09,20240301
S09/20240301/00001,5,P103806,3,305.95,SALE,01-03-2024 20:32:58,S09,20240301
S09/20240301/00001,6,TAX,1,54.94,TAX,01-03-2024 20:32:58,S09,20240301
S09/20240301/00001,7,TENDER,1,2071.55,TENDER,01-03-2024 20:32:58,S09,20240301
S09/20240301/00002,1,P106872,-1,73.31,RETURN,01-03-2024 17:22:32,S09,20240301
S09/20240301/00002,2,P108356,-1,189.09,RETURN,01-03-2024 17:22:32,S09,20240301
S09/20240301/00002,3,P104695,-2,66.60,RETURN,01-03-2024 17:22:32,S09,20240301
S09/20240301/00002,4,P103749,-2,13.83,RETURN,01-03-2024 17:22:32,S09,20240301
S09/20240301/00002,5,TAX,1,-47.53,TAX,01-03-2024 17:22:32,S09,20240301
S09/20240301/00002,6,TENDER,1,-470.79,TENDER,01-03-2024 17:22:32,S09,20240301
S09/20240301/00003,1,P107089,2,192.10,SALE,01-03-2024 18:04:16,S09,20240301
S09/20240301/00003,2,P104567,1,141.21,SALE,01-03-2024 18:04:16,S09,20240301
S09/20240301/00003,3,P103538,1,265.96,SALE,01-03-2024 18:04:16,S09,20240301
S09/20240301/00003,4,P100621,1,226.51,SALE,01-03-2024 18:04:16,S09,20240301
S09/20240301/00003,5,P105384,2,300.95,SALE,01-03-2024 18:04:16,S09,20240301
S09/20240301/00003,6,TAX,1,133.01,TAX,01-03-2024 18:04:16,S09,20240301
S09/20240301/00003,7,TENDER,1,1752.79,TENDER,01-03-2024 18:04:16,S09,20240301
S09/20240301/00004,1,P106563,1,426.95,SALE,01-03-2024 14:53:15,S09,20240301
S09/20240301/00004,2,P104302,5,1205.95,SALE,01-03-2024 14:53:15,S09,20240301
S09/20240301/00004,3,P105643,1,1294.23,SALE,01-03-2024 14:53:15,S09,20240301
S09/20240301/00004,4,P106300,4,387.92,SALE,01-03-2024 14:53:15,S09,20240301
S09/20240301/00004,5,P105950,3,1356.49,SALE,01-03-2024 14:53:15,S09,20240301
S09/20240301/00004,6,P100233,2,62.93,SALE,01-03-2024 14:53:15,S09,20240301
S09/20240301/00004,7,TAX,1,967.30,TAX,01-03-2024 14:53:15,S09,20240301
S09/20240301/00004,8,TENDER,1,14465.24,TENDER,01-03-2024 14:53:15,S09,20240301
S09/20240301/00005,1,P105365,3,399.23,SALE,01-03-2024 16:05:29,S09,20240301
S09/20240301/00005,2,P104956,2,133.95,SALE,01-03-2024 16:05:29,S09,20240301
S09/20240301/00005,3,P104992,3,828.19,SALE,01-03-2024 16:05:29,S09,20240301
S09/20240301/00005,4,P102566,1,415.94,SALE,01-03-2024 16:05:29,S09,20240301
S09/20240301/00005,5,P102139,1,1231.60,SALE,01-03-2024 16:05:29,S09,20240301
S09/20240301/00005,6,P101925,2,181.41,SALE,01-03-2024 16:05:29,S09,20240301
S09/20240301/00005,7,TAX,1,339.63,TAX,01-03-2024 16:05:29,S09,20240301
S09/20240301/00005,8,TENDER,1,6300.15,TENDER,01-03-2024 16:05:29,S09,20240301
S09/20240301/00006,1,P103682,2,372.67,SALE,01-03-2024 21:07:11,S09,20240301
S09/20240301/00006,2,P103231,3,219.95,SALE,01-03-2024 21:07:11,S09,20240301
S09/20240301/00006,3,P100904,1,68.79,SALE,01-03-2024 21:07:11,S09,20240301
S09/20240301/00006,4,P102874,2,142.38,SALE,01-03-2024 21:07:11,S09,20240301
S09/20240301/00006,5,P108319,2,262.51,SALE,01-03-2024 21:07:11,S09,20240301
S09/20240301/00006,6,P102755,3,68.95,SALE,01-03-2024 21:07:11,S09,20240301
S09/20240301/00006,7,P103682,-2,372.67,VOID,01-03-2024 21:07:11,S09,20240301
S09/20240301/00006,8,P103231,-3,219.95,VOID,01-03-2024 21:07:11,S09,20240301
S09/20240301/00006,9,P100904,-1,68.79,VOID,01-03-2024 21:07:11,S09,20240301
S09/20240301/00006,10,P102874,-2,142.38,VOID,01-03-2024 21:07:11,S09,20240301
S09/20240301/00006,11,P108319,-2,262.51,VOID,01-03-2024 21:07:11,S09,20240301
S09/20240301/00006,12,P102755,-3,68.95,VOID,01-03-2024 21:07:11,S09,20240301
S09/20240301/00006,13,TAX,1,0.00,TAX,01-03-2024 21:07:11,S09,20240301
S09/20240301/00006,14,TENDER,1,0.00,TENDER,01-03-2024 21:07:11,S09,20240301
S09/20240301/00007,1,P104733,-3,627.95,RETURN,01-03-2024 18:01:13,S09,20240301
S09/20240301/00007,2,P102114,-2,128.95,RETURN,01-03-2024 18:01:13,S09,20240301
S09/20240301/00007,3,P100339,-2,278.86,RETURN,01-03-2024 18:01:13,S09,20240301
S09/20240301/00007,4,P102913,-2,347.82,RETURN,01-03-2024 18:01:13,S09,20240301
S09/20240301/00007,5,P100305,-2,771.81,RETURN,01-03-2024 18:01:13,S09,20240301
S09/20240301/00007,6,P101292,-3,377.27,RETURN,01-03-2024 18:01:13,S09,20240301
S09/20240301/00007,7,P106958,-2,120.44,RETURN,01-03-2024 18:01:13,S09,20240301
S09/20240301/00007,8,P104079,-3,72.20,RETURN,01-03-2024 18:01:13,S09,20240301
S09/20240301/00007,9,P100791,-2,40.18,RETURN,01-03-2024 18:01:13,S09,20240301
S09/20240301/00007,10,TAX,1,-639.82,TAX,01-03-2024 18:01:13,S09,20240301
S09/20240301/00007,11,TENDER,1,-7248.20,TENDER,01-03-2024 18:01:13,S09,20240301
S09/20240301/00008,1,P100049,1,66.95,SALE,01-03-2024 13:05:18,S09,20240301
S09/20240301/00008,2,P102520,4,597.95,SALE,01-03-2024 13:05:18,S09,20240301
S09/20240301/00008,3,TAX,1,131.64,TAX,01-03-2024 13:05:18,S09,20240301
S09/20240301/00008,4,TENDER,1,2590.39,TENDER,01-03-2024 13:05:18,S09,20240301
S09/20240301/00009,1,P100991,1,147.89,SALE,01-03-2024 10:38:53,S09,20240301
S09/20240301/00009,2,P108200,1,336.95,SALE,01-03-2024 10:38:53,S09,20240301
S09/20240301/00009,3,P101384,3,43.95,SALE,01-03-2024 10:38:53,S09,20240301
S09/20240301/00009,4,TAX,1,54.42,TAX,01-03-2024 10:38:53,S09,20240301
S09/20240301/00009,5,TENDER,1,671.11,TENDER,01-03-2024 10:38:53,S09,20240301
S09/20240301/00010,1,P102181,2,1394.08,SALE,01-03-2024 14:31:32,S09,20240301
S09/20240301/00010,2,P102114,2,128.95,SALE,01-03-2024 14:31:32,S09,20240301
S09/20240301/00010,3,P103022,1,47.95,SALE,01-03-2024 14:31:32,S09,20240301
S09/20240301/00010,4,TAX,1,18.65,TAX,01-03-2024 14:31:32,S09,20240301
S09/20240301/00010,5,TENDER,1,3112.66,TENDER,01-03-2024 14:31:32,S09,20240301
S09/20240301/00011,1,P104617,2,101.65,SALE,01-03-2024 08:28:12,S09,20240301
S09/20240301/00011,2,P103214,1,283.38,SALE,01-03-2024 08:28:12,S09,20240301
S09/20240301/00011,3,P103530,2,427.69,SALE,01-03-2024 08:28:12,S09,20240301
S09/20240301/00011,4,P103397,1,371.02,SALE,01-03-2024 08:28:12,S09,20240301
S09/20240301/00011,5,P104695,1,66.60,SALE,01-03-2024 08:28:12,S09,20240301
S09/20240301/00011,6,P105433,1,126.03,SALE,01-03-2024 08:28:12,S09,20240301
S09/20240301/00011,7,TAX,1,230.75,TAX,01-03-2024 08:28:12,S09,20240301
S09/20240301/00011,8,TENDER,1,2136.46,TENDER,01-03-2024 08:28:12,S09,20240301
S09/20240301/00012,1,P105155,1,317.12,SALE,01-03-2024 18:19:24,S09,20240301
S09/20240301/00012,2,P106584,2,249.34,SALE,01-03-2024 18:19:24,S09,20240301
S09/20240301/00012,3,P106592,2,680.95,SALE,01-03-2024 18:19:24,S09,20240301
S09/20240301/00012,4,DISC,1,-156.93,DISCOUNT,01-03-2024 18:19:24,S09,20240301
S09/20240301/00012,5,TAX,1,77.90,TAX,01-03-2024 18:19:24,S09,20240301
S09/20240301/00012,6,TENDER,1,2098.67,TENDER,01-03-2024 18:19:24,S09,20240301
S09/20240301/00013,1,P101774,4,1121.41,SALE,01-03-2024 12:45:36,S09,20240301
S09/20240301/00013,2,P105365,4,399.23,SALE,01-03-2024 12:45:36,S09,20240301
S09/20240301/00013,3,P102112,2,389.72,SALE,01-03-2024 12:45:36,S09,20240301
S09/20240301/00013,4,P104733,3,627.95,SALE,01-03-2024 12:45:36,S09,20240301
S09/20240301/00013,5,P105570,1,345.21,SALE,01-03-2024 12:45:36,S09,20240301
S09/20240301/00013,6,P106270,2,327.36,SALE,01-03-2024 12:45:36,S09,20240301
S09/20240301/00013,7,P101740,2,800.86,SALE,01-03-2024 12:45:36,S09,20240301
S09/20240301/00013,8,TAX,1,1179.79,TAX,01-03-2024 12:45:36,S09,20240301
S09/20240301/00013,9,TENDER,1,12527.29,TENDER,01-03-2024 12:45:36,S09,20240301
S09/20240301/00014,1,P101874,2,19.95,SALE,01-03-2024 10:01:23,S09,20240301
S09/20240301/00014,2,P100421,2,129.94,SALE,01-03-2024 10:01:23,S09,20240301
S09/20240301/00014,3,P102280,2,561.95,SALE,01-03-2024 10:01:23,S09,20240301
S09/20240301/00014,4,P102559,2,86.19,SALE,01-03-2024 10:01:23,S09,20240301
S09/20240301/00014,5,P105490,2,149.44,SALE,01-03-2024 10:01:23,S09,20240301
S09/20240301/00014,6,P105345,2,295.95,SALE,01-03-2024 10:01:23,S09,20240301
S09/20240301/00014,7,TAX,1,294.31,TAX,01-03-2024 10:01:23,S09,20240301
S09/20240301/00014,8,TENDER,1,2781.15,TENDER,01-03-2024 10:01:23,S09,20240301
S09/20240301/00015,1,P104658,3,73.05,SALE,01-03-2024 16:31:36,S09,20240301
S09/20240301/00015,2,P105944,1,1044.60,SALE,01-03-2024 16:31:36,S09,20240301
S09/20240301/00015,3,P103111,3,40.41,SALE,01-03-2024 16:31:36,S09,20240301
S09/20240301/00015,4,DISC,1,-68.00,DISCOUNT,01-03-2024 16:31:36,S09,20240301
S09/20240301/00015,5,TAX,1,135.38,TAX,01-03-2024 16:31:36,S09,20240301
S09/20240301/00015,6,TENDER,1,1452.36,TENDER,01-03-2024 16:31:36,S09,20240301
S09/20240301/00016,1,P100549,2,301.95,SALE,01-03-2024 17:25:46,S09,20240301
S09/20240301/00016,2,P107063,3,374.87,SALE,01-03-2024 17:25:46,S09,20240301
S09/20240301/00016,3,P107880,3,307.95,SALE,01-03-2024 17:25:46,S09,20240301
S09/20240301/00016,4,P106639,2,415.94,SALE,01-03-2024 17:25:46,S09,20240301
S09/20240301/00016,5,TAX,1,353.44,TAX,01-03-2024 17:25:46,S09,20240301
S09/20240301/00016,6,TENDER,1,3837.68,TENDER,01-03-2024 17:25:46,S09,20240301
S09/20240301/00017,1,P100164,2,581.13,SALE,01-03-2024 12:00:17,S09,20240301
S09/20240301/00017,2,P100221,3,140.95,SALE,01-03-2024 12:00:17,S09,20240301
S09/20240301/00017,3,P106067,6,448.95,SALE,01-03-2024 12:00:17,S09,20240301
S09/20240301/00017,4,P102286,3,238.95,SALE,01-03-2024 12:00:17,S09,20240301
S09/20240301/00017,5,TAX,1,523.67,TAX,01-03-2024 12:00:17,S09,20240301
S09/20240301/00017,6,TENDER,1,5519.33,TENDER,01-03-2024 12:00:17,S09,20240301
S09/20240301/00018,1,P106776,4,404.48,SALE,01-03-2024 17:32:36,S09,20240301
S09/20240301/00018,2,P100771,2,703.95,SALE,01-03-2024 17:32:36,S09,20240301
S09/20240301/00018,3,P107149,2,141.95,SALE,01-03-2024 17:32:36,S09,20240301
S09/20240301/00018,4,P106405,2,39.79,SALE,01-03-2024 17:32:36,S09,20240301
S09/20240301/00018,5,P102794,2,416.24,SALE,01-03-2024 17:32:36,S09,20240301
S09/20240301/00018,6,P108060,2,217.09,SALE,01-03-2024 17:32:36,S09,20240301
S09/20240301/00018,7,P104600,2,48.49,SALE,01-03-2024 17:32:36,S09,20240301
S09/20240301/00018,8,P106776,-4,404.48,VOID,01-03-2024 17:32:36,S09,20240301
S09/20240301/00018,9,P100771,-2,703.95,VOID,01-03-2024 17:32:36,S09,20240301
S09/20240301/00018,10,P107149,-2,141.95,VOID,01-03-2024 17:32:36,S09,20240301
S09/20240301/00018,11,P106405,-2,39.79,VOID,01-03-2024 17:32:36,S09,20240301
S09/20240301/00018,12,P102794,-2,416.24,VOID,01-03-2024 17:32:36,S09,20240301
S09/20240301/00018,13,P108060,-2,217.09,VOID,01-03-2024 17:32:36,S09,20240301
S09/20240301/00018,14,P104600,-2,48.49,VOID,01-03-2024 17:32:36,S09,20240301
S09/20240301/00018,15,TAX,1,0.00,TAX,01-03-2024 17:32:36,S09,20240301
S09/20240301/00018,16,TENDER,1,0.00,TENDER,01-03-2024 17:32:36,S09,20240301
S09/20240301/00019,1,P103397,1,371.02,SALE,01-03-2024 12:09:22,S09,20240301
S09/20240301/00019,2,P106336,2,456.47,SALE,01-03-2024 12:09:22,S09,20240301
S09/20240301/00019,3,P105918,1,315.80,SALE,01-03-2024 12:09:22,S09,20240301
S09/20240301/00019,4,P106927,2,140.95,SALE,01-03-2024 12:09:22,S09,20240301
S09/20240301/00019,5,P101656,1,262.95,SALE,01-03-2024 12:09:22,S09,20240301
S09/20240301/00019,6,P101648,3,334.22,SALE,01-03-2024 12:09:22,S09,20240301
S09/20240301/00019,7,TAX,1,316.96,TAX,01-03-2024 12:09:22,S09,20240301
S09/20240301/00019,8,TENDER,1,3464.23,TENDER,01-03-2024 12:09:22,S09,20240301
S09/20240301/00020,1,P104107,1,475.22,SALE,01-03-2024 16:22:21,S09,20240301
S09/20240301/00020,2,P104410,2,418.95,SALE,01-03-2024 16:22:21,S09,20240301
S09/20240301/00020,3,P103693,3,97.06,SALE,01-03-2024 16:22:21,S09,20240301
S09/20240301/00020,4,TAX,1,236.36,TAX,01-03-2024 16:22:21,S09,20240301
S09/20240301/00020,5,TENDER,1,1840.66,TENDER,01-03-2024 16:22:21,S09,20240301
S09/20240301/00021,1,P102485,2,202.08,SALE,01-03-2024 17:05:46,S09,20240301
S09/20240301/00021,2,P103843,4,636.12,SALE,01-03-2024 17:05:46,S09,20240301
S09/20240301/00021,3,P106123,1,244.95,SALE,01-03-2024 17:05:46,S09,20240301
S09/20240301/00021,4,TAX,1,478.21,TAX,01-03-2024 17:05:46,S09,20240301
S09/20240301/00021,5,TENDER,1,3671.80,TENDER,01-03-2024 17:05:46,S09,20240301
S09/20240302/00001,1,P105923,1,242.95,SALE,02-03-2024 21:27:46,S09,20240302
S09/20240302/00001,2,P108397,1,286.03,SALE,02-03-2024 21:27:46,S09,20240302
S09/20240302/00001,3,P107208,2,302.95,SALE,02-03-2024 21:27:46,S09,20240302
S09/20240302/00001,4,P108050,1,1178.10,SALE,02-03-2024 21:27:46,S09,20240302
S09/20240302/00001,5,P100172,4,171.71,SALE,02-03-2024 21:27:46,S09,20240302
S09/20240302/00001,6,P107973,3,259.59,SALE,02-03-2024 21:27:46,S09,20240302
S09/20240302/00001,7,P102471,3,137.95,SALE,02-03-2024 21:27:46,S09,20240302
S09/20240302/00001,8,P102112,2,389.72,SALE,02-03-2024 21:27:46,S09,20240302
S09/20240302/00001,9,P103719,2,957.52,SALE,02-03-2024 21:27:46,S09,20240302
S09/20240302/00001,10,TAX,1,606.78,TAX,02-03-2024 21:27:46,S09,20240302
S09/20240302/00001,11,TENDER,1,7493.70,TENDER,02-03-2024 21:27:46,S09,20240302
S09/20240302/00002,1,P107226,2,86.90,SALE,02-03-2024 17:48:47,S09,20240302
S09/20240302/00002,2,P101810,2,757.60,SALE,02-03-2024 17:48:47,S09,20240302
S09/20240302/00002,3,P105450,2,252.15,SALE,02-03-2024 17:48:47,S09,20240302
S09/20240302/00002,4,P104670,2,106.95,SALE,02-03-2024 17:48:47,S09,20240302
S09/20240302/00002,5,P102913,1,347.82,SALE,02-03-2024 17:48:47,S09,20240302
S09/20240302/00002,6,P106473,2,296.95,SALE,02-03-2024 17:48:47,S09,20240302
S09/20240302/00002,7,TAX,1,400.25,TAX,02-03-2024 17:48:47,S09,20240302
S09/20240302/00002,8,TENDER,1,3749.17,TENDER,02-03-2024 17:48:47,S09,20240302
S09/20240302/00003,1,P100095,1,92.95,SALE,02-03-2024 10:18:57,S09,20240302
S09/20240302/00003,2,P100112,1,91.95,SALE,02-03-2024 10:18:57,S09,20240302
S09/20240302/00003,3,P102857,1,114.95,SALE,02-03-2024 10:18:57,S09,20240302
S09/20240302/00003,4,P103465,1,27.30,SALE,02-03-2024 10:18:57,S09,20240302
S09/20240302/00003,5,TAX,1,46.80,TAX,02-03-2024 10:18:57,S09,20240302
S09/20240302/00003,6,TENDER,1,373.95,TENDER,02-03-2024 10:18:57,S09,20240302
S09/20240302/00004,1,P107605,1,1290.76,SALE,02-03-2024 19:15:53,S09,20240302
S09/20240302/00004,2,P103178,1,21.49,SALE,02-03-2024 19:15:53,S09,20240302
S09/20240302/00004,3,P102445,1,28.95,SALE,02-03-2024 19:15:53,S09,20240302
S09/20240302/00004,4,P104541,2,144.95,SALE,02-03-2024 19:15:53,S09,20240302
S09/20240302/00004,5,P104160,1,258.63,SALE,02-03-2024 19:15:53,S09,20240302
S09/20240302/00004,6,P104898,1,161.27,SALE,02-03-2024 19:15:53,S09,20240302
S09/20240302/00004,7,P108076,1,145.31,SALE,02-03-2024 19:15:53,S09,20240302
S09/20240302/00004,8,P100210,2,1073.90,SALE,02-03-2024 19:15:53,S09,20240302
S09/20240302/00004,9,TAX,1,470.42,TAX,02-03-2024 19:15:53,S09,20240302
S09/20240302/00004,10,TENDER,1,4814.53,TENDER,02-03-2024 19:15:53,S09,20240302
S09/20240302/00005,1,P107018,3,179.95,SALE,02-03-2024 14:13:36,S09,20240302
S09/20240302/00005,2,P101305,4,119.82,SALE,02-03-2024 14:13:36,S09,20240302
S09/20240302/00005,3,P103668,2,1416.40,SALE,02-03-2024 14:13:36,S09,20240302
S09/20240302/00005,4,P106720,2,126.28,SALE,02-03-2024 14:13:36,S09,20240302
S09/20240302/00005,5,P101177,3,143.95,SALE,02-03-2024 14:13:36,S09,20240302
S09/20240302/00005,6,P107094,1,87.94,SALE,02-03-2024 14:13:36,S09,20240302
S09/20240302/00005,7,TAX,1,337.79,TAX,02-03-2024 14:13:36,S09,20240302
S09/20240302/00005,8,TENDER,1,4962.07,TENDER,02-03-2024 14:13:36,S09,20240302
S09/20240302/00006,1,P100869,2,56.95,SALE,02-03-2024 18:25:07,S09,20240302
S09/20240302/00006,2,P107472,4,60.81,SALE,02-03-2024 18:25:07,S09,20240302
S09/20240302/00006,3,P104462,1,86.38,SALE,02-03-2024 18:25:07,S09,20240302
S09/20240302/00006,4,P108097,2,84.95,SALE,02-03-2024 18:25:07,S09,20240302
S09/20240302/00006,5,DISC,1,-61.45,DISCOUNT,02-03-2024 18:25:07,S09,20240302
S09/20240302/00006,6,TAX,1,45.47,TAX,02-03-2024 18:25:07,S09,20240302
S09/20240302/00006,7,TENDER,1,597.44,TENDER,02-03-2024 18:25:07,S09,20240302
S09/20240302/00007,1,P103712,4,481.86,SALE,02-03-2024 12:38:37,S09,20240302
S09/20240302/00007,2,P105908,1,638.48,SALE,02-03-2024 12:38:37,S09,20240302
S09/20240302/00007,3,P105069,3,162.60,SALE,02-03-2024 12:38:37,S09,20240302
S09/20240302/00007,4,P103188,2,29.57,SALE,02-03-2024 12:38:37,S09,20240302
S09/20240302/00007,5,P102931,3,737.59,SALE,02-03-2024 12:38:37,S09,20240302
S09/20240302/00007,6,TAX,1,472.30,TAX,02-03-2024 12:38:37,S09,20240302
S09/20240302/00007,7,TENDER,1,5797.93,TENDER,02-03-2024 12:38:37,S09,20240302
S09/20240302/00008,1,P103340,2,466.84,SALE,02-03-2024 18:29:09,S09,20240302
S09/20240302/00008,2,TAX,1,168.06,TAX,02-03-2024 18:29:09,S09,20240302
S09/20240302/00008,3,TENDER,1,1101.74,TENDER,02-03-2024 18:29:09,S09,20240302
S09/20240302/00009,1,P101762,2,529.95,SALE,02-03-2024 13:52:12,S09,20240302
S09/20240302/00009,2,P102114,2,128.95,SALE,02-03-2024 13:52:12,S09,20240302
S09/20240302/00009,3,P101813,3,237.06,SALE,02-03-2024 13:52:12,S09,20240302
S09/20240302/00009,4,P100810,1,200.65,SALE,02-03-2024 13:52:12,S09,20240302
S09/20240302/00009,5,DISC,1,-135.18,DISCOUNT,02-03-2024 13:52:12,S09,20240302
S09/20240302/00009,6,TAX,1,141.01,TAX,02-03-2024 13:52:12,S09,20240302
S09/20240302/00009,7,TENDER,1,2235.46,TENDER,02-03-2024 13:52:12,S09,20240302
S09/20240302/00010,1,P104487,1,359.81,SALE,02-03-2024 23:30:21,S09,20240302
S09/20240302/00010,2,P102023,1,425.67,SALE,02-03-2024 23:30:21,S09,20240302
S09/20240302/00010,3,P102656,2,176.92,SALE,02-03-2024 23:30:21,S09,20240302
S09/20240302/00010,4,P105384,2,300.95,SALE,02-03-2024 23:30:21,S09,20240302
S09/20240302/00010,5,P100019,2,62.95,SALE,02-03-2024 23:30:21,S09,20240302
S09/20240302/00010,6,P103822,2,512.89,SALE,02-03-2024 23:30:21,S09,20240302
S09/20240302/00010,7,P106239,1,803.36,SALE,02-03-2024 23:30:21,S09,20240302
S09/20240302/00010,8,TAX,1,391.48,TAX,02-03-2024 23:30:21,S09,20240302
S09/20240302/00010,9,TENDER,1,4087.74,TENDER,02-03-2024 23:30:21,S09,20240302
S09/20240302/00011,1,P104133,2,248.31,SALE,02-03-2024 11:56:48,S09,20240302
S09/20240302/00011,2,P104811,4,120.79,SALE,02-03-2024 11:56:48,S09,20240302
S09/20240302/00011,3,P105209,2,367.95,SALE,02-03-2024 11:56:48,S09,20240302
S09/20240302/00011,4,P103833,2,1136.81,SALE,02-03-2024 11:56:48,S09,20240302
S09/20240302/00011,5,P106115,3,128.36,SALE,02-03-2024 11:56:48,S09,20240302
S09/20240302/00011,6,P101543,1,178.10,SALE,02-03-2024 11:56:48,S09,20240302
S09/20240302/00011,7,P105860,2,141.88,SALE,02-03-2024 11:56:48,S09,20240302
S09/20240302/00011,8,TAX,1,434.48,TAX,02-03-2024 11:56:48,S09,20240302
S09/20240302/00011,9,TENDER,1,5270.72,TENDER,02-03-2024 11:56:48,S09,20240302
S09/20240302/00012,1,P101367,1,513.27,SALE,02-03-2024 20:27:33,S09,20240302
S09/20240302/00012,2,P101356,1,1054.95,SALE,02-03-2024 20:27:33,S09,20240302
S09/20240302/00012,3,TAX,1,145.14,TAX,02-03-2024 20:27:33,S09,20240302
S09/20240302/00012,4,TENDER,1,1713.36,TENDER,02-03-2024 20:27:33,S09,20240302
S09/20240302/00013,1,P100330,3,188.77,SALE,02-03-2024 13:07:22,S09,20240302
S09/20240302/00013,2,P103757,2,147.98,SALE,02-03-2024 13:07:22,S09,20240302
S09/20240302/00013,3,P102112,1,389.72,SALE,02-03-2024 13:07:22,S09,20240302
S09/20240302/00013,4,P100194,1,42.41,SALE,02-03-2024 13:07:22,S09,20240302
S09/20240302/00013,5,P105677,3,89.95,SALE,02-03-2024 13:07:22,S09,20240302
S09/20240302/00013,6,P102409,1,381.29,SALE,02-03-2024 13:07:22,S09,20240302
S09/20240302/00013,7,P103510,2,183.91,SALE,02-03-2024 13:07:22,S09,20240302
S09/20240302/00013,8,P104032,3,568.95,SALE,02-03-2024 13:07:22,S09,20240302
S09/20240302/00013,9,TAX,1,490.78,TAX,02-03-2024 13:07:22,S09,20240302
S09/20240302/00013,10,TENDER,1,4510.99,TENDER,02-03-2024 13:07:22,S09,20240302
S09/20240302/00014,1,P105356,2,221.75,SALE,02-03-2024 15:27:01,S09,20240302
S09/20240302/00014,2,P106686,1,275.45,SALE,02-03-2024 15:27:01,S09,20240302
S09/20240302/00014,3,P103606,2,178.05,SALE,02-03-2024 15:27:01,S09,20240302
S09/20240302/00014,4,P101263,2,561.95,SALE,02-03-2024 15:27:01,S09,20240302
S09/20240302/00014,5,P101393,1,32.95,SALE,02-03-2024 15:27:01,S09,20240302
S09/20240302/00014,6,TAX,1,257.70,TAX,02-03-2024 15:27:01,S09,20240302
S09/20240302/00014,7,TENDER,1,2489.60,TENDER,02-03-2024 15:27:01,S09,20240302
S09/20240302/00015,1,P104617,1,101.65,SALE,02-03-2024 20:53:17,S09,20240302
S09/20240302/00015,2,P104026,2,152.97,SALE,02-03-2024 20:53:17,S09,20240302
S09/20240302/00015,3,P100224,3,78.05,SALE,02-03-2024 20:53:17,S09,20240302
S09/20240302/00015,4,P102230,3,313.70,SALE,02-03-2024 20:53:17,S09,20240302
S09/20240302/00015,5,P105775,2,104.41,SALE,02-03-2024 20:53:17,S09,20240302
S09/20240302/00015,6,TAX,1,214.70,TAX,02-03-2024 20:53:17,S09,20240302
S09/20240302/00015,7,TENDER,1,2006.36,TENDER,02-03-2024 20:53:17,S09,20240302
S09/20240302/00016,1,P107393,2,413.95,SALE,02-03-2024 21:37:01,S09,20240302
S09/20240302/00016,2,P105209,1,367.95,SALE,02-03-2024 21:37:01,S09,20240302
S09/20240302/00016,3,TAX,1,165.58,TAX,02-03-2024 21:37:01,S09,20240302
S09/20240302/00016,4,TENDER,1,1361.43,TENDER,02-03-2024 21:37:01,S09,20240302
S09/20240302/00017,1,P107721,1,92.25,SALE,02-03-2024 19:19:22,S09,20240302
S09/20240302/00017,2,P103973,1,103.20,SALE,02-03-2024 19:19:22,S09,20240302
S09/20240302/00017,3,P105583,1,178.95,SALE,02-03-2024 19:19:22,S09,20240302
S09/20240302/00017,4,TAX,1,50.79,TAX,02-03-2024 19:19:22,S09,20240302
S09/20240302/00017,5,TENDER,1,425.19,TENDER,02-03-2024 19:19:22,S09,20240302
S09/20240302/00018,1,P100838,3,41.75,SALE,02-03-2024 16:16:44,S09,20240302
S09/20240302/00018,2,P107890,2,133.07,SALE,02-03-2024 16:16:44,S09,20240302
S09/20240302/00018,3,P103629,3,57.95,SALE,02-03-2024 16:16:44,S09,20240302
S09/20240302/00018,4,P102821,3,1356.95,SALE,02-03-2024 16:16:44,S09,20240302
S09/20240302/00018,5,P105677,1,89.95,SALE,02-03-2024 16:16:44,S09,20240302
S09/20240302/00018,6,P100268,2,197.00,SALE,02-03-2024 16:16:44,S09,20240302
S09/20240302/00018,7,TAX,1,86.75,TAX,02-03-2024 16:16:44,S09,20240302
S09/20240302/00018,8,TENDER,1,5206.79,TENDER,02-03-2024 16:16:44,S09,20240302
S09/20240302/00019,1,P103760,4,94.95,SALE,02-03-2024 20:23:17,S09,20240302
S09/20240302/00019,2,P105106,1,101.21,SALE,02-03-2024 20:23:17,S09,20240302
S09/20240302/00019,3,P103704,1,164.95,SALE,02-03-2024 20:23:17,S09,20240302
S09/20240302/00019,4,DISC,1,-49.90,DISCOUNT,02-03-2024 20:23:17,S09,20240302
S09/20240302/00019,5,TAX,1,107.29,TAX,02-03-2024 20:23:17,S09,20240302
S09/20240302/00019,6,TENDER,1,703.35,TENDER,02-03-2024 20:23:17,S09,20240302
S09/20240302/00020,1,P101876,2,71.32,SALE,02-03-2024 13:48:11,S09,20240302
S09/20240302/00020,2,P102006,1,1424.95,SALE,02-03-2024 13:48:11,S09,20240302
S09/20240302/00020,3,P102122,3,126.23,SALE,02-03-2024 13:48:11,S09,20240302
S09/20240302/00020,4,P107575,2,65.95,SALE,02-03-2024 13:48:11,S09,20240302
S09/20240302/00020,5,P101570,2,263.95,SALE,02-03-2024 13:48:11,S09,20240302
S09/20240302/00020,6,P105518,2,729.30,SALE,02-03-2024 13:48:11,S09,20240302
S09/20240302/00020,7,DISC,1,-453.11,DISCOUNT,02-03-2024 13:48:11,S09,20240302
S09/20240302/00020,8,TAX,1,356.47,TAX,02-03-2024 13:48:11,S09,20240302
S09/20240302/00020,9,TENDER,1,3968.04,TENDER,02-03-2024 13:48:11,S09,20240302
S09/20240302/00021,1,P108067,2,621.95,SALE,02-03-2024 19:59:48,S09,20240302
S09/20240302/00021,2,DISC,1,-66.84,DISCOUNT,02-03-2024 19:59:48,S09,20240302
S09/20240302/00021,3,TAX,1,0.00,TAX,02-03-2024 19:59:48,S09,20240302
S09/20240302/00021,4,TENDER,1,1177.06,TENDER,02-03-2024 19:59:48,S09,20240302
S09/20240302/00022,1,P102045,1,21.31,SALE,02-03-2024 14:18:21,S09,20240302
S09/20240302/00022,2,P105624,1,380.06,SALE,02-03-2024 14:18:21,S09,20240302
S09/20240302/00022,3,P106115,1,128.36,SALE,02-03-2024 14:18:21,S09,20240302
S09/20240302/00022,4,TAX,1,45.94,TAX,02-03-2024 14:18:21,S09,20240302
S09/20240302/00022,5,TENDER,1,575.67,TENDER,02-03-2024 14:18:21,S09,20240302
S09/20240302/00023,1,P100560,1,192.67,SALE,02-03-2024 19:47:12,S09,20240302
S09/20240302/00023,2,P104427,2,462.16,SALE,02-03-2024 19:47:12,S09,20240302
S09/20240302/00023,3,P102656,1,176.92,SALE,02-03-2024 19:47:12,S09,20240302
S09/20240302/00023,4,P106399,1,1107.95,SALE,02-03-2024 19:47:12,S09,20240302
S09/20240302/00023,5,P101023,2,193.95,SALE,02-03-2024 19:47:12,S09,20240302
S09/20240302/00023,6,P102909,2,48.95,SALE,02-03-2024 19:47:12,S09,20240302
S09/20240302/00023,7,P100511,2,407.54,SALE,02-03-2024 19:47:12,S09,20240302
S09/20240302/00023,8,P107282,1,1189.20,SALE,02-03-2024 19:47:12,S09,20240302
S09/20240302/00023,9,TAX,1,448.50,TAX,02-03-2024 19:47:12,S09,20240302
S09/20240302/00023,10,TENDER,1,5340.44,TENDER,02-03-2024 19:47:12,S09,20240302
S09/20240302/00024,1,P105713,2,327.34,SALE,02-03-2024 20:05:46,S09,20240302
S09/20240302/00024,2,P107848,2,267.41,SALE,02-03-2024 20:05:46,S09,20240302
S09/20240302/00024,3,P106277,3,395.95,SALE,02-03-2024 20:05:46,S09,20240302
S09/20240302/00024,4,P106611,2,341.44,SALE,02-03-2024 20:05:46,S09,20240302
S09/20240302/00024,5,TAX,1,200.81,TAX,02-03-2024 20:05:46,S09,20240302
S09/20240302/00024,6,TENDER,1,3261.04,TENDER,02-03-2024 20:05:46,S09,20240302
S09/20240302/00025,1,P104064,2,321.89,SALE,02-03-2024 12:16:58,S09,20240302
S09/20240302/00025,2,P105643,1,1294.23,SALE,02-03-2024 12:16:58,S09,20240302
S09/20240302/00025,3,P102129,1,252.76,SALE,02-03-2024 12:16:58,S09,20240302
S09/20240302/00025,4,TAX,1,89.89,TAX,02-03-2024 12:16:58,S09,20240302
S09/20240302/00025,5,TENDER,1,2280.66,TENDER,02-03-2024 12:16:58,S09,20240302
S09/20240302/00026,1,P100879,3,155.98,SALE,02-03-2024 13:20:10,S09,20240302
S09/20240302/00026,2,P103950,2,1095.36,SALE,02-03-2024 13:20:10,S09,20240302
S09/20240302/00026,3,TAX,1,109.54,TAX,02-03-2024 13:20:10,S09,20240302
S09/20240302/00026,4,TENDER,1,2768.20,TENDER,02-03-2024 13:20:10,S09,20240302
S09/20240302/00027,1,P107115,2,173.36,SALE,02-03-2024 19:58:15,S09,20240302
S09/20240302/00027,2,P100555,1,435.03,SALE,02-03-2024 19:58:15,S09,20240302
S09/20240302/00027,3,P100135,2,67.67,SALE,02-03-2024 19:58:15,S09,20240302
S09/20240302/00027,4,TAX,1,102.41,TAX,02-03-2024 19:58:15,S09,20240302
S09/20240302/00027,5,TENDER,1,1019.50,TENDER,02-03-2024 19:58:15,S09,20240302
S09/20240302/00028,1,P104593,2,867.34,SALE,02-03-2024 23:17:09,S09,20240302
S09/20240302/00028,2,P102821,4,1356.95,SALE,02-03-2024 23:17:09,S09,20240302
S09/20240302/00028,3,P107365,2,934.48,SALE,02-03-2024 23:17:09,S09,20240302
S09/20240302/00028,4,P104909,2,334.66,SALE,02-03-2024 23:17:09,S09,20240302
S09/20240302/00028,5,TAX,1,432.44,TAX,02-03-2024 23:17:09,S09,20240302
S09/20240302/00028,6,TENDER,1,10133.20,TENDER,02-03-2024 23:17:09,S09,20240302
S09/20240302/00029,1,P104756,2,368.45,SALE,02-03-2024 20:02:16,S09,20240302
S09/20240302/00029,2,P107488,1,303.21,SALE,02-03-2024 20:02:16,S09,20240302
S09/20240302/00029,3,P104454,2,47.84,SALE,02-03-2024 20:02:16,S09,20240302
S09/20240302/00029,4,P100959,2,280.97,SALE,02-03-2024 20:02:16,S09,20240302
S09/20240302/00029,5,P100519,2,365.61,SALE,02-03-2024 20:02:16,S09,20240302
S09/20240302/00029,6,TAX,1,336.69,TAX,02-03-2024 20:02:16,S09,20240302
S09/20240302/00029,7,TENDER,1,2765.64,TENDER,02-03-2024 20:02:16,S09,20240302
S09/20240302/00030,1,P103214,1,283.38,SALE,02-03-2024 14:59:33,S09,20240302
S09/20240302/00030,2,P105139,4,100.45,SALE,02-03-2024 14:59:33,S09,20240302
S09/20240302/00030,3,P100305,2,771.81,SALE,02-03-2024 14:59:33,S09,20240302
S09/20240302/00030,4,P107575,1,65.95,SALE,02-03-2024 14:59:33,S09,20240302
S09/20240302/00030,5,P103124,5,478.95,SALE,02-03-2024 14:59:33,S09,20240302
S09/20240302/00030,6,TAX,1,493.44,TAX,02-03-2024 14:59:33,S09,20240302
S09/20240302/00030,7,TENDER,1,5182.94,TENDER,02-03-2024 14:59:33,S09,20240302
S09/20240302/00031,1,P103435,1,434.83,SALE,02-03-2024 19:00:23,S09,20240302
S09/20240302/00031,2,P105400,2,48.10,SALE,02-03-2024 19:00:23,S09,20240302
S09/20240302/00031,3,P108149,1,985.90,SALE,02-03-2024 19:00:23,S09,20240302
S09/20240302/00031,4,TAX,1,95.59,TAX,02-03-2024 19:00:23,S09,20240302
S09/20240302/00031,5,TENDER,1,1612.52,TENDER,02-03-2024 19:00:23,S09,20240302
S09/20240302/00032,1,P107292,2,324.95,SALE,02-03-2024 11:33:42,S09,20240302
S09/20240302/00032,2,P107393,2,413.95,SALE,02-03-2024 11:33:42,S09,20240302
S09/20240302/00032,3,TAX,1,177.34,TAX,02-03-2024 11:33:42,S09,20240302
S09/20240302/00032,4,TENDER,1,1655.14,TENDER,02-03-2024 11:33:42,S09,20240302
S09/20240302/00033,1,P102531,2,148.36,SALE,02-03-2024 17:19:38,S09,20240302
S09/20240302/00033,2,P104921,5,398.95,SALE,02-03-2024 17:19:38,S09,20240302
S09/20240302/00033,3,P103118,2,40.95,SALE,02-03-2024 17:19:38,S09,20240302
S09/20240302/00033,4,P100428,5,122.83,SALE,02-03-2024 17:19:38,S09,20240302
S09/20240302/00033,5,TAX,1,398.76,TAX,02-03-2024 17:19:38,S09,20240302
S09/20240302/00033,6,TENDER,1,3386.28,TENDER,02-03-2024 17:19:38,S09,20240302
S09/20240302/00034,1,P104081,3,586.63,SALE,02-03-2024 19:54:49,S09,20240302
S09/20240302/00034,2,P100593,5,27.42,SALE,02-03-2024 19:54:49,S09,20240302
S09/20240302/00034,3,P106443,1,53.05,SALE,02-03-2024 19:54:49,S09,20240302
S09/20240302/00034,4,P107197,3,602.03,SALE,02-03-2024 19:54:49,S09,20240302
S09/20240302/00034,5,TAX,1,334.60,TAX,02-03-2024 19:54:49,S09,20240302
S09/20240302/00034,6,TENDER,1,4090.73,TENDER,02-03-2024 19:54:49,S09,20240302
S09/20240302/00035,1,P107094,1,87.94,SALE,02-03-2024 07:32:33,S09,20240302
S09/20240302/00035,2,P101547,3,57.95,SALE,02-03-2024 07:32:33,S09,20240302
S09/20240302/00035,3,P107952,4,1852.40,SALE,02-03-2024 07:32:33,S09,20240302
S09/20240302/00035,4,DISC,1,-258.17,DISCOUNT,02-03-2024 07:32:33,S09,20240302
S09/20240302/00035,5,TAX,1,23.70,TAX,02-03-2024 07:32:33,S09,20240302
S09/20240302/00035,6,TENDER,1,7436.92,TENDER,02-03-2024 07:32:33,S09,20240302
S09/20240302/00036,1,P104294,1,115.73,SALE,02-03-2024 15:05:27,S09,20240302
S09/20240302/00036,2,P103855,1,276.95,SALE,02-03-2024 15:05:27,S09,20240302
S09/20240302/00036,3,P101603,4,887.87,SALE,02-03-2024 15:05:27,S09,20240302
S09/20240302/00036,4,P102664,1,256.95,SALE,02-03-2024 15:05:27,S09,20240302
S09/20240302/00036,5,P101720,1,43.95,SALE,02-03-2024 15:05:27,S09,20240302
S09/20240302/00036,6,P107542,1,162.57,SALE,02-03-2024 15:05:27,S09,20240302
S09/20240302/00036,7,TAX,1,538.36,TAX,02-03-2024 15:05:27,S09,20240302
S09/20240302/00036,8,TENDER,1,4945.99,TENDER,02-03-2024 15:05:27,S09,20240302
S09/20240302/00037,1,P105609,2,817.71,SALE,02-03-2024 18:41:58,S09,20240302
S09/20240302/00037,2,P103542,3,398.89,SALE,02-03-2024 18:41:58,S09,20240302
S09/20240302/00037,3,P105733,1,135.79,SALE,02-03-2024 18:41:58,S09,20240302
S09/20240302/00037,4,P103319,2,330.84,SALE,02-03-2024 18:41:58,S09,20240302
S09/20240302/00037,5,P102903,1,51.46,SALE,02-03-2024 18:41:58,S09,20240302
S09/20240302/00037,6,TAX,1,210.39,TAX,02-03-2024 18:41:58,S09,20240302
S09/20240302/00037,7,TENDER,1,3891.41,TENDER,02-03-2024 18:41:58,S09,20240302
S09/20240302/00038,1,P102674,1,450.95,SALE,02-03-2024 15:56:59,S09,20240302
S09/20240302/00038,2,P102290,1,547.95,SALE,02-03-2024 15:56:59,S09,20240302
S09/20240302/00038,3,P100339,2,278.86,SALE,02-03-2024 15:56:59,S09,20240302
S09/20240302/00038,4,TAX,1,247.31,TAX,02-03-2024 15:56:59,S09,20240302
S09/20240302/00038,5,TENDER,1,1803.93,TENDER,02-03-2024 15:56:59,S09,20240302
S09/20240302/00039,1,P102081,1,164.15,SALE,02-03-2024 18:43:54,S09,20240302
S09/20240302/00039,2,P105413,2,1243.79,SALE,02-03-2024 18:43:54,S09,20240302
S09/20240302/00039,3,DISC,1,-252.03,DISCOUNT,02-03-2024 18:43:54,S09,20240302
S09/20240302/00039,4,TAX,1,296.88,TAX,02-03-2024 18:43:54,S09,20240302
S09/20240302/00039,5,TENDER,1,2696.58,TENDER,02-03-2024 18:43:54,S09,20240302
S09/20240302/00040,1,P107952,1,1852.40,SALE,02-03-2024 17:18:20,S09,20240302
S09/20240302/00040,2,P102346,1,79.95,SALE,02-03-2024 17:18:20,S09,20240302
S09/20240302/00040,3,P101279,3,224.83,SALE,02-03-2024 17:18:20,S09,20240302
S09/20240302/00040,4,P101982,2,366.95,SALE,02-03-2024 17:18:20,S09,20240302
S09/20240302/00040,5,P102636,3,114.77,SALE,02-03-2024 17:18:20,S09,20240302
S09/20240302/00040,6,TAX,1,158.91,TAX,02-03-2024 17:18:20,S09,20240302
S09/20240302/00040,7,TENDER,1,3843.96,TENDER,02-03-2024 17:18:20,S09,20240302
S09/20240302/00041,1,P103552,5,120.81,SALE,02-03-2024 20:37:44,S09,20240302
S09/20240302/00041,2,P107488,4,303.21,SALE,02-03-2024 20:37:44,S09,20240302
S09/20240302/00041,3,P104909,1,334.66,SALE,02-03-2024 20:37:44,S09,20240302
S09/20240302/00041,4,P103004,2,78.61,SALE,02-03-2024 20:37:44,S09,20240302
S09/20240302/00041,5,P105860,1,141.88,SALE,02-03-2024 20:37:44,S09,20240302
S09/20240302/00041,6,P104485,3,582.09,SALE,02-03-2024 20:37:44,S09,20240302
S09/20240302/00041,7,P106566,2,210.17,SALE,02-03-2024 20:37:44,S09,20240302
S09/20240302/00041,8,P105288,1,250.09,SALE,02-03-2024 20:37:44,S09,20240302
S09/20240302/00041,9,TAX,1,511.39,TAX,02-03-2024 20:37:44,S09,20240302
S09/20240302/00041,10,TENDER,1,5378.74,TENDER,02-03-2024 20:37:44,S09,20240302
S09/20240302/00042,1,P106191,1,1230.97,SALE,02-03-2024 09:02:20,S09,20240302
S09/20240302/00042,2,P100810,1,200.65,SALE,02-03-2024 09:02:20,S09,20240302
S09/20240302/00042,3,P104625,3,220.95,SALE,02-03-2024 09:02:20,S09,20240302
S09/20240302/00042,4,TAX,1,10.03,TAX,02-03-2024 09:02:20,S09,20240302
S09/20240302/00042,5,TENDER,1,2104.50,TENDER,02-03-2024 09:02:20,S09,20240302
S09/20240302/00043,1,P101127,3,45.95,SALE,02-03-2024 16:37:57,S09,20240302
S09/20240302/00043,2,P106169,3,221.03,SALE,02-03-2024 16:37:57,S09,20240302
S09/20240302/00043,3,P102724,3,354.69,SALE,02-03-2024 16:37:57,S09,20240302
S09/20240302/00043,4,P105677,1,89.95,SALE,02-03-2024 16:37:57,S09,20240302
S09/20240302/00043,5,P100380,3,136.58,SALE,02-03-2024 16:37:57,S09,20240302
S09/20240302/00043,6,P100077,1,181.42,SALE,02-03-2024 16:37:57,S09,20240302
S09/20240302/00043,7,TAX,1,385.32,TAX,02-03-2024 16:37:57,S09,20240302
S09/20240302/00043,8,TENDER,1,2931.44,TENDER,02-03-2024 16:37:57,S09,20240302
S09/20240302/00044,1,P103958,2,30.95,SALE,02-03-2024 14:30:48,S09,20240302
S09/20240302/00044,2,P108326,2,439.67,SALE,02-03-2024 14:30:48,S09,20240302
S09/20240302/00044,3,P103406,1,1154.48,SALE,02-03-2024 14:30:48,S09,20240302
S09/20240302/00044,4,P106209,1,182.34,SALE,02-03-2024 14:30:48,S09,20240302
S09/20240302/00044,5,TAX,1,277.08,TAX,02-03-2024 14:30:48,S09,20240302
S09/20240302/00044,6,TENDER,1,2555.14,TENDER,02-03-2024 14:30:48,S09,20240302
S09/20240302/00045,1,P103908,1,104.62,SALE,02-03-2024 14:17:01,S09,20240302
S09/20240302/00045,2,P101669,1,45.80,SALE,02-03-2024 14:17:01,S09,20240302
S09/20240302/00045,3,P101558,5,40.77,SALE,02-03-2024 14:17:01,S09,20240302
S09/20240302/00045,4,P103328,1,236.27,SALE,02-03-2024 14:17:01,S09,20240302
S09/20240302/00045,5,P104800,1,692.51,SALE,02-03-2024 14:17:01,S09,20240302
S09/20240302/00045,6,TAX,1,177.17,TAX,02-03-2024 14:17:01,S09,20240302
S09/20240302/00045,7,TENDER,1,1460.22,TENDER,02-03-2024 14:17:01,S09,20240302
S09/20240302/00046,1,P102272,2,373.95,SALE,02-03-2024 14:07:51,S09,20240302
S09/20240302/00046,2,P101940,5,185.49,SALE,02-03-2024 14:07:51,S09,20240302
S09/20240302/00046,3,P103435,1,434.83,SALE,02-03-2024 14:07:51,S09,20240302
S09/20240302/00046,4,P107822,1,68.95,SALE,02-03-2024 14:07:51,S09,20240302
S09/20240302/00046,5,TAX,1,291.72,TAX,02-03-2024 14:07:51,S09,20240302
S09/20240302/00046,6,TENDER,1,2470.85,TENDER,02-03-2024 14:07:51,S09,20240302
S09/20240302/00047,1,P101899,2,345.29,SALE,02-03-2024 16:05:35,S09,20240302
S09/20240302/00047,2,P100784,1,210.00,SALE,02-03-2024 16:05:35,S09,20240302
S09/20240302/00047,3,P102640,2,241.34,SALE,02-03-2024 16:05:35,S09,20240302
S09/20240302/00047,4,P108292,2,104.02,SALE,02-03-2024 16:05:35,S09,20240302
S09/20240302/00047,5,P105100,1,276.61,SALE,02-03-2024 16:05:35,S09,20240302
S09/20240302/00047,6,DISC,1,-156.42,DISCOUNT,02-03-2024 16:05:35,S09,20240302
S09/20240302/00047,7,TAX,1,273.76,TAX,02-03-2024 16:05:35,S09,20240302
S09/20240302/00047,8,TENDER,1,1985.25,TENDER,02-03-2024 16:05:35,S09,20240302
S09/20240303/00001,1,P103950,2,1007.73,SALE,03-03-2024 18:54:38,S09,20240303
S09/20240303/00001,2,P108125,1,129.06,SALE,03-03-2024 18:54:38,S09,20240303
S09/20240303/00001,3,P107056,2,341.76,SALE,03-03-2024 18:54:38,S09,20240303
S09/20240303/00001,4,TAX,1,223.81,TAX,03-03-2024 18:54:38,S09,20240303
S09/20240303/00001,5,TENDER,1,3051.85,TENDER,03-03-2024 18:54:38,S09,20240303
S09/20240303/00002,1,P104625,2,220.95,SALE,03-03-2024 13:59:47,S09,20240303
S09/20240303/00002,2,P100499,2,234.95,SALE,03-03-2024 13:59:47,S09,20240303
S09/20240303/00002,3,P106501,1,165.98,SALE,03-03-2024 13:59:47,S09,20240303
S09/20240303/00002,4,P102096,1,1101.93,SALE,03-03-2024 13:59:47,S09,20240303
S09/20240303/00002,5,P100276,3,937.37,SALE,03-03-2024 13:59:47,S09,20240303
S09/20240303/00002,6,P104658,4,73.05,SALE,03-03-2024 13:59:47,S09,20240303
S09/20240303/00002,7,P106004,2,137.38,SALE,03-03-2024 13:59:47,S09,20240303
S09/20240303/00002,8,TAX,1,387.45,TAX,03-03-2024 13:59:47,S09,20240303
S09/20240303/00002,9,TENDER,1,5946.23,TENDER,03-03-2024 13:59:47,S09,20240303
S09/20240303/00003,1,P101258,1,208.34,SALE,03-03-2024 17:08:19,S09,20240303
S09/20240303/00003,2,P108369,1,290.47,SALE,03-03-2024 17:08:19,S09,20240303
S09/20240303/00003,3,P106679,4,172.95,SALE,03-03-2024 17:08:19,S09,20240303
S09/20240303/00003,4,P100479,1,342.53,SALE,03-03-2024 17:08:19,S09,20240303
S09/20240303/00003,5,P106611,2,341.44,SALE,03-03-2024 17:08:19,S09,20240303
S09/20240303/00003,6,P103552,1,120.81,SALE,03-03-2024 17:08:19,S09,20240303
S09/20240303/00003,7,P100441,3,419.95,SALE,03-03-2024 17:08:19,S09,20240303
S09/20240303/00003,8,TAX,1,364.02,TAX,03-03-2024 17:08:19,S09,20240303
S09/20240303/00003,9,TENDER,1,3960.70,TENDER,03-03-2024 17:08:19,S09,20240303
S09/20240303/00004,1,P100194,1,42.41,SALE,03-03-2024 18:13:20,S09,20240303
S09/20240303/00004,2,P108397,1,286.03,SALE,03-03-2024 18:13:20,S09,20240303
S09/20240303/00004,3,P108221,4,51.41,SALE,03-03-2024 18:13:20,S09,20240303
S09/20240303/00004,4,P103668,2,1416.40,SALE,03-03-2024 18:13:20,S09,20240303
S09/20240303/00004,5,DISC,1,-145.10,DISCOUNT,03-03-2024 18:13:20,S09,20240303
S09/20240303/00004,6,TAX,1,211.11,TAX,03-03-2024 18:13:20,S09,20240303
S09/20240303/00004,7,TENDER,1,3432.89,TENDER,03-03-2024 18:13:20,S09,20240303
S09/20240303/00005,1,P101327,5,233.22,SALE,03-03-2024 13:10:01,S09,20240303
S09/20240303/00005,2,P103719,3,957.52,SALE,03-03-2024 13:10:01,S09,20240303
S09/20240303/00005,3,P104112,4,425.51,SALE,03-03-2024 13:10:01,S09,20240303
S09/20240303/00005,4,P105003,1,285.67,SALE,03-03-2024 13:10:01,S09,20240303
S09/20240303/00005,5,P102103,2,345.70,SALE,03-03-2024 13:10:01,S09,20240303
S09/20240303/00005,6,P103473,1,424.75,SALE,03-03-2024 13:10:01,S09,20240303
S09/20240303/00005,7,P103197,2,292.95,SALE,03-03-2024 13:10:01,S09,20240303
S09/20240303/00005,8,P106288,3,42.41,SALE,03-03-2024 13:10:01,S09,20240303
S09/20240303/00005,9,TAX,1,1062.36,TAX,03-03-2024 13:10:01,S09,20240303
S09/20240303/00005,10,TENDER,1,8918.01,TENDER,03-03-2024 13:10:01,S09,20240303
S09/20240303/00006,1,P103090,2,805.95,SALE,03-03-2024 15:42:25,S09,20240303
S09/20240303/00006,2,P106611,3,341.44,SALE,03-03-2024 15:42:25,S09,20240303
S09/20240303/00006,3,P104898,1,161.27,SALE,03-03-2024 15:42:25,S09,20240303
S09/20240303/00006,4,P107226,1,86.90,SALE,03-03-2024 15:42:25,S09,20240303
S09/20240303/00006,5,P100005,2,103.45,SALE,03-03-2024 15:42:25,S09,20240303
S09/20240303/00006,6,P100156,2,1576.32,SALE,03-03-2024 15:42:25,S09,20240303
S09/20240303/00006,7,TAX,1,264.46,TAX,03-03-2024 15:42:25,S09,20240303
S09/20240303/00006,8,TENDER,1,6508.39,TENDER,03-03-2024 15:42:25,S09,20240303
S09/20240303/00007,1,P104497,2,212.37,SALE,03-03-2024 21:54:09,S09,20240303
S09/20240303/00007,2,P107149,2,141.95,SALE,03-03-2024 21:54:09,S09,20240303
S09/20240303/00007,3,P102636,1,114.77,SALE,03-03-2024 21:54:09,S09,20240303
S09/20240303/00007,4,P100985,1,252.81,SALE,03-03-2024 21:54:09,S09,20240303
S09/20240303/00007,5,P105356,3,221.75,SALE,03-03-2024 21:54:09,S09,20240303
S09/20240303/00007,6,TAX,1,156.85,TAX,03-03-2024 21:54:09,S09,20240303
S09/20240303/00007,7,TENDER,1,1898.32,TENDER,03-03-2024 21:54:09,S09,20240303
S09/20240303/00008,1,P108262,2,601.82,SALE,03-03-2024 18:52:55,S09,20240303
S09/20240303/00008,2,P104909,1,334.66,SALE,03-03-2024 18:52:55,S09,20240303
S09/20240303/00008,3,P104883,1,342.92,SALE,03-03-2024 18:52:55,S09,20240303
S09/20240303/00008,4,P107488,2,303.21,SALE,03-03-2024 18:52:55,S09,20240303
S09/20240303/00008,5,P106501,1,165.98,SALE,03-03-2024 18:52:55,S09,20240303
S09/20240303/00008,6,P103118,3,40.95,SALE,03-03-2024 18:52:55,S09,20240303
S09/20240303/00008,7,DISC,1,-299.94,DISCOUNT,03-03-2024 18:52:55,S09,20240303
S09/20240303/00008,8,TAX,1,338.04,TAX,03-03-2024 18:52:55,S09,20240303
S09/20240303/00008,9,TENDER,1,2814.57,TENDER,03-03-2024 18:52:55,S09,20240303
S09/20240303/00009,1,P102311,-4,284.95,RETURN,03-03-2024 13:02:59,S09,20240303
S09/20240303/00009,2,P100693,-2,99.05,RETURN,03-03-2024 13:02:59,S09,20240303
S09/20240303/00009,3,P108067,-3,621.95,RETURN,03-03-2024 13:02:59,S09,20240303
S09/20240303/00009,4,P102947,-2,59.21,RETURN,03-03-2024 13:02:59,S09,20240303
S09/20240303/00009,5,TAX,1,-92.65,TAX,03-03-2024 13:02:59,S09,20240303
S09/20240303/00009,6,TENDER,1,-3414.82,TENDER,03-03-2024 13:02:59,S09,20240303
S09/20240303/00010,1,P107880,2,307.95,SALE,03-03-2024 10:37:56,S09,20240303
S09/20240303/00010,2,P107502,3,296.43,SALE,03-03-2024 10:37:56,S09,20240303
S09/20240303/00010,3,P104026,1,152.97,SALE,03-03-2024 10:37:56,S09,20240303
S09/20240303/00010,4,P106207,1,459.95,SALE,03-03-2024 10:37:56,S09,20240303
S09/20240303/00010,5,P104938,4,999.94,SALE,03-03-2024 10:37:56,S09,20240303
S09/20240303/00010,6,P100649,2,592.52,SALE,03-03-2024 10:37:56,S09,20240303
S09/20240303/00010,7,P106648,3,330.96,SALE,03-03-2024 10:37:56,S09,20240303
S09/20240303/00010,8,TAX,1,870.17,TAX,03-03-2024 10:37:56,S09,20240303
S09/20240303/00010,9,TENDER,1,9165.96,TENDER,03-03-2024 10:37:56,S09,20240303
S09/20240303/00011,1,P101732,2,1250.95,SALE,03-03-2024 13:07:35,S09,20240303
S09/20240303/00011,2,P104676,3,81.62,SALE,03-03-2024 13:07:35,S09,20240303
S09/20240303/00011,3,P108302,1,855.55,SALE,03-03-2024 13:07:35,S09,20240303
S09/20240303/00011,4,P105139,3,100.45,SALE,03-03-2024 13:07:35,S09,20240303
S09/20240303/00011,5,TAX,1,423.24,TAX,03-03-2024 13:07:35,S09,20240303
S09/20240303/00011,6,TENDER,1,4326.90,TENDER,03-03-2024 13:07:35,S09,20240303
S09/20240303/00012,1,P100456,4,982.47,SALE,03-03-2024 15:23:11,S09,20240303
S09/20240303/00012,2,P107863,1,489.79,SALE,03-03-2024 15:23:11,S09,20240303
S09/20240303/00012,3,TAX,1,284.66,TAX,03-03-2024 15:23:11,S09,20240303
S09/20240303/00012,4,TENDER,1,4704.33,TENDER,03-03-2024 15:23:11,S09,20240303
S09/20240303/00013,1,P103319,2,330.84,SALE,03-03-2024 19:50:49,S09,20240303
S09/20240303/00013,2,P103661,1,118.10,SALE,03-03-2024 19:50:49,S09,20240303
S09/20240303/00013,3,P103012,2,266.62,SALE,03-03-2024 19:50:49,S09,20240303
S09/20240303/00013,4,P108369,2,290.47,SALE,03-03-2024 19:50:49,S09,20240303
S09/20240303/00013,5,TAX,1,222.90,TAX,03-03-2024 19:50:49,S09,20240303
S09/20240303/00013,6,TENDER,1,2116.86,TENDER,03-03-2024 19:50:49,S09,20240303
S09/20240303/00014,1,P106718,2,448.91,SALE,03-03-2024 14:44:20,S09,20240303
S09/20240303/00014,2,P107815,2,101.23,SALE,03-03-2024 14:44:20,S09,20240303
S09/20240303/00014,3,P106534,1,78.95,SALE,03-03-2024 14:44:20,S09,20240303
S09/20240303/00014,4,P100463,1,281.78,SALE,03-03-2024 14:44:20,S09,20240303
S09/20240303/00014,5,P107526,2,42.95,SALE,03-03-2024 14:44:20,S09,20240303
S09/20240303/00014,6,TAX,1,249.39,TAX,03-03-2024 14:44:20,S09,20240303
S09/20240303/00014,7,TENDER,1,1796.30,TENDER,03-03-2024 14:44:20,S09,20240303
S09/20240303/00015,1,P102067,3,151.39,SALE,03-03-2024 16:19:36,S09,20240303
S09/20240303/00015,2,P101052,2,198.99,SALE,03-03-2024 16:19:36,S09,20240303
S09/20240303/00015,3,P103074,3,52.85,SALE,03-03-2024 16:19:36,S09,20240303
S09/20240303/00015,4,P102389,2,73.62,SALE,03-03-2024 16:19:36,S09,20240303
S09/20240303/00015,5,P106015,2,147.48,SALE,03-03-2024 16:19:36,S09,20240303
S09/20240303/00015,6,TAX,1,184.78,TAX,03-03-2024 16:19:36,S09,20240303
S09/20240303/00015,7,TENDER,1,1637.68,TENDER,03-03-2024 16:19:36,S09,20240303
S09/20240303/00016,1,P102305,1,116.95,SALE,03-03-2024 18:34:03,S09,20240303
S09/20240303/00016,2,P102656,2,176.92,SALE,03-03-2024 18:34:03,S09,20240303
S09/20240303/00016,3,P105035,1,158.77,SALE,03-03-2024 18:34:03,S09,20240303
S09/20240303/00016,4,P106720,2,126.28,SALE,03-03-2024 18:34:03,S09,20240303
S09/20240303/00016,5,P103785,3,491.90,SALE,03-03-2024 18:34:03,S09,20240303
S09/20240303/00016,6,P107463,1,177.06,SALE,03-03-2024 18:34:03,S09,20240303
S09/20240303/00016,7,P108179,1,284.95,SALE,03-03-2024 18:34:03,S09,20240303
S09/20240303/00016,8,TAX,1,320.34,TAX,03-03-2024 18:34:03,S09,20240303
S09/20240303/00016,9,TENDER,1,3140.17,TENDER,03-03-2024 18:34:03,S09,20240303
S09/20240303/00017,1,P107063,1,374.87,SALE,03-03-2024 15:10:25,S09,20240303
S09/20240303/00017,2,P104533,2,256.47,SALE,03-03-2024 15:10:25,S09,20240303
S09/20240303/00017,3,P106426,3,158.86,SALE,03-03-2024 15:10:25,S09,20240303
S09/20240303/00017,4,P100781,1,611.95,SALE,03-03-2024 15:10:25,S09,20240303
S09/20240303/00017,5,P107654,4,363.70,SALE,03-03-2024 15:10:25,S09,20240303
S09/20240303/00017,6,TAX,1,441.14,TAX,03-03-2024 15:10:25,S09,20240303
S09/20240303/00017,7,TENDER,1,3872.28,TENDER,03-03-2024 15:10:25,S09,20240303
S09/20240303/00018,1,P101356,1,1054.95,SALE,03-03-2024 16:26:51,S09,20240303
S09/20240303/00018,2,P107721,3,92.25,SALE,03-03-2024 16:26:51,S09,20240303
S09/20240303/00018,3,P106330,1,177.64,SALE,03-03-2024 16:26:51,S09,20240303
S09/20240303/00018,4,P108346,2,478.23,SALE,03-03-2024 16:26:51,S09,20240303
S09/20240303/00018,5,TAX,1,132.55,TAX,03-03-2024 16:26:51,S09,20240303
S09/20240303/00018,6,TENDER,1,2598.35,TENDER,03-03-2024 16:26:51,S09,20240303
S09/20240303/00019,1,P101272,4,87.22,SALE,03-03-2024 15:50:13,S09,20240303
S09/20240303/00019,2,P103389,2,251.95,SALE,03-03-2024 15:50:13,S09,20240303
S09/20240303/00019,3,P105624,2,380.06,SALE,03-03-2024 15:50:13,S09,20240303
S09/20240303/00019,4,P101884,2,352.98,SALE,03-03-2024 15:50:13,S09,20240303
S09/20240303/00019,5,P106200,3,117.95,SALE,03-03-2024 15:50:13,S09,20240303
S09/20240303/00019,6,TAX,1,273.33,TAX,03-03-2024 15:50:13,S09,20240303
S09/20240303/00019,7,TENDER,1,2946.04,TENDER,03-03-2024 15:50:13,S09,20240303
S09/20240303/00020,1,P102280,1,561.95,SALE,03-03-2024 13:56:02,S09,20240303
S09/20240303/00020,2,P105636,2,526.95,SALE,03-03-2024 13:56:02,S09,20240303
S09/20240303/00020,3,P101789,3,336.02,SALE,03-03-2024 13:56:02,S09,20240303
S09/20240303/00020,4,TAX,1,151.55,TAX,03-03-2024 13:56:02,S09,20240303
S09/20240303/00020,5,TENDER,1,2775.46,TENDER,03-03-2024 13:56:02,S09,20240303
S09/20240303/00021,1,P105937,3,259.08,SALE,03-03-2024 11:45:53,S09,20240303
S09/20240303/00021,2,P104541,1,144.95,SALE,03-03-2024 11:45:53,S09,20240303
S09/20240303/00021,3,P104251,1,79.68,SALE,03-03-2024 11:45:53,S09,20240303
S09/20240303/00021,4,P108041,2,368.87,SALE,03-03-2024 11:45:53,S09,20240303
S09/20240303/00021,5,P107056,1,341.76,SALE,03-03-2024 11:45:53,S09,20240303
S09/20240303/00021,6,P100717,3,505.95,SALE,03-03-2024 11:45:53,S09,20240303
S09/20240303/00021,7,TAX,1,584.75,TAX,03-03-2024 11:45:53,S09,20240303
S09/20240303/00021,8,TENDER,1,4183.97,TENDER,03-03-2024 11:45:53,S09,20240303
S09/20240303/00022,1,P102184,2,327.95,SALE,03-03-2024 22:18:42,S09,20240303
S09/20240303/00022,2,P102436,1,264.60,SALE,03-03-2024 22:18:42,S09,20240303
S09/20240303/00022,3,DISC,1,-73.86,DISCOUNT,03-03-2024 22:18:42,S09,20240303
S09/20240303/00022,4,TAX,1,43.81,TAX,03-03-2024 22:18:42,S09,20240303
S09/20240303/00022,5,TENDER,1,890.45,TENDER,03-03-2024 22:18:42,S09,20240303
S09/20240303/00023,1,P107925,2,1023.82,SALE,03-03-2024 12:11:45,S09,20240303
S09/20240303/00023,2,P100394,1,320.36,SALE,03-03-2024 12:11:45,S09,20240303
S09/20240303/00023,3,P103273,1,313.55,SALE,03-03-2024 12:11:45,S09,20240303
S09/20240303/00023,4,P103234,3,121.56,SALE,03-03-2024 12:11:45,S09,20240303
S09/20240303/00023,5,P108247,1,242.95,SALE,03-03-2024 12:11:45,S09,20240303
S09/20240303/00023,6,TAX,1,287.82,TAX,03-03-2024 12:11:45,S09,20240303
S09/20240303/00023,7,TENDER,1,3577.00,TENDER,03-03-2024 12:11:45,S09,20240303
S09/20240303/00024,1,P104891,2,692.94,SALE,03-03-2024 15:43:37,S09,20240303
S09/20240303/00024,2,P106317,2,423.01,SALE,03-03-2024 15:43:37,S09,20240303
S09/20240303/00024,3,P102931,2,737.59,SALE,03-03-2024 15:43:37,S09,20240303
S09/20240303/00024,4,P100453,1,195.74,SALE,03-03-2024 15:43:37,S09,20240303
S09/20240303/00024,5,P102160,3,221.62,SALE,03-03-2024 15:43:37,S09,20240303
S09/20240303/00024,6,TAX,1,444.86,TAX,03-03-2024 15:43:37,S09,20240303
S09/20240303/00024,7,TENDER,1,5012.54,TENDER,03-03-2024 15:43:37,S09,20240303
S09/20240303/00025,1,P103973,1,103.20,SALE,03-03-2024 15:59:30,S09,20240303
S09/20240303/00025,2,P101356,2,1054.95,SALE,03-03-2024 15:59:30,S09,20240303
S09/20240303/00025,3,P107973,2,259.59,SALE,03-03-2024 15:59:30,S09,20240303
S09/20240303/00025,4,P103197,3,292.95,SALE,03-03-2024 15:59:30,S09,20240303
S09/20240303/00025,5,P106115,2,128.36,SALE,03-03-2024 15:59:30,S09,20240303
S09/20240303/00025,6,DISC,1,-443.94,DISCOUNT,03-03-2024 15:59:30,S09,20240303
S09/20240303/00025,7,TAX,1,267.07,TAX,03-03-2024 15:59:30,S09,20240303
S09/20240303/00025,8,TENDER,1,3690.98,TENDER,03-03-2024 15:59:30,S09,20240303
S09/20240303/00026,1,P103372,2,43.95,SALE,03-03-2024 14:33:19,S09,20240303
S09/20240303/00026,2,P102585,2,516.36,SALE,03-03-2024 14:33:19,S09,20240303
S09/20240303/00026,3,P100406,4,342.13,SALE,03-03-2024 14:33:19,S09,20240303
S09/20240303/00026,4,P104676,1,81.62,SALE,03-03-2024 14:33:19,S09,20240303
S09/20240303/00026,5,P106133,3,307.37,SALE,03-03-2024 14:33:19,S09,20240303
S09/20240303/00026,6,TAX,1,316.56,TAX,03-03-2024 14:33:19,S09,20240303
S09/20240303/00026,7,TENDER,1,3809.43,TENDER,03-03-2024 14:33:19,S09,20240303
S09/20240303/00027,1,P102236,2,933.52,SALE,03-03-2024 16:18:26,S09,20240303
S09/20240303/00027,2,P100899,1,131.46,SALE,03-03-2024 16:18:26,S09,20240303
S09/20240303/00027,3,P107933,2,1175.95,SALE,03-03-2024 16:18:26,S09,20240303
S09/20240303/00027,4,TAX,1,375.58,TAX,03-03-2024 16:18:26,S09,20240303
S09/20240303/00027,5,TENDER,1,4725.98,TENDER,03-03-2024 16:18:26,S09,20240303
S09/20240304/00001,1,P104320,1,128.95,SALE,04-03-2024 12:33:29,S09,20240304
S09/20240304/00001,2,P104965,2,88.45,SALE,04-03-2024 12:33:29,S09,20240304
S09/20240304/00001,3,P101810,2,757.60,SALE,04-03-2024 12:33:29,S09,20240304
S09/20240304/00001,4,P103538,1,265.96,SALE,04-03-2024 12:33:29,S09,20240304
S09/20240304/00001,5,P106651,1,855.95,SALE,04-03-2024 12:33:29,S09,20240304
S09/20240304/00001,6,P105155,2,317.12,SALE,04-03-2024 12:33:29,S09,20240304
S09/20240304/00001,7,TAX,1,235.68,TAX,04-03-2024 12:33:29,S09,20240304
S09/20240304/00001,8,TENDER,1,3812.88,TENDER,04-03-2024 12:33:29,S09,20240304
S09/20240304/00002,1,P104011,2,655.99,SALE,04-03-2024 17:03:38,S09,20240304
S09/20240304/00002,2,P107190,1,223.50,SALE,04-03-2024 17:03:38,S09,20240304
S09/20240304/00002,3,P101669,2,42.14,SALE,04-03-2024 17:03:38,S09,20240304
S09/20240304/00002,4,TAX,1,110.04,TAX,04-03-2024 17:03:38,S09,20240304
S09/20240304/00002,5,TENDER,1,1729.80,TENDER,04-03-2024 17:03:38,S09,20240304
S09/20240304/00003,1,P107266,2,69.30,SALE,04-03-2024 17:25:52,S09,20240304
S09/20240304/00003,2,P101961,2,679.58,SALE,04-03-2024 17:25:52,S09,20240304
S09/20240304/00003,3,P101283,2,263.48,SALE,04-03-2024 17:25:52,S09,20240304
S09/20240304/00003,4,TAX,1,346.43,TAX,04-03-2024 17:25:52,S09,20240304
S09/20240304/00003,5,TENDER,1,2371.15,TENDER,04-03-2024 17:25:52,S09,20240304
S09/20240304/00004,1,P103794,2,729.86,SALE,04-03-2024 13:12:00,S09,20240304
S09/20240304/00004,2,P102975,1,226.32,SALE,04-03-2024 13:12:00,S09,20240304
S09/20240304/00004,3,P102081,1,164.15,SALE,04-03-2024 13:12:00,S09,20240304
S09/20240304/00004,4,TAX,1,143.27,TAX,04-03-2024 13:12:00,S09,20240304
S09/20240304/00004,5,TENDER,1,1993.46,TENDER,04-03-2024 13:12:00,S09,20240304
S09/20240304/00005,1,P103577,3,99.48,SALE,04-03-2024 14:21:01,S09,20240304
S09/20240304/00005,2,TAX,1,35.81,TAX,04-03-2024 14:21:01,S09,20240304
S09/20240304/00005,3,TENDER,1,334.25,TENDER,04-03-2024 14:21:01,S09,20240304
S09/20240304/00006,1,P107264,2,181.93,SALE,04-03-2024 16:08:27,S09,20240304
S09/20240304/00006,2,P102998,1,137.95,SALE,04-03-2024 16:08:27,S09,20240304
S09/20240304/00006,3,P106239,3,803.36,SALE,04-03-2024 16:08:27,S09,20240304
S09/20240304/00006,4,P105230,2,107.33,SALE,04-03-2024 16:08:27,S09,20240304
S09/20240304/00006,5,P105453,3,393.95,SALE,04-03-2024 16:08:27,S09,20240304
S09/20240304/00006,6,P106512,1,418.86,SALE,04-03-2024 16:08:27,S09,20240304
S09/20240304/00006,7,TAX,1,404.21,TAX,04-03-2024 16:08:27,S09,20240304
S09/20240304/00006,8,TENDER,1,5131.47,TENDER,04-03-2024 16:08:27,S09,20240304
S09/20240304/00007,1,P104606,3,90.58,SALE,04-03-2024 09:12:17,S09,20240304
S09/20240304/00007,2,P101359,3,438.42,SALE,04-03-2024 09:12:17,S09,20240304
S09/20240304/00007,3,P106044,5,37.47,SALE,04-03-2024 09:12:17,S09,20240304
S09/20240304/00007,4,P101732,2,1250.95,SALE,04-03-2024 09:12:17,S09,20240304
S09/20240304/00007,5,P105720,2,67.32,SALE,04-03-2024 09:12:17,S09,20240304
S09/20240304/00007,6,TAX,1,603.31,TAX,04-03-2024 09:12:17,S09,20240304
S09/20240304/00007,7,TENDER,1,5014.20,TENDER,04-03-2024 09:12:17,S09,20240304
S09/20240304/00008,1,P105633,2,46.25,SALE,04-03-2024 18:35:28,S09,20240304
S09/20240304/00008,2,P107458,2,1239.88,SALE,04-03-2024 18:35:28,S09,20240304
S09/20240304/00008,3,P105017,2,193.22,SALE,04-03-2024 18:35:28,S09,20240304
S09/20240304/00008,4,P101660,2,193.14,SALE,04-03-2024 18:35:28,S09,20240304
S09/20240304/00008,5,TAX,1,93.50,TAX,04-03-2024 18:35:28,S09,20240304
S09/20240304/00008,6,TENDER,1,3438.48,TENDER,04-03-2024 18:35:28,S09,20240304
S09/20240304/00009,1,P105198,2,14.08,SALE,04-03-2024 17:40:46,S09,20240304
S09/20240304/00009,2,P103178,2,21.49,SALE,04-03-2024 17:40:46,S09,20240304
S09/20240304/00009,3,P103757,3,147.98,SALE,04-03-2024 17:40:46,S09,20240304
S09/20240304/00009,4,P107914,3,231.95,SALE,04-03-2024 17:40:46,S09,20240304
S09/20240304/00009,5,P106958,3,120.44,SALE,04-03-2024 17:40:46,S09,20240304
S09/20240304/00009,6,P101533,3,1020.37,SALE,04-03-2024 17:40:46,S09,20240304
S09/20240304/00009,7,P105136,1,158.61,SALE,04-03-2024 17:40:46,S09,20240304
S09/20240304/00009,8,TAX,1,590.94,TAX,04-03-2024 17:40:46,S09,20240304
S09/20240304/00009,9,TENDER,1,5382.91,TENDER,04-03-2024 17:40:46,S09,20240304
S09/20240304/00010,1,P104916,1,284.74,SALE,04-03-2024 09:12:28,S09,20240304
S09/20240304/00010,2,P106297,2,139.95,SALE,04-03-2024 09:12:28,S09,20240304
S09/20240304/00010,3,P103449,1,373.19,SALE,04-03-2024 09:12:28,S09,20240304
S09/20240304/00010,4,TAX,1,120.29,TAX,04-03-2024 09:12:28,S09,20240304
S09/20240304/00010,5,TENDER,1,1058.12,TENDER,04-03-2024 09:12:28,S09,20240304
S09/20240304/00011,1,P105337,4,31.85,SALE,04-03-2024 14:09:37,S09,20240304
S09/20240304/00011,2,P104700,3,1389.68,SALE,04-03-2024 14:09:37,S09,20240304
S09/20240304/00011,3,P101492,3,110.48,SALE,04-03-2024 14:09:37,S09,20240304
S09/20240304/00011,4,TAX,1,66.03,TAX,04-03-2024 14:09:37,S09,20240304
S09/20240304/00011,5,TENDER,1,4693.91,TENDER,04-03-2024 14:09:37,S09,20240304
S09/20240304/00012,1,P104242,2,275.95,SALE,04-03-2024 09:16:48,S09,20240304
S09/20240304/00012,2,P105021,1,1086.75,SALE,04-03-2024 09:16:48,S09,20240304
S09/20240304/00012,3,P103155,3,243.23,SALE,04-03-2024 09:16:48,S09,20240304
S09/20240304/00012,4,TAX,1,327.98,TAX,04-03-2024 09:16:48,S09,20240304
S09/20240304/00012,5,TENDER,1,2696.32,TENDER,04-03-2024 09:16:48,S09,20240304
S09/20240304/00013,1,P100112,3,91.95,SALE,04-03-2024 12:30:53,S09,20240304
S09/20240304/00013,2,P101585,2,10.83,SALE,04-03-2024 12:30:53,S09,20240304
S09/20240304/00013,3,P105252,3,10.57,SALE,04-03-2024 12:30:53,S09,20240304
S09/20240304/00013,4,P103231,2,219.95,SALE,04-03-2024 12:30:53,S09,20240304
S09/20240304/00013,5,P103137,1,218.09,SALE,04-03-2024 12:30:53,S09,20240304
S09/20240304/00013,6,DISC,1,-20.72,DISCOUNT,04-03-2024 12:30:53,S09,20240304
S09/20240304/00013,7,TAX,1,105.17,TAX,04-03-2024 12:30:53,S09,20240304
S09/20240304/00013,8,TENDER,1,1071.66,TENDER,04-03-2024 12:30:53,S09,20240304
S09/20240304/00014,1,P103309,1,59.57,SALE,04-03-2024 15:24:42,S09,20240304
S09/20240304/00014,2,P107609,2,108.46,SALE,04-03-2024 15:24:42,S09,20240304
S09/20240304/00014,3,TAX,1,42.02,TAX,04-03-2024 15:24:42,S09,20240304
S09/20240304/00014,4,TENDER,1,318.51,TENDER,04-03-2024 15:24:42,S09,20240304
S09/20240304/00015,1,P101134,1,1001.95,SALE,04-03-2024 14:04:39,S09,20240304
S09/20240304/00015,2,P104058,4,351.54,SALE,04-03-2024 14:04:39,S09,20240304
S09/20240304/00015,3,P101052,2,198.99,SALE,04-03-2024 14:04:39,S09,20240304
S09/20240304/00015,4,TAX,1,324.75,TAX,04-03-2024 14:04:39,S09,20240304
S09/20240304/00015,5,TENDER,1,3130.84,TENDER,04-03-2024 14:04:39,S09,20240304
S09/20240304/00016,1,P102424,1,333.88,SALE,04-03-2024 10:41:11,S09,20240304
S09/20240304/00016,2,TAX,1,16.69,TAX,04-03-2024 10:41:11,S09,20240304
S09/20240304/00016,3,TENDER,1,350.57,TENDER,04-03-2024 10:41:11,S09,20240304
S09/20240304/00017,1,P102695,1,1254.95,SALE,04-03-2024 21:28:32,S09,20240304
S09/20240304/00017,2,P100819,2,1140.00,SALE,04-03-2024 21:28:32,S09,20240304
S09/20240304/00017,3,P107056,3,341.76,SALE,04-03-2024 21:28:32,S09,20240304
S09/20240304/00017,4,P102436,2,264.60,SALE,04-03-2024 21:28:32,S09,20240304
S09/20240304/00017,5,P105180,1,103.95,SALE,04-03-2024 21:28:32,S09,20240304
S09/20240304/00017,6,P105453,2,393.95,SALE,04-03-2024 21:28:32,S09,20240304
S09/20240304/00017,7,P100810,2,200.65,SALE,04-03-2024 21:28:32,S09,20240304
S09/20240304/00017,8,TAX,1,611.00,TAX,04-03-2024 21:28:32,S09,20240304
S09/20240304/00017,9,TENDER,1,6993.58,TENDER,04-03-2024 21:28:32,S09,20240304
S09/20240304/00018,1,P106207,1,459.95,SALE,04-03-2024 12:42:43,S09,20240304
S09/20240304/00018,2,P105672,1,62.95,SALE,04-03-2024 12:42:43,S09,20240304
S09/20240304/00018,3,P104257,4,41.91,SALE,04-03-2024 12:42:43,S09,20240304
S09/20240304/00018,4,P100677,3,227.95,SALE,04-03-2024 12:42:43,S09,20240304
S09/20240304/00018,5,TAX,1,214.27,TAX,04-03-2024 12:42:43,S09,20240304
S09/20240304/00018,6,TENDER,1,1588.66,TENDER,04-03-2024 12:42:43,S09,20240304
S09/20240304/00019,1,P106611,2,341.44,SALE,04-03-2024 16:28:10,S09,20240304
S09/20240304/00019,2,P101864,1,101.95,SALE,04-03-2024 16:28:10,S09,20240304
S09/20240304/00019,3,P101961,1,679.58,SALE,04-03-2024 16:28:10,S09,20240304
S09/20240304/00019,4,P104181,3,279.95,SALE,04-03-2024 16:28:10,S09,20240304
S09/20240304/00019,5,P107708,2,163.95,SALE,04-03-2024 16:28:10,S09,20240304
S09/20240304/00019,6,P104026,1,152.97,SALE,04-03-2024 16:28:10,S09,20240304
S09/20240304/00019,7,P103958,2,30.95,SALE,04-03-2024 16:28:10,S09,20240304
S09/20240304/00019,8,TAX,1,342.19,TAX,04-03-2024 16:28:10,S09,20240304
S09/20240304/00019,9,TENDER,1,3189.22,TENDER,04-03-2024 16:28:10,S09,20240304
S09/20240304/00020,1,P104820,1,207.26,SALE,04-03-2024 17:08:24,S09,20240304
S09/20240304/00020,2,P102248,2,21.80,SALE,04-03-2024 17:08:24,S09,20240304
S09/20240304/00020,3,P106955,3,203.91,SALE,04-03-2024 17:08:24,S09,20240304
S09/20240304/00020,4,P102534,1,98.12,SALE,04-03-2024 17:08:24,S09,20240304
S09/20240304/00020,5,P105272,1,340.95,SALE,04-03-2024 17:08:24,S09,20240304
S09/20240304/00020,6,P103452,2,1039.07,SALE,04-03-2024 17:08:24,S09,20240304
S09/20240304/00020,7,P101681,4,132.46,SALE,04-03-2024 17:08:24,S09,20240304
S09/20240304/00020,8,TAX,1,293.96,TAX,04-03-2024 17:08:24,S09,20240304
S09/20240304/00020,9,TENDER,1,4203.60,TENDER,04-03-2024 17:08:24,S09,20240304
S09/20240304/00021,1,P103354,1,782.27,SALE,04-03-2024 12:04:27,S09,20240304
S09/20240304/00021,2,P102531,1,148.36,SALE,04-03-2024 12:04:27,S09,20240304
S09/20240304/00021,3,DISC,1,-79.80,DISCOUNT,04-03-2024 12:04:27,S09,20240304
S09/20240304/00021,4,TAX,1,16.28,TAX,04-03-2024 12:04:27,S09,20240304
S09/20240304/00021,5,TENDER,1,867.11,TENDER,04-03-2024 12:04:27,S09,20240304
S09/20240304/00022,1,P104772,1,315.07,SALE,04-03-2024 16:01:55,S09,20240304
S09/20240304/00022,2,P102321,2,27.09,SALE,04-03-2024 16:01:55,S09,20240304
S09/20240304/00022,3,P102217,1,65.41,SALE,04-03-2024 16:01:55,S09,20240304
S09/20240304/00022,4,P100677,1,227.95,SALE,04-03-2024 16:01:55,S09,20240304
S09/20240304/00022,5,P100281,1,449.95,SALE,04-03-2024 16:01:55,S09,20240304
S09/20240304/00022,6,TAX,1,126.74,TAX,04-03-2024 16:01:55,S09,20240304
S09/20240304/00022,7,TENDER,1,1239.30,TENDER,04-03-2024 16:01:55,S09,20240304
S09/20240304/00023,1,P104344,4,367.50,SALE,04-03-2024 20:51:38,S09,20240304
S09/20240304/00023,2,TAX,1,264.60,TAX,04-03-2024 20:51:38,S09,20240304
S09/20240304/00023,3,TENDER,1,1734.60,TENDER,04-03-2024 20:51:38,S09,20240304
S09/20240305/00001,1,P105413,4,1243.79,SALE,05-03-2024 15:50:21,S09,20240305
S09/20240305/00001,2,P106783,1,87.95,SALE,05-03-2024 15:50:21,S09,20240305
S09/20240305/00001,3,P101389,3,430.39,SALE,05-03-2024 15:50:21,S09,20240305
S09/20240305/00001,4,P107654,2,363.70,SALE,05-03-2024 15:50:21,S09,20240305
S09/20240305/00001,5,P107330,2,115.95,SALE,05-03-2024 15:50:21,S09,20240305
S09/20240305/00001,6,TAX,1,974.29,TAX,05-03-2024 15:50:21,S09,20240305
S09/20240305/00001,7,TENDER,1,8287.87,TENDER,05-03-2024 15:50:21,S09,20240305
S09/20240305/00002,1,P102975,2,226.32,SALE,05-03-2024 12:57:48,S09,20240305
S09/20240305/00002,2,P100810,3,200.65,SALE,05-03-2024 12:57:48,S09,20240305
S09/20240305/00002,3,TAX,1,111.57,TAX,05-03-2024 12:57:48,S09,20240305
S09/20240305/00002,4,TENDER,1,1166.16,TENDER,05-03-2024 12:57:48,S09,20240305
S09/20240305/00003,1,P101899,-1,345.29,RETURN,05-03-2024 11:50:23,S09,20240305
S09/20240305/00003,2,P103416,-2,73.27,RETURN,05-03-2024 11:50:23,S09,20240305
S09/20240305/00003,3,P105656,-1,403.83,RETURN,05-03-2024 11:50:23,S09,20240305
S09/20240305/00003,4,P104149,-3,85.95,RETURN,05-03-2024 11:50:23,S09,20240305
S09/20240305/00003,5,P102682,-3,95.25,RETURN,05-03-2024 11:50:23,S09,20240305
S09/20240305/00003,6,P101356,-2,1054.95,RETURN,05-03-2024 11:50:23,S09,20240305
S09/20240305/00003,7,P106920,-2,1398.34,RETURN,05-03-2024 11:50:23,S09,20240305
S09/20240305/00003,8,TAX,1,-221.20,TAX,05-03-2024 11:50:23,S09,20240305
S09/20240305/00003,9,TENDER,1,-6567.04,TENDER,05-03-2024 11:50:23,S09,20240305
S09/20240305/00004,1,P104688,1,188.78,SALE,05-03-2024 17:03:46,S09,20240305
S09/20240305/00004,2,P105450,3,252.15,SALE,05-03-2024 17:03:46,S09,20240305
S09/20240305/00004,3,P105069,3,162.60,SALE,05-03-2024 17:03:46,S09,20240305
S09/20240305/00004,4,P103171,2,56.95,SALE,05-03-2024 17:03:46,S09,20240305
S09/20240305/00004,5,P100140,3,57.95,SALE,05-03-2024 17:03:46,S09,20240305
S09/20240305/00004,6,P105797,2,243.46,SALE,05-03-2024 17:03:46,S09,20240305
S09/20240305/00004,7,TAX,1,221.88,TAX,05-03-2024 17:03:46,S09,20240305
S09/20240305/00004,8,TENDER,1,2429.58,TENDER,05-03-2024 17:03:46,S09,20240305
S09/20240305/00005,1,P101218,2,59.95,SALE,05-03-2024 17:23:00,S09,20240305
S09/20240305/00005,2,P104181,2,279.95,SALE,05-03-2024 17:23:00,S09,20240305
S09/20240305/00005,3,P107605,1,1290.76,SALE,05-03-2024 17:23:00,S09,20240305
S09/20240305/00005,4,P102375,3,487.64,SALE,05-03-2024 17:23:00,S09,20240305
S09/20240305/00005,5,TAX,1,506.99,TAX,05-03-2024 17:23:00,S09,20240305
S09/20240305/00005,6,TENDER,1,3940.47,TENDER,05-03-2024 17:23:00,S09,20240305
S09/20240305/00006,1,P107686,3,347.22,SALE,05-03-2024 19:13:27,S09,20240305
S09/20240305/00006,2,P105882,2,221.21,SALE,05-03-2024 19:13:27,S09,20240305
S09/20240305/00006,3,P101218,3,59.95,SALE,05-03-2024 19:13:27,S09,20240305
S09/20240305/00006,4,P107966,2,391.71,SALE,05-03-2024 19:13:27,S09,20240305
S09/20240305/00006,5,P102175,2,193.24,SALE,05-03-2024 19:13:27,S09,20240305
S09/20240305/00006,6,P107526,1,46.11,SALE,05-03-2024 19:13:27,S09,20240305
S09/20240305/00006,7,TAX,1,307.81,TAX,05-03-2024 19:13:27,S09,20240305
S09/20240305/00006,8,TENDER,1,3187.75,TENDER,05-03-2024 19:13:27,S09,20240305
S09/20240305/00007,1,P101876,2,71.32,SALE,05-03-2024 12:03:57,S09,20240305
S09/20240305/00007,2,P104361,2,1350.95,SALE,05-03-2024 12:03:57,S09,20240305
S09/20240305/00007,3,P105119,1,91.19,SALE,05-03-2024 12:03:57,S09,20240305
S09/20240305/00007,4,P105835,2,243.66,SALE,05-03-2024 12:03:57,S09,20240305
S09/20240305/00007,5,P105518,2,729.30,SALE,05-03-2024 12:03:57,S09,20240305
S09/20240305/00007,6,P105057,2,254.08,SALE,05-03-2024 12:03:57,S09,20240305
S09/20240305/00007,7,TAX,1,726.16,TAX,05-03-2024 12:03:57,S09,20240305
S09/20240305/00007,8,TENDER,1,6115.97,TENDER,05-03-2024 12:03:57,S09,20240305
S09/20240305/00008,1,P106357,2,1078.45,SALE,05-03-2024 16:45:13,S09,20240305
S09/20240305/00008,2,P108067,4,621.95,SALE,05-03-2024 16:45:13,S09,20240305
S09/20240305/00008,3,P103794,5,729.86,SALE,05-03-2024 16:45:13,S09,20240305
S09/20240305/00008,4,TAX,1,441.29,TAX,05-03-2024 16:45:13,S09,20240305
S09/20240305/00008,5,TENDER,1,8735.29,TENDER,05-03-2024 16:45:13,S09,20240305
S09/20240305/00009,1,P107432,2,41.96,SALE,05-03-2024 11:15:46,S09,20240305
S09/20240305/00009,2,P106813,1,241.11,SALE,05-03-2024 11:15:46,S09,20240305
S09/20240305/00009,3,P107215,1,153.85,SALE,05-03-2024 11:15:46,S09,20240305
S09/20240305/00009,4,DISC,1,-56.78,DISCOUNT,05-03-2024 11:15:46,S09,20240305
S09/20240305/00009,5,TAX,1,45.47,TAX,05-03-2024 11:15:46,S09,20240305
S09/20240305/00009,6,TENDER,1,467.57,TENDER,05-03-2024 11:15:46,S09,20240305
S09/20240305/00010,1,P102772,-1,151.97,RETURN,05-03-2024 14:43:31,S09,20240305
S09/20240305/00010,2,P104628,-2,196.55,RETURN,05-03-2024 14:43:31,S09,20240305
S09/20240305/00010,3,P101190,-1,84.60,RETURN,05-03-2024 14:43:31,S09,20240305
S09/20240305/00010,4,P101152,-2,478.44,RETURN,05-03-2024 14:43:31,S09,20240305
S09/20240305/00010,5,P104665,-2,217.71,RETURN,05-03-2024 14:43:31,S09,20240305
S09/20240305/00010,6,P101122,-3,70.95,RETURN,05-03-2024 14:43:31,S09,20240305
S09/20240305/00010,7,P108032,-3,660.37,RETURN,05-03-2024 14:43:31,S09,20240305
S09/20240305/00010,8,P104938,-4,999.94,RETURN,05-03-2024 14:43:31,S09,20240305
S09/20240305/00010,9,TAX,1,-1074.09,TAX,05-03-2024 14:43:31,S09,20240305
S09/20240305/00010,10,TENDER,1,-9289.78,TENDER,05-03-2024 14:43:31,S09,20240305
S09/20240305/00011,1,P102761,2,159.81,SALE,05-03-2024 19:05:56,S09,20240305
S09/20240305/00011,2,P101638,1,373.95,SALE,05-03-2024 19:05:56,S09,20240305
S09/20240305/00011,3,P105624,2,380.06,SALE,05-03-2024 19:05:56,S09,20240305
S09/20240305/00011,4,TAX,1,82.88,TAX,05-03-2024 19:05:56,S09,20240305
S09/20240305/00011,5,TENDER,1,1536.57,TENDER,05-03-2024 19:05:56,S09,20240305
S09/20240305/00012,1,P102193,2,343.13,SALE,05-03-2024 17:59:10,S09,20240305
S09/20240305/00012,2,DISC,1,-52.13,DISCOUNT,05-03-2024 17:59:10,S09,20240305
S09/20240305/00012,3,TAX,1,114.14,TAX,05-03-2024 17:59:10,S09,20240305
S09/20240305/00012,4,TENDER,1,748.27,TENDER,05-03-2024 17:59:10,S09,20240305
S09/20240305/00013,1,P102023,1,425.67,SALE,05-03-2024 16:38:10,S09,20240305
S09/20240305/00013,2,P105511,2,270.77,SALE,05-03-2024 16:38:10,S09,20240305
S09/20240305/00013,3,P107208,3,302.95,SALE,05-03-2024 16:38:10,S09,20240305
S09/20240305/00013,4,P104233,1,1232.09,SALE,05-03-2024 16:38:10,S09,20240305
S09/20240305/00013,5,P100203,2,241.95,SALE,05-03-2024 16:38:10,S09,20240305
S09/20240305/00013,6,TAX,1,279.80,TAX,05-03-2024 16:38:10,S09,20240305
S09/20240305/00013,7,TENDER,1,3871.85,TENDER,05-03-2024 16:38:10,S09,20240305
S09/20240305/00014,1,P104858,1,297.94,SALE,05-03-2024 11:45:00,S09,20240305
S09/20240305/00014,2,P104921,3,398.95,SALE,05-03-2024 11:45:00,S09,20240305
S09/20240305/00014,3,P105323,1,73.95,SALE,05-03-2024 11:45:00,S09,20240305
S09/20240305/00014,4,P105636,1,526.95,SALE,05-03-2024 11:45:00,S09,20240305
S09/20240305/00014,5,P103833,2,1136.81,SALE,05-03-2024 11:45:00,S09,20240305
S09/20240305/00014,6,TAX,1,368.56,TAX,05-03-2024 11:45:00,S09,20240305
S09/20240305/00014,7,TENDER,1,4737.87,TENDER,05-03-2024 11:45:00,S09,20240305
S09/20240305/00015,1,P100519,1,365.61,SALE,05-03-2024 18:25:56,S09,20240305
S09/20240305/00015,2,P100904,1,68.79,SALE,05-03-2024 18:25:56,S09,20240305
S09/20240305/00015,3,P100203,1,241.95,SALE,05-03-2024 18:25:56,S09,20240305
S09/20240305/00015,4,P106344,4,817.92,SALE,05-03-2024 18:25:56,S09,20240305
S09/20240305/00015,5,P100621,1,226.51,SALE,05-03-2024 18:25:56,S09,20240305
S09/20240305/00015,6,P104756,1,334.95,SALE,05-03-2024 18:25:56,S09,20240305
S09/20240305/00015,7,TAX,1,119.87,TAX,05-03-2024 18:25:56,S09,20240305
S09/20240305/00015,8,TENDER,1,4629.36,TENDER,05-03-2024 18:25:56,S09,20240305
S09/20240305/00016,1,P101190,3,84.60,SALE,05-03-2024 15:18:43,S09,20240305
S09/20240305/00016,2,P103243,1,195.61,SALE,05-03-2024 15:18:43,S09,20240305
S09/20240305/00016,3,P103616,1,621.95,SALE,05-03-2024 15:18:43,S09,20240305
S09/20240305/00016,4,P103661,3,118.10,SALE,05-03-2024 15:18:43,S09,20240305
S09/20240305/00016,5,P100326,2,44.54,SALE,05-03-2024 15:18:43,S09,20240305
S09/20240305/00016,6,P101697,2,85.25,SALE,05-03-2024 15:18:43,S09,20240305
S09/20240305/00016,7,P105345,2,295.95,SALE,05-03-2024 15:18:43,S09,20240305
S09/20240305/00016,8,TAX,1,195.97,TAX,05-03-2024 15:18:43,S09,20240305
S09/20240305/00016,9,TENDER,1,2473.11,TENDER,05-03-2024 15:18:43,S09,20240305
S09/20240306/00001,1,P105624,1,380.06,SALE,06-03-2024 11:50:11,S09,20240306
S09/20240306/00001,2,P108258,2,54.62,SALE,06-03-2024 11:50:11,S09,20240306
S09/20240306/00001,3,P103806,1,305.95,SALE,06-03-2024 11:50:11,S09,20240306
S09/20240306/00001,4,P100428,4,122.83,SALE,06-03-2024 11:50:11,S09,20240306
S09/20240306/00001,5,TAX,1,38.67,TAX,06-03-2024 11:50:11,S09,20240306
S09/20240306/00001,6,TENDER,1,1325.24,TENDER,06-03-2024 11:50:11,S09,20240306
S09/20240306/00002,1,P100940,2,171.39,SALE,06-03-2024 17:45:29,S09,20240306
S09/20240306/00002,2,P102671,2,231.95,SALE,06-03-2024 17:45:29,S09,20240306
S09/20240306/00002,3,P103438,2,187.96,SALE,06-03-2024 17:45:29,S09,20240306
S09/20240306/00002,4,P105713,1,327.34,SALE,06-03-2024 17:45:29,S09,20240306
S09/20240306/00002,5,P107110,3,76.95,SALE,06-03-2024 17:45:29,S09,20240306
S09/20240306/00002,6,P103504,1,364.24,SALE,06-03-2024 17:45:29,S09,20240306
S09/20240306/00002,7,P100595,3,388.65,SALE,06-03-2024 17:45:29,S09,20240306
S09/20240306/00002,8,P103904,1,1066.24,SALE,06-03-2024 17:45:29,S09,20240306
S09/20240306/00002,9,P100483,2,819.95,SALE,06-03-2024 17:45:29,S09,20240306
S09/20240306/00002,10,P105260,3,72.61,SALE,06-03-2024 17:45:29,S09,20240306
S09/20240306/00002,11,DISC,1,-183.76,DISCOUNT,06-03-2024 17:45:29,S09,20240306
S09/20240306/00002,12,TAX,1,470.61,TAX,06-03-2024 17:45:29,S09,20240306
S09/20240306/00002,13,TENDER,1,6481.80,TENDER,06-03-2024 17:45:29,S09,20240306
S09/20240306/00003,1,P104181,1,279.95,SALE,06-03-2024 16:49:06,S09,20240306
S09/20240306/00003,2,P104600,2,48.49,SALE,06-03-2024 16:49:06,S09,20240306
S09/20240306/00003,3,P100066,2,251.22,SALE,06-03-2024 16:49:06,S09,20240306
S09/20240306/00003,4,P105897,3,238.72,SALE,06-03-2024 16:49:06,S09,20240306
S09/20240306/00003,5,TAX,1,214.82,TAX,06-03-2024 16:49:06,S09,20240306
S09/20240306/00003,6,TENDER,1,1810.35,TENDER,06-03-2024 16:49:06,S09,20240306
S09/20240306/00004,1,P102779,3,23.95,SALE,06-03-2024 14:35:59,S09,20240306
S09/20240306/00004,2,P106181,4,885.95,SALE,06-03-2024 14:35:59,S09,20240306
S09/20240306/00004,3,P106671,3,101.77,SALE,06-03-2024 14:35:59,S09,20240306
S09/20240306/00004,4,P105677,1,89.95,SALE,06-03-2024 14:35:59,S09,20240306
S09/20240306/00004,5,P103743,3,1117.90,SALE,06-03-2024 14:35:59,S09,20240306
S09/20240306/00004,6,TAX,1,40.08,TAX,06-03-2024 14:35:59,S09,20240306
S09/20240306/00004,7,TENDER,1,7404.69,TENDER,06-03-2024 14:35:59,S09,20240306
S09/20240306/00005,1,P101982,2,366.95,SALE,06-03-2024 15:12:21,S09,20240306
S09/20240306/00005,2,P102695,3,1254.95,SALE,06-03-2024 15:12:21,S09,20240306
S09/20240306/00005,3,P103389,3,251.95,SALE,06-03-2024 15:12:21,S09,20240306
S09/20240306/00005,4,TAX,1,719.94,TAX,06-03-2024 15:12:21,S09,20240306
S09/20240306/00005,5,TENDER,1,5974.54,TENDER,06-03-2024 15:12:21,S09,20240306
S09/20240306/00006,1,P102933,2,614.03,SALE,06-03-2024 15:39:22,S09,20240306
S09/20240306/00006,2,P107753,2,67.96,SALE,06-03-2024 15:39:22,S09,20240306
S09/20240306/00006,3,P100560,2,192.67,SALE,06-03-2024 15:39:22,S09,20240306
S09/20240306/00006,4,P107414,1,539.23,SALE,06-03-2024 15:39:22,S09,20240306
S09/20240306/00006,5,DISC,1,-269.01,DISCOUNT,06-03-2024 15:39:22,S09,20240306
S09/20240306/00006,6,TAX,1,194.64,TAX,06-03-2024 15:39:22,S09,20240306
S09/20240306/00006,7,TENDER,1,2214.18,TENDER,06-03-2024 15:39:22,S09,20240306
S09/20240306/00007,1,P106745,2,518.86,SALE,06-03-2024 15:04:06,S09,20240306
S09/20240306/00007,2,P106009,1,320.74,SALE,06-03-2024 15:04:06,S09,20240306
S09/20240306/00007,3,P103129,2,79.05,SALE,06-03-2024 15:04:06,S09,20240306
S09/20240306/00007,4,TAX,1,231.28,TAX,06-03-2024 15:04:06,S09,20240306
S09/20240306/00007,5,TENDER,1,1747.84,TENDER,06-03-2024 15:04:06,S09,20240306
S09/20240306/00008,1,P106955,1,203.91,SALE,06-03-2024 14:46:15,S09,20240306
S09/20240306/00008,2,P107215,3,153.85,SALE,06-03-2024 14:46:15,S09,20240306
S09/20240306/00008,3,P102042,1,540.93,SALE,06-03-2024 14:46:15,S09,20240306
S09/20240306/00008,4,P107028,3,53.95,SALE,06-03-2024 14:46:15,S09,20240306
S09/20240306/00008,5,TAX,1,121.76,TAX,06-03-2024 14:46:15,S09,20240306
S09/20240306/00008,6,TENDER,1,1490.00,TENDER,06-03-2024 14:46:15,S09,20240306
S09/20240306/00009,1,P105180,1,103.95,SALE,06-03-2024 07:36:56,S09,20240306
S09/20240306/00009,2,P100483,1,819.95,SALE,06-03-2024 07:36:56,S09,20240306
S09/20240306/00009,3,P103886,2,301.95,SALE,06-03-2024 07:36:56,S09,20240306
S09/20240306/00009,4,P100221,3,140.95,SALE,06-03-2024 07:36:56,S09,20240306
S09/20240306/00009,5,P106357,3,1078.45,SALE,06-03-2024 07:36:56,S09,20240306
S09/20240306/00009,6,P106807,2,322.15,SALE,06-03-2024 07:36:56,S09,20240306
S09/20240306/00009,7,P103958,1,30.95,SALE,06-03-2024 07:36:56,S09,20240306
S09/20240306/00009,8,TAX,1,579.24,TAX,06-03-2024 07:36:56,S09,20240306
S09/20240306/00009,9,TENDER,1,6440.49,TENDER,06-03-2024 07:36:56,S09,20240306
S09/20240306/00010,1,P105677,1,89.95,SALE,06-03-2024 15:57:58,S09,20240306
S09/20240306/00010,2,P104334,4,258.22,SALE,06-03-2024 15:57:58,S09,20240306
S09/20240306/00010,3,P103757,1,147.98,SALE,06-03-2024 15:57:58,S09,20240306
S09/20240306/00010,4,P101083,2,312.05,SALE,06-03-2024 15:57:58,S09,20240306
S09/20240306/00010,5,P105176,2,499.95,SALE,06-03-2024 15:57:58,S09,20240306
S09/20240306/00010,6,P100571,1,117.95,SALE,06-03-2024 15:57:58,S09,20240306
S09/20240306/00010,7,TAX,1,388.79,TAX,06-03-2024 15:57:58,S09,20240306
S09/20240306/00010,8,TENDER,1,3401.55,TENDER,06-03-2024 15:57:58,S09,20240306
S09/20240306/00011,1,P100803,2,262.95,SALE,06-03-2024 17:37:26,S09,20240306
S09/20240306/00011,2,P101911,1,1431.80,SALE,06-03-2024 17:37:26,S09,20240306
S09/20240306/00011,3,P106344,2,817.92,SALE,06-03-2024 17:37:26,S09,20240306
S09/20240306/00011,4,DISC,1,-266.43,DISCOUNT,06-03-2024 17:37:26,S09,20240306
S09/20240306/00011,5,TAX,1,24.35,TAX,06-03-2024 17:37:26,S09,20240306
S09/20240306/00011,6,TENDER,1,3351.46,TENDER,06-03-2024 17:37:26,S09,20240306
S09/20240306/00012,1,P101242,1,80.24,SALE,06-03-2024 14:45:53,S09,20240306
S09/20240306/00012,2,P105643,4,1294.23,SALE,06-03-2024 14:45:53,S09,20240306
S09/20240306/00012,3,P104938,2,999.94,SALE,06-03-2024 14:45:53,S09,20240306
S09/20240306/00012,4,P102909,3,48.95,SALE,06-03-2024 14:45:53,S09,20240306
S09/20240306/00012,5,TAX,1,254.43,TAX,06-03-2024 14:45:53,S09,20240306
S09/20240306/00012,6,TENDER,1,7658.32,TENDER,06-03-2024 14:45:53,S09,20240306
S09/20240306/00013,1,P107365,3,934.48,SALE,06-03-2024 15:59:46,S09,20240306
S09/20240306/00013,2,P100627,2,415.95,SALE,06-03-2024 15:59:46,S09,20240306
S09/20240306/00013,3,P100771,1,703.95,SALE,06-03-2024 15:59:46,S09,20240306
S09/20240306/00013,4,DISC,1,-246.44,DISCOUNT,06-03-2024 15:59:46,S09,20240306
S09/20240306/00013,5,TAX,1,436.22,TAX,06-03-2024 15:59:46,S09,20240306
S09/20240306/00013,6,TENDER,1,4529.07,TENDER,06-03-2024 15:59:46,S09,20240306
S09/20240306/00014,1,P102998,2,137.95,SALE,06-03-2024 16:59:29,S09,20240306
S09/20240306/00014,2,P103964,2,129.59,SALE,06-03-2024 16:59:29,S09,20240306
S09/20240306/00014,3,P106720,1,126.28,SALE,06-03-2024 16:59:29,S09,20240306
S09/20240306/00014,4,P101578,1,37.17,SALE,06-03-2024 16:59:29,S09,20240306
S09/20240306/00014,5,TAX,1,87.21,TAX,06-03-2024 16:59:29,S09,20240306
S09/20240306/00014,6,TENDER,1,785.74,TENDER,06-03-2024 16:59:29,S09,20240306
S09/20240306/00015,1,P104089,3,316.95,SALE,06-03-2024 15:16:31,S09,20240306
S09/20240306/00015,2,P107753,3,67.96,SALE,06-03-2024 15:16:31,S09,20240306
S09/20240306/00015,3,P103328,3,236.27,SALE,06-03-2024 15:16:31,S09,20240306
S09/20240306/00015,4,P100260,3,1124.20,SALE,06-03-2024 15:16:31,S09,20240306
S09/20240306/00015,5,P105575,3,430.13,SALE,06-03-2024 15:16:31,S09,20240306
S09/20240306/00015,6,P108174,2,235.92,SALE,06-03-2024 15:16:31,S09,20240306
S09/20240306/00015,7,P102593,2,84.95,SALE,06-03-2024 15:16:31,S09,20240306
S09/20240306/00015,8,TAX,1,417.43,TAX,06-03-2024 15:16:31,S09,20240306
S09/20240306/00015,9,TENDER,1,7585.70,TENDER,06-03-2024 15:16:31,S09,20240306
S09/20240306/00016,1,P100889,3,976.95,SALE,06-03-2024 16:04:29,S09,20240306
S09/20240306/00016,2,P107815,4,101.23,SALE,06-03-2024 16:04:29,S09,20240306
S09/20240306/00016,3,P104202,1,132.95,SALE,06-03-2024 16:04:29,S09,20240306
S09/20240306/00016,4,P102452,2,169.06,SALE,06-03-2024 16:04:29,S09,20240306
S09/20240306/00016,5,DISC,1,-202.59,DISCOUNT,06-03-2024 16:04:29,S09,20240306
S09/20240306/00016,6,TAX,1,200.75,TAX,06-03-2024 16:04:29,S09,20240306
S09/20240306/00016,7,TENDER,1,3805.00,TENDER,06-03-2024 16:04:29,S09,20240306
S09/20240306/00017,1,P101454,3,130.95,SALE,06-03-2024 18:09:55,S09,20240306
S09/20240306/00017,2,P101955,1,356.95,SALE,06-03-2024 18:09:55,S09,20240306
S09/20240306/00017,3,P107381,4,185.69,SALE,06-03-2024 18:09:55,S09,20240306
S09/20240306/00017,4,TAX,1,200.52,TAX,06-03-2024 18:09:55,S09,20240306
S09/20240306/00017,5,TENDER,1,1693.08,TENDER,06-03-2024 18:09:55,S09,20240306
S09/20240306/00018,1,P100985,2,252.81,SALE,06-03-2024 16:01:29,S09,20240306
S09/20240306/00018,2,P106629,1,52.08,SALE,06-03-2024 16:01:29,S09,20240306
S09/20240306/00018,3,P107555,1,1314.43,SALE,06-03-2024 16:01:29,S09,20240306
S09/20240306/00018,4,TAX,1,100.39,TAX,06-03-2024 16:01:29,S09,20240306
S09/20240306/00018,5,TENDER,1,1972.52,TENDER,06-03-2024 16:01:29,S09,20240306
S09/20240306/00019,1,P103206,2,450.05,SALE,06-03-2024 18:12:42,S09,20240306
S09/20240306/00019,2,P100210,4,1073.90,SALE,06-03-2024 18:12:42,S09,20240306
S09/20240306/00019,3,TAX,1,677.49,TAX,06-03-2024 18:12:42,S09,20240306
S09/20240306/00019,4,TENDER,1,5873.19,TENDER,06-03-2024 18:12:42,S09,20240306
S09/20240307/00001,1,P104064,2,318.07,SALE,07-03-2024 09:07:11,S09,20240307
S09/20240307/00001,2,P104410,2,418.95,SALE,07-03-2024 09:07:11,S09,20240307
S09/20240307/00001,3,P101740,1,800.86,SALE,07-03-2024 09:07:11,S09,20240307
S09/20240307/00001,4,P101779,2,197.95,SALE,07-03-2024 09:07:11,S09,20240307
S09/20240307/00001,5,P103922,3,45.95,SALE,07-03-2024 09:07:11,S09,20240307
S09/20240307/00001,6,P102510,2,35.56,SALE,07-03-2024 09:07:11,S09,20240307
S09/20240307/00001,7,P104625,2,220.95,SALE,07-03-2024 09:07:11,S09,20240307
S09/20240307/00001,8,P107863,1,489.79,SALE,07-03-2024 09:07:11,S09,20240307
S09/20240307/00001,9,P101076,4,606.89,SALE,07-03-2024 09:07:11,S09,20240307
S09/20240307/00001,10,TAX,1,489.84,TAX,07-03-2024 09:07:11,S09,20240307
S09/20240307/00001,11,TENDER,1,6728.86,TENDER,07-03-2024 09:07:11,S09,20240307
S09/20240307/00002,1,P105553,1,739.86,SALE,07-03-2024 18:41:42,S09,20240307
S09/20240307/00002,2,P105057,3,254.08,SALE,07-03-2024 18:41:42,S09,20240307
S09/20240307/00002,3,P106934,2,1554.16,SALE,07-03-2024 18:41:42,S09,20240307
S09/20240307/00002,4,TAX,1,225.99,TAX,07-03-2024 18:41:42,S09,20240307
S09/20240307/00002,5,TENDER,1,4836.41,TENDER,07-03-2024 18:41:42,S09,20240307
S09/20240307/00003,1,P100855,1,290.71,SALE,07-03-2024 13:11:08,S09,20240307
S09/20240307/00003,2,P108300,2,260.37,SALE,07-03-2024 13:11:08,S09,20240307
S09/20240307/00003,3,DISC,1,-38.58,DISCOUNT,07-03-2024 13:11:08,S09,20240307
S09/20240307/00003,4,TAX,1,139.12,TAX,07-03-2024 13:11:08,S09,20240307
S09/20240307/00003,5,TENDER,1,911.99,TENDER,07-03-2024 13:11:08,S09,20240307
S09/20240307/00004,1,P100140,2,57.95,SALE,07-03-2024 22:18:57,S09,20240307
S09/20240307/00004,2,P105518,4,729.30,SALE,07-03-2024 22:18:57,S09,20240307
S09/20240307/00004,3,P103886,1,301.95,SALE,07-03-2024 22:18:57,S09,20240307
S09/20240307/00004,4,P104361,1,1432.01,SALE,07-03-2024 22:18:57,S09,20240307
S09/20240307/00004,5,TAX,1,717.80,TAX,07-03-2024 22:18:57,S09,20240307
S09/20240307/00004,6,TENDER,1,5484.86,TENDER,07-03-2024 22:18:57,S09,20240307
S09/20240307/00005,1,P100330,1,188.77,SALE,07-03-2024 17:18:35,S09,20240307
S09/20240307/00005,2,P101470,2,155.81,SALE,07-03-2024 17:18:35,S09,20240307
S09/20240307/00005,3,P107933,1,1175.95,SALE,07-03-2024 17:18:35,S09,20240307
S09/20240307/00005,4,P102321,2,27.09,SALE,07-03-2024 17:18:35,S09,20240307
S09/20240307/00005,5,P102346,2,79.95,SALE,07-03-2024 17:18:35,S09,20240307
S09/20240307/00005,6,TAX,1,176.24,TAX,07-03-2024 17:18:35,S09,20240307
S09/20240307/00005,7,TENDER,1,2066.66,TENDER,07-03-2024 17:18:35,S09,20240307
S09/20240307/00006,1,P105707,2,130.64,SALE,07-03-2024 17:52:40,S09,20240307
S09/20240307/00006,2,P105633,2,46.25,SALE,07-03-2024 17:52:40,S09,20240307
S09/20240307/00006,3,TAX,1,35.98,TAX,07-03-2024 17:52:40,S09,20240307
S09/20240307/00006,4,TENDER,1,389.76,TENDER,07-03-2024 17:52:40,S09,20240307
S09/20240307/00007,1,P100577,2,277.95,SALE,07-03-2024 14:47:22,S09,20240307
S09/20240307/00007,2,P103197,2,292.95,SALE,07-03-2024 14:47:22,S09,20240307
S09/20240307/00007,3,P106200,2,117.95,SALE,07-03-2024 14:47:22,S09,20240307
S09/20240307/00007,4,P107807,3,118.66,SALE,07-03-2024 14:47:22,S09,20240307
S09/20240307/00007,5,P103871,3,186.42,SALE,07-03-2024 14:47:22,S09,20240307
S09/20240307/00007,6,P106720,3,126.28,SALE,07-03-2024 14:47:22,S09,20240307
S09/20240307/00007,7,TAX,1,312.63,TAX,07-03-2024 14:47:22,S09,20240307
S09/20240307/00007,8,TENDER,1,2984.41,TENDER,07-03-2024 14:47:22,S09,20240307
S09/20240307/00008,1,P101810,2,757.60,SALE,07-03-2024 15:57:36,S09,20240307
S09/20240307/00008,2,P107047,3,413.27,SALE,07-03-2024 15:57:36,S09,20240307
S09/20240307/00008,3,P106098,1,362.95,SALE,07-03-2024 15:57:36,S09,20240307
S09/20240307/00008,4,TAX,1,374.16,TAX,07-03-2024 15:57:36,S09,20240307
S09/20240307/00008,5,TENDER,1,3492.12,TENDER,07-03-2024 15:57:36,S09,20240307
S09/20240307/00009,1,P103719,4,957.52,SALE,07-03-2024 18:02:46,S09,20240307
S09/20240307/00009,2,P102892,3,234.21,SALE,07-03-2024 18:02:46,S09,20240307
S09/20240307/00009,3,P103538,2,265.96,SALE,07-03-2024 18:02:46,S09,20240307
S09/20240307/00009,4,P104233,2,1232.09,SALE,07-03-2024 18:02:46,S09,20240307
S09/20240307/00009,5,P107777,1,222.77,SALE,07-03-2024 18:02:46,S09,20240307
S09/20240307/00009,6,P104058,3,351.54,SALE,07-03-2024 18:02:46,S09,20240307
S09/20240307/00009,7,TAX,1,925.72,TAX,07-03-2024 18:02:46,S09,20240307
S09/20240307/00009,8,TENDER,1,9731.92,TENDER,07-03-2024 18:02:46,S09,20240307
S09/20240307/00010,1,P104965,5,88.45,SALE,07-03-2024 17:58:03,S09,20240307
S09/20240307/00010,2,P104320,4,128.95,SALE,07-03-2024 17:58:03,S09,20240307
S09/20240307/00010,3,P105651,3,110.95,SALE,07-03-2024 17:58:03,S09,20240307
S09/20240307/00010,4,P107848,3,267.41,SALE,07-03-2024 17:58:03,S09,20240307
S09/20240307/00010,5,TAX,1,122.14,TAX,07-03-2024 17:58:03,S09,20240307
S09/20240307/00010,6,TENDER,1,2215.27,TENDER,07-03-2024 17:58:03,S09,20240307
S09/20240307/00011,1,P107278,2,57.40,SALE,07-03-2024 15:55:39,S09,20240307
S09/20240307/00011,2,P106143,2,56.15,SALE,07-03-2024 15:55:39,S09,20240307
S09/20240307/00011,3,P104872,1,132.95,SALE,07-03-2024 15:55:39,S09,20240307
S09/20240307/00011,4,P100305,3,771.81,SALE,07-03-2024 15:55:39,S09,20240307
S09/20240307/00011,5,P105845,1,102.36,SALE,07-03-2024 15:55:39,S09,20240307
S09/20240307/00011,6,TAX,1,68.37,TAX,07-03-2024 15:55:39,S09,20240307
S09/20240307/00011,7,TENDER,1,2846.21,TENDER,07-03-2024 15:55:39,S09,20240307
S09/20240307/00012,1,P103732,5,94.74,SALE,07-03-2024 15:57:40,S09,20240307
S09/20240307/00012,2,P104160,1,258.63,SALE,07-03-2024 15:57:40,S09,20240307
S09/20240307/00012,3,P106288,2,42.41,SALE,07-03-2024 15:57:40,S09,20240307
S09/20240307/00012,4,P102502,4,366.79,SALE,07-03-2024 15:57:40,S09,20240307
S09/20240307/00012,5,P104417,2,322.95,SALE,07-03-2024 15:57:40,S09,20240307
S09/20240307/00012,6,P100999,1,153.43,SALE,07-03-2024 15:57:40,S09,20240307
S09/20240307/00012,7,TAX,1,369.52,TAX,07-03-2024 15:57:40,S09,20240307
S09/20240307/00012,8,TENDER,1,3453.16,TENDER,07-03-2024 15:57:40,S09,20240307
S09/20240307/00013,1,P106399,2,1107.95,SALE,07-03-2024 15:14:49,S09,20240307
S09/20240307/00013,2,TAX,1,265.91,TAX,07-03-2024 15:14:49,S09,20240307
S09/20240307/00013,3,TENDER,1,2481.81,TENDER,07-03-2024 15:14:49,S09,20240307
S09/20240307/00014,1,P102139,3,1231.60,SALE,07-03-2024 18:50:05,S09,20240307
S09/20240307/00014,2,P106639,3,415.94,SALE,07-03-2024 18:50:05,S09,20240307
S09/20240307/00014,3,P101961,2,679.58,SALE,07-03-2024 18:50:05,S09,20240307
S09/20240307/00014,4,P107646,2,225.19,SALE,07-03-2024 18:50:05,S09,20240307
S09/20240307/00014,5,TAX,1,601.65,TAX,07-03-2024 18:50:05,S09,20240307
S09/20240307/00014,6,TENDER,1,7353.81,TENDER,07-03-2024 18:50:05,S09,20240307
S09/20240307/00015,1,P102972,2,212.89,SALE,07-03-2024 11:37:27,S09,20240307
S09/20240307/00015,2,P107568,1,147.18,SALE,07-03-2024 11:37:27,S09,20240307
S09/20240307/00015,3,P107943,1,252.32,SALE,07-03-2024 11:37:27,S09,20240307
S09/20240307/00015,4,P102982,1,263.07,SALE,07-03-2024 11:37:27,S09,20240307
S09/20240307/00015,5,TAX,1,151.22,TAX,07-03-2024 11:37:27,S09,20240307
S09/20240307/00015,6,TENDER,1,1239.57,TENDER,07-03-2024 11:37:27,S09,20240307
S09/20240307/00016,1,P107242,2,589.95,SALE,07-03-2024 17:00:04,S09,20240307
S09/20240307/00016,2,P105923,2,242.95,SALE,07-03-2024 17:00:04,S09,20240307
S09/20240307/00016,3,P108179,3,266.27,SALE,07-03-2024 17:00:04,S09,20240307
S09/20240307/00016,4,TAX,1,179.15,TAX,07-03-2024 17:00:04,S09,20240307
S09/20240307/00016,5,TENDER,1,2643.76,TENDER,07-03-2024 17:00:04,S09,20240307
S09/20240307/00017,1,P100483,3,819.95,SALE,07-03-2024 15:26:06,S09,20240307
S09/20240307/00017,2,P102112,1,389.72,SALE,07-03-2024 15:26:06,S09,20240307
S09/20240307/00017,3,P106443,2,53.05,SALE,07-03-2024 15:26:06,S09,20240307
S09/20240307/00017,4,P104266,1,386.95,SALE,07-03-2024 15:26:06,S09,20240307
S09/20240307/00017,5,TAX,1,121.72,TAX,07-03-2024 15:26:06,S09,20240307
S09/20240307/00017,6,TENDER,1,3464.34,TENDER,07-03-2024 15:26:06,S09,20240307
S09/20240307/00018,1,P100722,3,287.33,SALE,07-03-2024 12:44:23,S09,20240307
S09/20240307/00018,2,P106277,2,395.95,SALE,07-03-2024 12:44:23,S09,20240307
S09/20240307/00018,3,P102364,2,104.57,SALE,07-03-2024 12:44:23,S09,20240307
S09/20240307/00018,4,P102516,3,1272.67,SALE,07-03-2024 12:44:23,S09,20240307
S09/20240307/00018,5,P102569,4,119.46,SALE,07-03-2024 12:44:23,S09,20240307
S09/20240307/00018,6,P101766,1,189.95,SALE,07-03-2024 12:44:23,S09,20240307
S09/20240307/00018,7,P108017,5,103.22,SALE,07-03-2024 12:44:23,S09,20240307
S09/20240307/00018,8,TAX,1,348.28,TAX,07-03-2024 12:44:23,S09,20240307
S09/20240307/00018,9,TENDER,1,7213.21,TENDER,07-03-2024 12:44:23,S09,20240307
S09/20240307/00019,1,P105707,2,130.64,SALE,07-03-2024 17:09:35,S09,20240307
S09/20240307/00019,2,P102296,2,43.24,SALE,07-03-2024 17:09:35,S09,20240307
S09/20240307/00019,3,P105100,1,276.61,SALE,07-03-2024 17:09:35,S09,20240307
S09/20240307/00019,4,P101904,2,634.24,SALE,07-03-2024 17:09:35,S09,20240307
S09/20240307/00019,5,P106297,3,139.95,SALE,07-03-2024 17:09:35,S09,20240307
S09/20240307/00019,6,P102821,2,1356.95,SALE,07-03-2024 17:09:35,S09,20240307
S09/20240307/00019,7,P102931,3,737.59,SALE,07-03-2024 17:09:35,S09,20240307
S09/20240307/00019,8,P103701,3,1171.33,SALE,07-03-2024 17:09:35,S09,20240307
S09/20240307/00019,9,P101802,2,41.95,SALE,07-03-2024 17:09:35,S09,20240307
S09/20240307/00019,10,TAX,1,691.14,TAX,07-03-2024 17:09:35,S09,20240307
S09/20240307/00019,11,TENDER,1,11528.40,TENDER,07-03-2024 17:09:35,S09,20240307
S09/20240307/00020,1,P103563,2,21.95,SALE,07-03-2024 16:17:49,S09,20240307
S09/20240307/00020,2,P102502,3,366.79,SALE,07-03-2024 16:17:49,S09,20240307
S09/20240307/00020,3,P104417,2,322.95,SALE,07-03-2024 16:17:49,S09,20240307
S09/20240307/00020,4,P108110,2,15.95,SALE,07-03-2024 16:17:49,S09,20240307
S09/20240307/00020,5,P100421,2,129.94,SALE,07-03-2024 16:17:49,S09,20240307
S09/20240307/00020,6,TAX,1,289.22,TAX,07-03-2024 16:17:49,S09,20240307
S09/20240307/00020,7,TENDER,1,2371.17,TENDER,07-03-2024 16:17:49,S09,20240307
S09/20240308/00001,1,P107100,2,171.95,SALE,08-03-2024 19:45:42,S09,20240308
S09/20240308/00001,2,P100985,2,252.81,SALE,08-03-2024 19:45:42,S09,20240308
S09/20240308/00001,3,P108227,3,551.58,SALE,08-03-2024 19:45:42,S09,20240308
S09/20240308/00001,4,P100086,2,88.95,SALE,08-03-2024 19:45:42,S09,20240308
S09/20240308/00001,5,P107190,2,223.50,SALE,08-03-2024 19:45:42,S09,20240308
S09/20240308/00001,6,P108008,2,128.46,SALE,08-03-2024 19:45:42,S09,20240308
S09/20240308/00001,7,P105997,2,115.85,SALE,08-03-2024 19:45:42,S09,20240308
S09/20240308/00001,8,P107733,1,55.17,SALE,08-03-2024 19:45:42,S09,20240308
S09/20240308/00001,9,P100499,2,234.95,SALE,08-03-2024 19:45:42,S09,20240308
S09/20240308/00001,10,TAX,1,338.61,TAX,08-03-2024 19:45:42,S09,20240308
S09/20240308/00001,11,TENDER,1,4481.46,TENDER,08-03-2024 19:45:42,S09,20240308
S09/20240308/00002,1,P104112,2,425.51,SALE,08-03-2024 16:00:43,S09,20240308
S09/20240308/00002,2,P108262,3,601.82,SALE,08-03-2024 16:00:43,S09,20240308
S09/20240308/00002,3,P104194,3,119.04,SALE,08-03-2024 16:00:43,S09,20240308
S09/20240308/00002,4,P103372,1,43.95,SALE,08-03-2024 16:00:43,S09,20240308
S09/20240308/00002,5,P104980,1,69.95,SALE,08-03-2024 16:00:43,S09,20240308
S09/20240308/00002,6,DISC,1,-157.41,DISCOUNT,08-03-2024 16:00:43,S09,20240308
S09/20240308/00002,7,TAX,1,477.49,TAX,08-03-2024 16:00:43,S09,20240308
S09/20240308/00002,8,TENDER,1,3447.58,TENDER,08-03-2024 16:00:43,S09,20240308
S09/20240308/00003,1,P105507,1,19.95,SALE,08-03-2024 11:52:33,S09,20240308
S09/20240308/00003,2,P107327,2,1146.95,SALE,08-03-2024 11:52:33,S09,20240308
S09/20240308/00003,3,P104219,2,230.95,SALE,08-03-2024 11:52:33,S09,20240308
S09/20240308/00003,4,TAX,1,55.43,TAX,08-03-2024 11:52:33,S09,20240308
S09/20240308/00003,5,TENDER,1,2831.18,TENDER,08-03-2024 11:52:33,S09,20240308
S09/20240308/00004,1,P103249,2,521.24,SALE,08-03-2024 11:34:42,S09,20240308
S09/20240308/00004,2,P106669,2,102.72,SALE,08-03-2024 11:34:42,S09,20240308
S09/20240308/00004,3,P108361,2,69.61,SALE,08-03-2024 11:34:42,S09,20240308
S09/20240308/00004,4,TAX,1,62.40,TAX,08-03-2024 11:34:42,S09,20240308
S09/20240308/00004,5,TENDER,1,1449.54,TENDER,08-03-2024 11:34:42,S09,20240308
S09/20240308/00005,1,P102335,3,94.25,SALE,08-03-2024 13:38:36,S09,20240308
S09/20240308/00005,2,P102623,1,110.85,SALE,08-03-2024 13:38:36,S09,20240308
S09/20240308/00005,3,P102424,1,333.88,SALE,08-03-2024 13:38:36,S09,20240308
S09/20240308/00005,4,P105677,1,89.95,SALE,08-03-2024 13:38:36,S09,20240308
S09/20240308/00005,5,TAX,1,97.08,TAX,08-03-2024 13:38:36,S09,20240308
S09/20240308/00005,6,TENDER,1,914.51,TENDER,08-03-2024 13:38:36,S09,20240308
S09/20240308/00006,1,P102480,3,198.67,SALE,08-03-2024 12:33:09,S09,20240308
S09/20240308/00006,2,P106344,4,817.92,SALE,08-03-2024 12:33:09,S09,20240308
S09/20240308/00006,3,P102903,4,51.46,SALE,08-03-2024 12:33:09,S09,20240308
S09/20240308/00006,4,P101272,3,87.22,SALE,08-03-2024 12:33:09,S09,20240308
S09/20240308/00006,5,P100711,1,96.75,SALE,08-03-2024 12:33:09,S09,20240308
S09/20240308/00006,6,P102353,1,141.95,SALE,08-03-2024 12:33:09,S09,20240308
S09/20240308/00006,7,P101465,2,498.53,SALE,08-03-2024 12:33:09,S09,20240308
S09/20240308/00006,8,P103896,1,200.95,SALE,08-03-2024 12:33:09,S09,20240308
S09/20240308/00006,9,P100418,3,204.95,SALE,08-03-2024 12:33:09,S09,20240308
S09/20240308/00006,10,DISC,1,-215.55,DISCOUNT,08-03-2024 12:33:09,S09,20240308
S09/20240308/00006,11,TAX,1,309.29,TAX,08-03-2024 12:33:09,S09,20240308
S09/20240308/00006,12,TENDER,1,6480.49,TENDER,08-03-2024 12:33:09,S09,20240308
S09/20240308/00007,1,P100956,2,415.95,SALE,08-03-2024 16:22:53,S09,20240308
S09/20240308/00007,2,P105307,2,863.64,SALE,08-03-2024 16:22:53,S09,20240308
S09/20240308/00007,3,P105882,2,221.21,SALE,08-03-2024 16:22:53,S09,20240308
S09/20240308/00007,4,TAX,1,207.59,TAX,08-03-2024 16:22:53,S09,20240308
S09/20240308/00007,5,TENDER,1,3209.19,TENDER,08-03-2024 16:22:53,S09,20240308
S09/20240308/00008,1,P100761,1,51.26,SALE,08-03-2024 19:17:49,S09,20240308
S09/20240308/00008,2,P102103,2,345.70,SALE,08-03-2024 19:17:49,S09,20240308
S09/20240308/00008,3,P104858,2,297.94,SALE,08-03-2024 19:17:49,S09,20240308
S09/20240308/00008,4,P101004,1,708.94,SALE,08-03-2024 19:17:49,S09,20240308
S09/20240308/00008,5,TAX,1,283.59,TAX,08-03-2024 19:17:49,S09,20240308
S09/20240308/00008,6,TENDER,1,2331.07,TENDER,08-03-2024 19:17:49,S09,20240308
S09/20240308/00009,1,P107435,1,549.51,SALE,08-03-2024 10:48:49,S09,20240308
S09/20240308/00009,2,P104417,3,322.95,SALE,08-03-2024 10:48:49,S09,20240308
S09/20240308/00009,3,P107623,3,428.64,SALE,08-03-2024 10:48:49,S09,20240308
S09/20240308/00009,4,P101101,2,74.25,SALE,08-03-2024 10:48:49,S09,20240308
S09/20240308/00009,5,P100560,2,192.67,SALE,08-03-2024 10:48:49,S09,20240308
S09/20240308/00009,6,P100172,2,171.71,SALE,08-03-2024 10:48:49,S09,20240308
S09/20240308/00009,7,TAX,1,527.87,TAX,08-03-2024 10:48:49,S09,20240308
S09/20240308/00009,8,TENDER,1,4209.41,TENDER,08-03-2024 10:48:49,S09,20240308
S09/20240308/00010,1,P102375,1,487.64,SALE,08-03-2024 16:55:07,S09,20240308
S09/20240308/00010,2,P107063,2,374.87,SALE,08-03-2024 16:55:07,S09,20240308
S09/20240308/00010,3,TAX,1,177.74,TAX,08-03-2024 16:55:07,S09,20240308
S09/20240308/00010,4,TENDER,1,1415.12,TENDER,08-03-2024 16:55:07,S09,20240308
S09/20240308/00011,1,P102585,1,516.36,SALE,08-03-2024 20:30:14,S09,20240308
S09/20240308/00011,2,P100933,1,257.95,SALE,08-03-2024 20:30:14,S09,20240308
S09/20240308/00011,3,P105819,2,66.64,SALE,08-03-2024 20:30:14,S09,20240308
S09/20240308/00011,4,P102735,1,517.39,SALE,08-03-2024 20:30:14,S09,20240308
S09/20240308/00011,5,P102868,2,471.29,SALE,08-03-2024 20:30:14,S09,20240308
S09/20240308/00011,6,P104302,2,1205.95,SALE,08-03-2024 20:30:14,S09,20240308
S09/20240308/00011,7,P108191,2,301.95,SALE,08-03-2024 20:30:14,S09,20240308
S09/20240308/00011,8,TAX,1,678.66,TAX,08-03-2024 20:30:14,S09,20240308
S09/20240308/00011,9,TENDER,1,6062.02,TENDER,08-03-2024 20:30:14,S09,20240308
S09/20240308/00012,1,P103766,5,191.95,SALE,08-03-2024 19:35:52,S09,20240308
S09/20240308/00012,2,P106115,1,128.36,SALE,08-03-2024 19:35:52,S09,20240308
S09/20240308/00012,3,P103600,3,98.09,SALE,08-03-2024 19:35:52,S09,20240308
S09/20240308/00012,4,P107145,2,235.69,SALE,08-03-2024 19:35:52,S09,20240308
S09/20240308/00012,5,P100033,1,763.12,SALE,08-03-2024 19:35:52,S09,20240308
S09/20240308/00012,6,DISC,1,-120.63,DISCOUNT,08-03-2024 19:35:52,S09,20240308
S09/20240308/00012,7,TAX,1,172.21,TAX,08-03-2024 19:35:52,S09,20240308
S09/20240308/00012,8,TENDER,1,2668.46,TENDER,08-03-2024 19:35:52,S09,20240308
S09/20240308/00013,1,P107681,3,184.66,SALE,08-03-2024 13:48:40,S09,20240308
S09/20240308/00013,2,P103294,2,67.95,SALE,08-03-2024 13:48:40,S09,20240308
S09/20240308/00013,3,P106300,1,387.92,SALE,08-03-2024 13:48:40,S09,20240308
S09/20240308/00013,4,TAX,1,153.06,TAX,08-03-2024 13:48:40,S09,20240308
S09/20240308/00013,5,TENDER,1,1230.86,TENDER,08-03-2024 13:48:40,S09,20240308
S09/20240308/00014,1,P103040,3,402.85,SALE,08-03-2024 18:16:15,S09,20240308
S09/20240308/00014,2,P102248,1,21.80,SALE,08-03-2024 18:16:15,S09,20240308
S09/20240308/00014,3,P103680,1,206.25,SALE,08-03-2024 18:16:15,S09,20240308
S09/20240308/00014,4,P101592,1,280.95,SALE,08-03-2024 18:16:15,S09,20240308
S09/20240308/00014,5,P101052,2,198.99,SALE,08-03-2024 18:16:15,S09,20240308
S09/20240308/00014,6,P101258,3,208.34,SALE,08-03-2024 18:16:15,S09,20240308
S09/20240308/00014,7,TAX,1,452.25,TAX,08-03-2024 18:16:15,S09,20240308
S09/20240308/00014,8,TENDER,1,3192.80,TENDER,08-03-2024 18:16:15,S09,20240308
S09/20240308/00015,1,P106599,2,224.95,SALE,08-03-2024 14:01:35,S09,20240308
S09/20240308/00015,2,P100421,2,129.94,SALE,08-03-2024 14:01:35,S09,20240308
S09/20240308/00015,3,P102849,5,641.17,SALE,08-03-2024 14:01:35,S09,20240308
S09/20240308/00015,4,P107676,2,186.95,SALE,08-03-2024 14:01:35,S09,20240308
S09/20240308/00015,5,TAX,1,425.89,TAX,08-03-2024 14:01:35,S09,20240308
S09/20240308/00015,6,TENDER,1,4715.42,TENDER,08-03-2024 14:01:35,S09,20240308
S09/20240308/00016,1,P105167,2,771.95,SALE,08-03-2024 18:25:06,S09,20240308
S09/20240308/00016,2,P100194,2,42.41,SALE,08-03-2024 18:25:06,S09,20240308
S09/20240308/00016,3,P101311,2,481.74,SALE,08-03-2024 18:25:06,S09,20240308
S09/20240308/00016,4,P107667,2,338.95,SALE,08-03-2024 18:25:06,S09,20240308
S09/20240308/00016,5,P106577,1,46.90,SALE,08-03-2024 18:25:06,S09,20240308
S09/20240308/00016,6,P107903,2,144.89,SALE,08-03-2024 18:25:06,S09,20240308
S09/20240308/00016,7,P101454,1,130.95,SALE,08-03-2024 18:25:06,S09,20240308
S09/20240308/00016,8,TAX,1,292.20,TAX,08-03-2024 18:25:06,S09,20240308
S09/20240308/00016,9,TENDER,1,4029.93,TENDER,08-03-2024 18:25:06,S09,20240308
S09/20240308/00017,1,P103680,1,206.25,SALE,08-03-2024 18:46:47,S09,20240308
S09/20240308/00017,2,P100326,4,44.54,SALE,08-03-2024 18:46:47,S09,20240308
S09/20240308/00017,3,P102181,1,1394.08,SALE,08-03-2024 18:46:47,S09,20240308
S09/20240308/00017,4,P105092,1,421.74,SALE,08-03-2024 18:46:47,S09,20240308
S09/20240308/00017,5,TAX,1,107.98,TAX,08-03-2024 18:46:47,S09,20240308
S09/20240308/00017,6,TENDER,1,2308.21,TENDER,08-03-2024 18:46:47,S09,20240308
S09/20240308/00018,1,P100519,1,365.61,SALE,08-03-2024 11:27:29,S09,20240308
S09/20240308/00018,2,P108206,2,609.36,SALE,08-03-2024 11:27:29,S09,20240308
S09/20240308/00018,3,P106443,2,53.05,SALE,08-03-2024 11:27:29,S09,20240308
S09/20240308/00018,4,P101564,2,154.29,SALE,08-03-2024 11:27:29,S09,20240308
S09/20240308/00018,5,P103299,1,220.95,SALE,08-03-2024 11:27:29,S09,20240308
S09/20240308/00018,6,P106024,4,426.19,SALE,08-03-2024 11:27:29,S09,20240308
S09/20240308/00018,7,P104485,3,582.09,SALE,08-03-2024 11:27:29,S09,20240308
S09/20240308/00018,8,P101076,1,606.89,SALE,08-03-2024 11:27:29,S09,20240308
S09/20240308/00018,9,P104181,3,279.95,SALE,08-03-2024 11:27:29,S09,20240308
S09/20240308/00018,10,DISC,1,-753.32,DISCOUNT,08-03-2024 11:27:29,S09,20240308
S09/20240308/00018,11,TAX,1,708.20,TAX,08-03-2024 11:27:29,S09,20240308
S09/20240308/00018,12,TENDER,1,7072.61,TENDER,08-03-2024 11:27:29,S09,20240308
S09/20240309/00001,1,P103249,4,521.24,SALE,09-03-2024 16:56:39,S09,20240309
S09/20240309/00001,2,P104600,1,48.49,SALE,09-03-2024 16:56:39,S09,20240309
S09/20240309/00001,3,P102202,1,184.86,SALE,09-03-2024 16:56:39,S09,20240309
S09/20240309/00001,4,P106948,2,160.95,SALE,09-03-2024 16:56:39,S09,20240309
S09/20240309/00001,5,TAX,1,156.04,TAX,09-03-2024 16:56:39,S09,20240309
S09/20240309/00001,6,TENDER,1,2796.25,TENDER,09-03-2024 16:56:39,S09,20240309
S09/20240309/00002,1,P100456,4,982.47,SALE,09-03-2024 15:57:45,S09,20240309
S09/20240309/00002,2,P104257,1,41.91,SALE,09-03-2024 15:57:45,S09,20240309
S09/20240309/00002,3,TAX,1,198.59,TAX,09-03-2024 15:57:45,S09,20240309
S09/20240309/00002,4,TENDER,1,4170.38,TENDER,09-03-2024 15:57:45,S09,20240309
S09/20240309/00003,1,P105695,2,135.65,SALE,09-03-2024 11:29:13,S09,20240309
S09/20240309/00003,2,P105860,4,141.88,SALE,09-03-2024 11:29:13,S09,20240309
S09/20240309/00003,3,P105524,2,77.90,SALE,09-03-2024 11:29:13,S09,20240309
S09/20240309/00003,4,P104121,3,130.95,SALE,09-03-2024 11:29:13,S09,20240309
S09/20240309/00003,5,P106367,2,650.25,SALE,09-03-2024 11:29:13,S09,20240309
S09/20240309/00003,6,TAX,1,177.35,TAX,09-03-2024 11:29:13,S09,20240309
S09/20240309/00003,7,TENDER,1,2865.32,TENDER,09-03-2024 11:29:13,S09,20240309
S09/20240309/00004,1,P106115,2,128.36,SALE,09-03-2024 15:14:43,S09,20240309
S09/20240309/00004,2,P101101,1,74.25,SALE,09-03-2024 15:14:43,S09,20240309
S09/20240309/00004,3,P105219,3,653.26,SALE,09-03-2024 15:14:43,S09,20240309
S09/20240309/00004,4,P108292,1,104.02,SALE,09-03-2024 15:14:43,S09,20240309
S09/20240309/00004,5,P103693,2,97.06,SALE,09-03-2024 15:14:43,S09,20240309
S09/20240309/00004,6,TAX,1,407.88,TAX,09-03-2024 15:14:43,S09,20240309
S09/20240309/00004,7,TENDER,1,2996.77,TENDER,09-03-2024 15:14:43,S09,20240309
S09/20240309/00005,1,P100816,1,742.63,SALE,09-03-2024 12:30:27,S09,20240309
S09/20240309/00005,2,P100049,1,66.95,SALE,09-03-2024 12:30:27,S09,20240309
S09/20240309/00005,3,TAX,1,101.17,TAX,09-03-2024 12:30:27,S09,20240309
S09/20240309/00005,4,TENDER,1,910.75,TENDER,09-03-2024 12:30:27,S09,20240309
S09/20240309/00006,1,P106602,3,120.10,SALE,09-03-2024 22:48:49,S09,20240309
S09/20240309/00006,2,P103727,3,116.95,SALE,09-03-2024 22:48:49,S09,20240309
S09/20240309/00006,3,TAX,1,60.12,TAX,09-03-2024 22:48:49,S09,20240309
S09/20240309/00006,4,TENDER,1,771.27,TENDER,09-03-2024 22:48:49,S09,20240309
S09/20240309/00007,1,P100203,2,241.95,SALE,09-03-2024 10:33:07,S09,20240309
S09/20240309/00007,2,P104938,1,999.94,SALE,09-03-2024 10:33:07,S09,20240309
S09/20240309/00007,3,P106106,1,219.14,SALE,09-03-2024 10:33:07,S09,20240309
S09/20240309/00007,4,P104867,3,190.50,SALE,09-03-2024 10:33:07,S09,20240309
S09/20240309/00007,5,P105413,1,1243.79,SALE,09-03-2024 10:33:07,S09,20240309
S09/20240309/00007,6,P103668,2,1416.40,SALE,09-03-2024 10:33:07,S09,20240309
S09/20240309/00007,7,TAX,1,503.10,TAX,09-03-2024 10:33:07,S09,20240309
S09/20240309/00007,8,TENDER,1,6854.17,TENDER,09-03-2024 10:33:07,S09,20240309
S09/20240309/00008,1,P107646,3,225.19,SALE,09-03-2024 15:13:39,S09,20240309
S09/20240309/00008,2,P107621,2,92.47,SALE,09-03-2024 15:13:39,S09,20240309
S09/20240309/00008,3,TAX,1,33.78,TAX,09-03-2024 15:13:39,S09,20240309
S09/20240309/00008,4,TENDER,1,894.29,TENDER,09-03-2024 15:13:39,S09,20240309
S09/20240309/00009,1,P107597,3,519.83,SALE,09-03-2024 11:56:16,S09,20240309
S09/20240309/00009,2,P108101,3,1603.81,SALE,09-03-2024 11:56:16,S09,20240309
S09/20240309/00009,3,P107822,1,68.95,SALE,09-03-2024 11:56:16,S09,20240309
S09/20240309/00009,4,P104277,1,136.95,SALE,09-03-2024 11:56:16,S09,20240309
S09/20240309/00009,5,P102207,2,348.89,SALE,09-03-2024 11:56:16,S09,20240309
S09/20240309/00009,6,P100438,1,64.40,SALE,09-03-2024 11:56:16,S09,20240309
S09/20240309/00009,7,TAX,1,771.14,TAX,09-03-2024 11:56:16,S09,20240309
S09/20240309/00009,8,TENDER,1,8110.14,TENDER,09-03-2024 11:56:16,S09,20240309
S09/20240309/00010,1,P100864,1,193.24,SALE,09-03-2024 17:25:45,S09,20240309
S09/20240309/00010,2,P101779,2,197.95,SALE,09-03-2024 17:25:45,S09,20240309
S09/20240309/00010,3,P100609,1,76.13,SALE,09-03-2024 17:25:45,S09,20240309
S09/20240309/00010,4,TAX,1,63.71,TAX,09-03-2024 17:25:45,S09,20240309
S09/20240309/00010,5,TENDER,1,728.98,TENDER,09-03-2024 17:25:45,S09,20240309
S09/20240309/00011,1,P103281,2,163.32,SALE,09-03-2024 16:29:20,S09,20240309
S09/20240309/00011,2,P102346,1,79.95,SALE,09-03-2024 16:29:20,S09,20240309
S09/20240309/00011,3,P105636,2,526.95,SALE,09-03-2024 16:29:20,S09,20240309
S09/20240309/00011,4,P108186,4,336.07,SALE,09-03-2024 16:29:20,S09,20240309
S09/20240309/00011,5,P100632,2,331.55,SALE,09-03-2024 16:29:20,S09,20240309
S09/20240309/00011,6,TAX,1,349.06,TAX,09-03-2024 16:29:20,S09,20240309
S09/20240309/00011,7,TENDER,1,3816.93,TENDER,09-03-2024 16:29:20,S09,20240309
S09/20240309/00012,1,P100519,6,365.61,SALE,09-03-2024 15:37:56,S09,20240309
S09/20240309/00012,2,P101492,1,110.48,SALE,09-03-2024 15:37:56,S09,20240309
S09/20240309/00012,3,P105425,3,146.30,SALE,09-03-2024 15:37:56,S09,20240309
S09/20240309/00012,4,TAX,1,305.07,TAX,09-03-2024 15:37:56,S09,20240309
S09/20240309/00012,5,TENDER,1,3048.11,TENDER,09-03-2024 15:37:56,S09,20240309
S09/20240309/00013,1,P100203,2,241.95,SALE,09-03-2024 19:49:08,S09,20240309
S09/20240309/00013,2,P105838,3,594.50,SALE,09-03-2024 19:49:08,S09,20240309
S09/20240309/00013,3,P105069,2,162.60,SALE,09-03-2024 19:49:08,S09,20240309
S09/20240309/00013,4,P105100,1,276.61,SALE,09-03-2024 19:49:08,S09,20240309
S09/20240309/00013,5,P104410,1,418.95,SALE,09-03-2024 19:49:08,S09,20240309
S09/20240309/00013,6,P105531,4,472.66,SALE,09-03-2024 19:49:08,S09,20240309
S09/20240309/00013,7,TAX,1,434.81,TAX,09-03-2024 19:49:08,S09,20240309
S09/20240309/00013,8,TENDER,1,5613.61,TENDER,09-03-2024 19:49:08,S09,20240309
S09/20240309/00014,1,P105609,1,817.71,SALE,09-03-2024 13:27:14,S09,20240309
S09/20240309/00014,2,P103629,1,57.95,SALE,09-03-2024 13:27:14,S09,20240309
S09/20240309/00014,3,P108234,1,32.17,SALE,09-03-2024 13:27:14,S09,20240309
S09/20240309/00014,4,P108379,3,305.48,SALE,09-03-2024 13:27:14,S09,20240309
S09/20240309/00014,5,TAX,1,126.19,TAX,09-03-2024 13:27:14,S09,20240309
S09/20240309/00014,6,TENDER,1,1950.46,TENDER,09-03-2024 13:27:14,S09,20240309
S09/20240309/00015,1,P100131,1,636.95,SALE,09-03-2024 14:16:32,S09,20240309
S09/20240309/00015,2,P108397,2,286.03,SALE,09-03-2024 14:16:32,S09,20240309
S09/20240309/00015,3,P100946,2,75.81,SALE,09-03-2024 14:16:32,S09,20240309
S09/20240309/00015,4,P102648,1,435.00,SALE,09-03-2024 14:16:32,S09,20240309
S09/20240309/00015,5,P102768,5,152.65,SALE,09-03-2024 14:16:32,S09,20240309
S09/20240309/00015,6,TAX,1,388.06,TAX,09-03-2024 14:16:32,S09,20240309
S09/20240309/00015,7,TENDER,1,2946.94,TENDER,09-03-2024 14:16:32,S09,20240309
S09/20240309/00016,1,P107775,1,733.56,SALE,09-03-2024 15:45:21,S09,20240309
S09/20240309/00016,2,P105878,3,268.52,SALE,09-03-2024 15:45:21,S09,20240309
S09/20240309/00016,3,P103629,3,57.95,SALE,09-03-2024 15:45:21,S09,20240309
S09/20240309/00016,4,P102598,2,132.95,SALE,09-03-2024 15:45:21,S09,20240309
S09/20240309/00016,5,P106639,2,415.94,SALE,09-03-2024 15:45:21,S09,20240309
S09/20240309/00016,6,P100112,2,91.95,SALE,09-03-2024 15:45:21,S09,20240309
S09/20240309/00016,7,P101004,2,708.94,SALE,09-03-2024 15:45:21,S09,20240309
S09/20240309/00016,8,P103785,2,491.90,SALE,09-03-2024 15:45:21,S09,20240309
S09/20240309/00016,9,TAX,1,529.38,TAX,09-03-2024 15:45:21,S09,20240309
S09/20240309/00016,10,TENDER,1,5925.71,TENDER,09-03-2024 15:45:21,S09,20240309
S09/20240309/00017,1,P100974,2,39.19,SALE,09-03-2024 16:28:18,S09,20240309
S09/20240309/00017,2,P104187,2,86.95,SALE,09-03-2024 16:28:18,S09,20240309
S09/20240309/00017,3,P101384,3,43.95,SALE,09-03-2024 16:28:18,S09,20240309
S09/20240309/00017,4,P108017,2,103.22,SALE,09-03-2024 16:28:18,S09,20240309
S09/20240309/00017,5,P101681,2,132.46,SALE,09-03-2024 16:28:18,S09,20240309
S09/20240309/00017,6,P100609,1,76.13,SALE,09-03-2024 16:28:18,S09,20240309
S09/20240309/00017,7,TAX,1,60.13,TAX,09-03-2024 16:28:18,S09,20240309
S09/20240309/00017,8,TENDER,1,991.75,TENDER,09-03-2024 16:28:18,S09,20240309
S09/20240309/00018,1,P107231,2,1193.22,SALE,09-03-2024 12:39:12,S09,20240309
S09/20240309/00018,2,P102021,1,90.22,SALE,09-03-2024 12:39:12,S09,20240309
S09/20240309/00018,3,P102671,2,231.95,SALE,09-03-2024 12:39:12,S09,20240309
S09/20240309/00018,4,P107292,2,324.95,SALE,09-03-2024 12:39:12,S09,20240309
S09/20240309/00018,5,P105331,4,270.95,SALE,09-03-2024 12:39:12,S09,20240309
S09/20240309/00018,6,P101622,3,259.77,SALE,09-03-2024 12:39:12,S09,20240309
S09/20240309/00018,7,P103137,1,218.09,SALE,09-03-2024 12:39:12,S09,20240309
S09/20240309/00018,8,TAX,1,291.64,TAX,09-03-2024 12:39:12,S09,20240309
S09/20240309/00018,9,TENDER,1,5963.30,TENDER,09-03-2024 12:39:12,S09,20240309
S09/20240309/00019,1,P101004,1,708.94,SALE,09-03-2024 19:30:11,S09,20240309
S09/20240309/00019,2,P107137,1,31.95,SALE,09-03-2024 19:30:11,S09,20240309
S09/20240309/00019,3,TAX,1,85.07,TAX,09-03-2024 19:30:11,S09,20240309
S09/20240309/00019,4,TENDER,1,825.96,TENDER,09-03-2024 19:30:11,S09,20240309
S09/20240309/00020,1,P100210,2,1073.90,SALE,09-03-2024 17:23:57,S09,20240309
S09/20240309/00020,2,TAX,1,257.74,TAX,09-03-2024 17:23:57,S09,20240309
S09/20240309/00020,3,TENDER,1,2405.54,TENDER,09-03-2024 17:23:57,S09,20240309
S09/20240309/00021,1,P100536,1,471.52,SALE,09-03-2024 16:23:03,S09,20240309
S09/20240309/00021,2,P103606,1,178.05,SALE,09-03-2024 16:23:03,S09,20240309
S09/20240309/00021,3,TAX,1,93.78,TAX,09-03-2024 16:23:03,S09,20240309
S09/20240309/00021,4,TENDER,1,743.35,TENDER,09-03-2024 16:23:03,S09,20240309
S09/20240309/00022,1,P105075,1,46.35,SALE,09-03-2024 18:42:01,S09,20240309
S09/20240309/00022,2,P103727,4,116.95,SALE,09-03-2024 18:42:01,S09,20240309
S09/20240309/00022,3,P104688,2,178.09,SALE,09-03-2024 18:42:01,S09,20240309
S09/20240309/00022,4,P100879,2,155.98,SALE,09-03-2024 18:42:01,S09,20240309
S09/20240309/00022,5,DISC,1,-75.38,DISCOUNT,09-03-2024 18:42:01,S09,20240309
S09/20240309/00022,6,TAX,1,77.04,TAX,09-03-2024 18:42:01,S09,20240309
S09/20240309/00022,7,TENDER,1,1183.95,TENDER,09-03-2024 18:42:01,S09,20240309
S09/20240309/00023,1,P103757,1,147.98,SALE,09-03-2024 17:48:48,S09,20240309
S09/20240309/00023,2,P100441,3,419.95,SALE,09-03-2024 17:48:48,S09,20240309
S09/20240309/00023,3,P105614,2,652.27,SALE,09-03-2024 17:48:48,S09,20240309
S09/20240309/00023,4,P105684,2,1096.95,SALE,09-03-2024 17:48:48,S09,20240309
S09/20240309/00023,5,TAX,1,503.09,TAX,09-03-2024 17:48:48,S09,20240309
S09/20240309/00023,6,TENDER,1,5409.36,TENDER,09-03-2024 17:48:48,S09,20240309
S09/20240309/00024,1,P100086,3,88.95,SALE,09-03-2024 17:04:18,S09,20240309
S09/20240309/00024,2,P104789,2,65.95,SALE,09-03-2024 17:04:18,S09,20240309
S09/20240309/00024,3,P101156,2,91.80,SALE,09-03-2024 17:04:18,S09,20240309
S09/20240309/00024,4,P103372,4,43.95,SALE,09-03-2024 17:04:18,S09,20240309
S09/20240309/00024,5,P102972,2,212.89,SALE,09-03-2024 17:04:18,S09,20240309
S09/20240309/00024,6,P104625,5,220.95,SALE,09-03-2024 17:04:18,S09,20240309
S09/20240309/00024,7,P106920,1,1398.34,SALE,09-03-2024 17:04:18,S09,20240309
S09/20240309/00024,8,DISC,1,-416.89,DISCOUNT,09-03-2024 17:04:18,S09,20240309
S09/20240309/00024,9,TAX,1,93.36,TAX,09-03-2024 17:04:18,S09,20240309
S09/20240309/00024,10,TENDER,1,3363.49,TENDER,09-03-2024 17:04:18,S09,20240309
S09/20240310/00001,1,P102175,2,193.24,SALE,10-03-2024 13:55:20,S09,20240310
S09/20240310/00001,2,P100850,2,166.95,SALE,10-03-2024 13:55:20,S09,20240310
S09/20240310/00001,3,P104800,2,692.51,SALE,10-03-2024 13:55:20,S09,20240310
S09/20240310/00001,4,P102045,2,21.31,SALE,10-03-2024 13:55:20,S09,20240310
S09/20240310/00001,5,P103316,1,1749.88,SALE,10-03-2024 13:55:20,S09,20240310
S09/20240310/00001,6,P100131,3,636.95,SALE,10-03-2024 13:55:20,S09,20240310
S09/20240310/00001,7,P100210,1,1073.90,SALE,10-03-2024 13:55:20,S09,20240310
S09/20240310/00001,8,P108300,2,260.37,SALE,10-03-2024 13:55:20,S09,20240310
S09/20240310/00001,9,TAX,1,875.83,TAX,10-03-2024 13:55:20,S09,20240310
S09/20240310/00001,10,TENDER,1,8279.22,TENDER,10-03-2024 13:55:20,S09,20240310
S09/20240310/00002,1,P106221,3,33.55,SALE,10-03-2024 13:56:21,S09,20240310
S09/20240310/00002,2,P102931,1,737.59,SALE,10-03-2024 13:56:21,S09,20240310
S09/20240310/00002,3,P108216,2,71.71,SALE,10-03-2024 13:56:21,S09,20240310
S09/20240310/00002,4,P102874,1,142.38,SALE,10-03-2024 13:56:21,S09,20240310
S09/20240310/00002,5,TAX,1,69.29,TAX,10-03-2024 13:56:21,S09,20240310
S09/20240310/00002,6,TENDER,1,1193.33,TENDER,10-03-2024 13:56:21,S09,20240310
S09/20240310/00003,1,P106907,1,271.35,SALE,10-03-2024 12:01:21,S09,20240310
S09/20240310/00003,2,P106035,1,89.95,SALE,10-03-2024 12:01:21,S09,20240310
S09/20240310/00003,3,P101851,3,1750.29,SALE,10-03-2024 12:01:21,S09,20240310
S09/20240310/00003,4,P101127,2,45.95,SALE,10-03-2024 12:01:21,S09,20240310
S09/20240310/00003,5,TAX,1,16.19,TAX,10-03-2024 12:01:21,S09,20240310
S09/20240310/00003,6,TENDER,1,5720.26,TENDER,10-03-2024 12:01:21,S09,20240310
S09/20240310/00004,1,P106506,6,91.95,SALE,10-03-2024 18:31:28,S09,20240310
S09/20240310/00004,2,P106813,4,264.52,SALE,10-03-2024 18:31:28,S09,20240310
S09/20240310/00004,3,P103654,3,460.36,SALE,10-03-2024 18:31:28,S09,20240310
S09/20240310/00004,4,TAX,1,295.33,TAX,10-03-2024 18:31:28,S09,20240310
S09/20240310/00004,5,TENDER,1,3286.19,TENDER,10-03-2024 18:31:28,S09,20240310
S09/20240310/00005,1,P105980,1,263.95,SALE,10-03-2024 23:54:11,S09,20240310
S09/20240310/00005,2,P103105,4,29.46,SALE,10-03-2024 23:54:11,S09,20240310
S09/20240310/00005,3,P106611,2,341.44,SALE,10-03-2024 23:54:11,S09,20240310
S09/20240310/00005,4,TAX,1,134.83,TAX,10-03-2024 23:54:11,S09,20240310
S09/20240310/00005,5,TENDER,1,1199.50,TENDER,10-03-2024 23:54:11,S09,20240310
S09/20240310/00006,1,P101454,1,130.95,SALE,10-03-2024 17:04:01,S09,20240310
S09/20240310/00006,2,P101876,2,71.32,SALE,10-03-2024 17:04:01,S09,20240310
S09/20240310/00006,3,P107488,1,303.21,SALE,10-03-2024 17:04:01,S09,20240310
S09/20240310/00006,4,P104008,2,107.37,SALE,10-03-2024 17:04:01,S09,20240310
S09/20240310/00006,5,P104606,1,90.58,SALE,10-03-2024 17:04:01,S09,20240310
S09/20240310/00006,6,TAX,1,99.03,TAX,10-03-2024 17:04:01,S09,20240310
S09/20240310/00006,7,TENDER,1,981.15,TENDER,10-03-2024 17:04:01,S09,20240310
S09/20240310/00007,1,P103487,2,345.08,SALE,10-03-2024 19:55:29,S09,20240310
S09/20240310/00007,2,P104533,2,256.47,SALE,10-03-2024 19:55:29,S09,20240310
S09/20240310/00007,3,P105145,2,675.82,SALE,10-03-2024 19:55:29,S09,20240310
S09/20240310/00007,4,P104462,3,86.38,SALE,10-03-2024 19:55:29,S09,20240310
S09/20240310/00007,5,TAX,1,121.42,TAX,10-03-2024 19:55:29,S09,20240310
S09/20240310/00007,6,TENDER,1,2935.30,TENDER,10-03-2024 19:55:29,S09,20240310
S09/20240310/00008,1,P105460,2,143.35,SALE,10-03-2024 18:46:08,S09,20240310
S09/20240310/00008,2,P102321,3,27.09,SALE,10-03-2024 18:46:08,S09,20240310
S09/20240310/00008,3,P104950,2,91.01,SALE,10-03-2024 18:46:08,S09,20240310
S09/20240310/00008,4,P101339,4,222.95,SALE,10-03-2024 18:46:08,S09,20240310
S09/20240310/00008,5,P104032,1,568.95,SALE,10-03-2024 18:46:08,S09,20240310
S09/20240310/00008,6,P102569,2,119.46,SALE,10-03-2024 18:46:08,S09,20240310
S09/20240310/00008,7,TAX,1,269.79,TAX,10-03-2024 18:46:08,S09,20240310
S09/20240310/00008,8,TENDER,1,2519.45,TENDER,10-03-2024 18:46:08,S09,20240310
S09/20240310/00009,1,P107597,2,519.83,SALE,10-03-2024 13:33:55,S09,20240310
S09/20240310/00009,2,P108162,3,221.93,SALE,10-03-2024 13:33:55,S09,20240310
S09/20240310/00009,3,P105017,3,193.22,SALE,10-03-2024 13:33:55,S09,20240310
S09/20240310/00009,4,P100999,2,153.43,SALE,10-03-2024 13:33:55,S09,20240310
S09/20240310/00009,5,TAX,1,189.61,TAX,10-03-2024 13:33:55,S09,20240310
S09/20240310/00009,6,TENDER,1,2781.58,TENDER,10-03-2024 13:33:55,S09,20240310
S09/20240310/00010,1,P105589,2,84.80,SALE,10-03-2024 10:31:52,S09,20240310
S09/20240310/00010,2,P105479,1,237.28,SALE,10-03-2024 10:31:52,S09,20240310
S09/20240310/00010,3,P103118,3,40.95,SALE,10-03-2024 10:31:52,S09,20240310
S09/20240310/00010,4,P107178,1,294.44,SALE,10-03-2024 10:31:52,S09,20240310
S09/20240310/00010,5,P103668,2,1416.40,SALE,10-03-2024 10:31:52,S09,20240310
S09/20240310/00010,6,TAX,1,242.12,TAX,10-03-2024 10:31:52,S09,20240310
S09/20240310/00010,7,TENDER,1,3899.09,TENDER,10-03-2024 10:31:52,S09,20240310
S09/20240310/00011,1,P104011,4,655.99,SALE,10-03-2024 17:41:15,S09,20240310
S09/20240310/00011,2,P104651,1,540.51,SALE,10-03-2024 17:41:15,S09,20240310
S09/20240310/00011,3,P100711,2,96.75,SALE,10-03-2024 17:41:15,S09,20240310
S09/20240310/00011,4,P106710,1,93.71,SALE,10-03-2024 17:41:15,S09,20240310
S09/20240310/00011,5,TAX,1,247.76,TAX,10-03-2024 17:41:15,S09,20240310
S09/20240310/00011,6,TENDER,1,3699.44,TENDER,10-03-2024 17:41:15,S09,20240310
S09/20240310/00012,1,P102286,1,238.95,SALE,10-03-2024 15:44:39,S09,20240310
S09/20240310/00012,2,P107171,3,325.58,SALE,10-03-2024 15:44:39,S09,20240310
S09/20240310/00012,3,P101190,2,84.60,SALE,10-03-2024 15:44:39,S09,20240310
S09/20240310/00012,4,TAX,1,190.68,TAX,10-03-2024 15:44:39,S09,20240310
S09/20240310/00012,5,TENDER,1,1575.57,TENDER,10-03-2024 15:44:39,S09,20240310
S09/20240310/00013,1,P101101,3,74.25,SALE,10-03-2024 17:27:05,S09,20240310
S09/20240310/00013,2,P102585,1,516.36,SALE,10-03-2024 17:27:05,S09,20240310
S09/20240310/00013,3,P107119,6,15.87,SALE,10-03-2024 17:27:05,S09,20240310
S09/20240310/00013,4,TAX,1,69.69,TAX,10-03-2024 17:27:05,S09,20240310
S09/20240310/00013,5,TENDER,1,904.02,TENDER,10-03-2024 17:27:05,S09,20240310
S09/20240310/00014,1,P101048,4,188.58,SALE,10-03-2024 13:14:56,S09,20240310
S09/20240310/00014,2,P107859,2,130.84,SALE,10-03-2024 13:14:56,S09,20240310
S09/20240310/00014,3,P103004,1,78.61,SALE,10-03-2024 13:14:56,S09,20240310
S09/20240310/00014,4,P108313,3,372.95,SALE,10-03-2024 13:14:56,S09,20240310
S09/20240310/00014,5,P102255,1,167.76,SALE,10-03-2024 13:14:56,S09,20240310
S09/20240310/00014,6,P102909,1,48.95,SALE,10-03-2024 13:14:56,S09,20240310
S09/20240310/00014,7,TAX,1,188.99,TAX,10-03-2024 13:14:56,S09,20240310
S09/20240310/00014,8,TENDER,1,2619.16,TENDER,10-03-2024 13:14:56,S09,20240310
S09/20240310/00015,1,P101327,2,233.22,SALE,10-03-2024 17:38:53,S09,20240310
S09/20240310/00015,2,TAX,1,83.96,TAX,10-03-2024 17:38:53,S09,20240310
S09/20240310/00015,3,TENDER,1,550.40,TENDER,10-03-2024 17:38:53,S09,20240310
S09/20240310/00016,1,P106624,2,96.88,SALE,10-03-2024 13:18:42,S09,20240310
S09/20240310/00016,2,P103231,3,219.95,SALE,10-03-2024 13:18:42,S09,20240310
S09/20240310/00016,3,P104294,2,115.73,SALE,10-03-2024 13:18:42,S09,20240310
S09/20240310/00016,4,P103855,4,276.95,SALE,10-03-2024 13:18:42,S09,20240310
S09/20240310/00016,5,P106900,2,179.85,SALE,10-03-2024 13:18:42,S09,20240310
S09/20240310/00016,6,P106891,3,642.78,SALE,10-03-2024 13:18:42,S09,20240310
S09/20240310/00016,7,P102502,5,366.79,SALE,10-03-2024 13:18:42,S09,20240310
S09/20240310/00016,8,P105855,1,128.68,SALE,10-03-2024 13:18:42,S09,20240310
S09/20240310/00016,9,TAX,1,711.12,TAX,10-03-2024 13:18:42,S09,20240310
S09/20240310/00016,10,TENDER,1,7154.66,TENDER,10-03-2024 13:18:42,S09,20240310
S09/20240310/00017,1,P105835,1,243.66,SALE,10-03-2024 16:40:22,S09,20240310
S09/20240310/00017,2,P106624,3,96.88,SALE,10-03-2024 16:40:22,S09,20240310
S09/20240310/00017,3,P100999,2,153.43,SALE,10-03-2024 16:40:22,S09,20240310
S09/20240310/00017,4,P101634,3,25.05,SALE,10-03-2024 16:40:22,S09,20240310
S09/20240310/00017,5,TAX,1,25.71,TAX,10-03-2024 16:40:22,S09,20240310
S09/20240310/00017,6,TENDER,1,942.02,TENDER,10-03-2024 16:40:22,S09,20240310
S09/20240310/00018,1,P108338,2,218.68,SALE,10-03-2024 17:17:10,S09,20240310
S09/20240310/00018,2,P102193,2,343.13,SALE,10-03-2024 17:17:10,S09,20240310
S09/20240310/00018,3,P107899,3,197.21,SALE,10-03-2024 17:17:10,S09,20240310
S09/20240310/00018,4,TAX,1,231.83,TAX,10-03-2024 17:17:10,S09,20240310
S09/20240310/00018,5,TENDER,1,1947.08,TENDER,10-03-2024 17:17:10,S09,20240310
S09/20240310/00019,1,P103927,2,199.51,SALE,10-03-2024 19:13:28,S09,20240310
S09/20240310/00019,2,P104784,1,370.89,SALE,10-03-2024 19:13:28,S09,20240310
S09/20240310/00019,3,P105684,2,1096.95,SALE,10-03-2024 19:13:28,S09,20240310
S09/20240310/00019,4,P101083,1,312.05,SALE,10-03-2024 19:13:28,S09,20240310
S09/20240310/00019,5,P108292,3,104.02,SALE,10-03-2024 19:13:28,S09,20240310
S09/20240310/00019,6,P107686,4,347.22,SALE,10-03-2024 19:13:28,S09,20240310
S09/20240310/00019,7,TAX,1,480.32,TAX,10-03-2024 19:13:28,S09,20240310
S09/20240310/00019,8,TENDER,1,5457.12,TENDER,10-03-2024 19:13:28,S09,20240310
S09/20240310/00020,1,P107575,3,65.95,SALE,10-03-2024 15:14:23,S09,20240310
S09/20240310/00020,2,P106989,2,24.76,SALE,10-03-2024 15:14:23,S09,20240310
S09/20240310/00020,3,P101393,2,32.95,SALE,10-03-2024 15:14:23,S09,20240310
S09/20240310/00020,4,P102880,3,547.95,SALE,10-03-2024 15:14:23,S09,20240310
S09/20240310/00020,5,P107278,1,57.40,SALE,10-03-2024 15:14:23,S09,20240310
S09/20240310/00020,6,P103337,2,79.95,SALE,10-03-2024 15:14:23,S09,20240310
S09/20240310/00020,7,TAX,1,109.28,TAX,10-03-2024 15:14:23,S09,20240310
S09/20240310/00020,8,TENDER,1,2283.70,TENDER,10-03-2024 15:14:23,S09,20240310
S09/20240310/00021,1,P107149,1,145.83,SALE,10-03-2024 15:30:37,S09,20240310
S09/20240310/00021,2,P105656,1,438.95,SALE,10-03-2024 15:30:37,S09,20240310
S09/20240310/00021,3,P106388,2,1042.36,SALE,10-03-2024 15:30:37,S09,20240310
S09/20240310/00021,4,P108346,1,478.23,SALE,10-03-2024 15:30:37,S09,20240310
S09/20240310/00021,5,P102972,1,212.89,SALE,10-03-2024 15:30:37,S09,20240310
S09/20240310/00021,6,P102531,3,148.36,SALE,10-03-2024 15:30:37,S09,20240310
S09/20240310/00021,7,TAX,1,129.12,TAX,10-03-2024 15:30:37,S09,20240310
S09/20240310/00021,8,TENDER,1,3934.82,TENDER,10-03-2024 15:30:37,S09,20240310
S09/20240310/00022,1,P103354,3,844.26,SALE,10-03-2024 15:54:27,S09,20240310
S09/20240310/00022,2,P104133,2,248.31,SALE,10-03-2024 15:54:27,S09,20240310
S09/20240310/00022,3,P102913,2,347.82,SALE,10-03-2024 15:54:27,S09,20240310
S09/20240310/00022,4,P101359,1,438.42,SALE,10-03-2024 15:54:27,S09,20240310
S09/20240310/00022,5,P101489,1,493.95,SALE,10-03-2024 15:54:27,S09,20240310
S09/20240310/00022,6,P105453,7,393.95,SALE,10-03-2024 15:54:27,S09,20240310
S09/20240310/00022,7,TAX,1,658.77,TAX,10-03-2024 15:54:27,S09,20240310
S09/20240310/00022,8,TENDER,1,8073.83,TENDER,10-03-2024 15:54:27,S09,20240310
S09/20240310/00023,1,P104133,3,248.31,SALE,10-03-2024 16:58:25,S09,20240310
S09/20240310/00023,2,P102623,1,110.85,SALE,10-03-2024 16:58:25,S09,20240310
S09/20240310/00023,3,P107215,1,153.85,SALE,10-03-2024 16:58:25,S09,20240310
S09/20240310/00023,4,P103449,3,381.08,SALE,10-03-2024 16:58:25,S09,20240310
S09/20240310/00023,5,P106802,2,689.06,SALE,10-03-2024 16:58:25,S09,20240310
S09/20240310/00023,6,TAX,1,157.83,TAX,10-03-2024 16:58:25,S09,20240310
S09/20240310/00023,7,TENDER,1,3688.82,TENDER,10-03-2024 16:58:25,S09,20240310
S09/20240310/00024,1,P101674,2,373.95,SALE,10-03-2024 17:22:09,S09,20240310
S09/20240310/00024,2,P106490,2,574.62,SALE,10-03-2024 17:22:09,S09,20240310
S09/20240310/00024,3,P103811,2,801.95,SALE,10-03-2024 17:22:09,S09,20240310
S09/20240310/00024,4,P106357,3,1078.45,SALE,10-03-2024 17:22:09,S09,20240310
S09/20240310/00024,5,P103704,1,164.95,SALE,10-03-2024 17:22:09,S09,20240310
S09/20240310/00024,6,P103904,2,1066.24,SALE,10-03-2024 17:22:09,S09,20240310
S09/20240310/00024,7,P103701,4,1171.33,SALE,10-03-2024 17:22:09,S09,20240310
S09/20240310/00024,8,P106093,4,315.93,SALE,10-03-2024 17:22:09,S09,20240310
S09/20240310/00024,9,P104938,4,999.94,SALE,10-03-2024 17:22:09,S09,20240310
S09/20240310/00024,10,TAX,1,1525.06,TAX,10-03-2024 17:22:09,S09,20240310
S09/20240310/00024,11,TENDER,1,20507.68,TENDER,10-03-2024 17:22:09,S09,20240310
S09/20240310/00025,1,P100375,1,163.45,SALE,10-03-2024 15:37:10,S09,20240310
S09/20240310/00025,2,P102849,4,641.17,SALE,10-03-2024 15:37:10,S09,20240310
S09/20240310/00025,3,P100354,1,182.63,SALE,10-03-2024 15:37:10,S09,20240310
S09/20240310/00025,4,P100649,1,592.52,SALE,10-03-2024 15:37:10,S09,20240310
S09/20240310/00025,5,DISC,1,-355.98,DISCOUNT,10-03-2024 15:37:10,S09,20240310
S09/20240310/00025,6,TAX,1,330.14,TAX,10-03-2024 15:37:10,S09,20240310
S09/20240310/00025,7,TENDER,1,3477.44,TENDER,10-03-2024 15:37:10,S09,20240310
S09/20240310/00026,1,P105272,4,340.95,SALE,10-03-2024 23:02:34,S09,20240310
S09/20240310/00026,2,P104820,2,207.26,SALE,10-03-2024 23:02:34,S09,20240310
S09/20240310/00026,3,P102788,2,871.07,SALE,10-03-2024 23:02:34,S09,20240310
S09/20240310/00026,4,P101740,1,800.86,SALE,10-03-2024 23:02:34,S09,20240310
S09/20240310/00026,5,P105965,2,61.37,SALE,10-03-2024 23:02:34,S09,20240310
S09/20240310/00026,6,TAX,1,331.51,TAX,10-03-2024 23:02:34,S09,20240310
S09/20240310/00026,7,TENDER,1,4775.57,TENDER,10-03-2024 23:02:34,S09,20240310
S09/20240310/00027,1,P103600,1,98.09,SALE,10-03-2024 13:23:22,S09,20240310
S09/20240310/00027,2,P105092,1,421.74,SALE,10-03-2024 13:23:22,S09,20240310
S09/20240310/00027,3,P101428,1,394.08,SALE,10-03-2024 13:23:22,S09,20240310
S09/20240310/00027,4,P101982,2,366.95,SALE,10-03-2024 13:23:22,S09,20240310
S09/20240310/00027,5,TAX,1,283.85,TAX,10-03-2024 13:23:22,S09,20240310
S09/20240310/00027,6,TENDER,1,1931.66,TENDER,10-03-2024 13:23:22,S09,20240310
S09/20240310/00028,1,P106133,2,307.37,SALE,10-03-2024 19:35:43,S09,20240310
S09/20240310/00028,2,P100771,3,703.95,SALE,10-03-2024 19:35:43,S09,20240310
S09/20240310/00028,3,P100879,4,155.98,SALE,10-03-2024 19:35:43,S09,20240310
S09/20240310/00028,4,P101990,2,408.52,SALE,10-03-2024 19:35:43,S09,20240310
S09/20240310/00028,5,P106181,1,885.95,SALE,10-03-2024 19:35:43,S09,20240310
S09/20240310/00028,6,TAX,1,462.12,TAX,10-03-2024 19:35:43,S09,20240310
S09/20240310/00028,7,TENDER,1,5515.62,TENDER,10-03-2024 19:35:43,S09,20240310
S09/20240310/00029,1,P103197,1,292.95,SALE,10-03-2024 14:44:16,S09,20240310
S09/20240310/00029,2,P107575,3,65.95,SALE,10-03-2024 14:44:16,S09,20240310
S09/20240310/00029,3,P104938,1,999.94,SALE,10-03-2024 14:44:16,S09,20240310
S09/20240310/00029,4,P105272,1,340.95,SALE,10-03-2024 14:44:16,S09,20240310
S09/20240310/00029,5,P107354,1,205.43,SALE,10-03-2024 14:44:16,S09,20240310
S09/20240310/00029,6,P107163,4,171.95,SALE,10-03-2024 14:44:16,S09,20240310
S09/20240310/00029,7,TAX,1,255.10,TAX,10-03-2024 14:44:16,S09,20240310
S09/20240310/00029,8,TENDER,1,2980.02,TENDER,10-03-2024 14:44:16,S09,20240310
S09/20240310/00030,1,P105570,2,345.21,SALE,10-03-2024 14:18:25,S09,20240310
S09/20240310/00030,2,P102616,3,81.45,SALE,10-03-2024 14:18:25,S09,20240310
S09/20240310/00030,3,P104334,3,258.22,SALE,10-03-2024 14:18:25,S09,20240310
S09/20240310/00030,4,P106490,3,574.62,SALE,10-03-2024 14:18:25,S09,20240310
S09/20240310/00030,5,P107914,1,231.95,SALE,10-03-2024 14:18:25,S09,20240310
S09/20240310/00030,6,TAX,1,158.99,TAX,10-03-2024 14:18:25,S09,20240310
S09/20240310/00030,7,TENDER,1,3824.23,TENDER,10-03-2024 14:18:25,S09,20240310
S09/20240310/00031,1,P103918,3,534.07,SALE,10-03-2024 09:21:08,S09,20240310
S09/20240310/00031,2,P103896,3,200.95,SALE,10-03-2024 09:21:08,S09,20240310
S09/20240310/00031,3,P105453,1,393.95,SALE,10-03-2024 09:21:08,S09,20240310
S09/20240310/00031,4,P101083,1,312.05,SALE,10-03-2024 09:21:08,S09,20240310
S09/20240310/00031,5,P105092,3,421.74,SALE,10-03-2024 09:21:08,S09,20240310
S09/20240310/00031,6,TAX,1,543.44,TAX,10-03-2024 09:21:08,S09,20240310
S09/20240310/00031,7,TENDER,1,4719.72,TENDER,10-03-2024 09:21:08,S09,20240310
S09/20240310/00032,1,P104168,1,512.27,SALE,10-03-2024 17:01:12,S09,20240310
S09/20240310/00032,2,P100781,1,611.95,SALE,10-03-2024 17:01:12,S09,20240310
S09/20240310/00032,3,P102954,1,119.54,SALE,10-03-2024 17:01:12,S09,20240310
S09/20240310/00032,4,P100367,1,541.84,SALE,10-03-2024 17:01:12,S09,20240310
S09/20240310/00032,5,TAX,1,247.64,TAX,10-03-2024 17:01:12,S09,20240310
S09/20240310/00032,6,TENDER,1,2033.24,TENDER,10-03-2024 17:01:12,S09,20240310
S09/20240310/00033,1,P105524,4,77.90,SALE,10-03-2024 18:19:16,S09,20240310
S09/20240310/00033,2,P106478,1,57.98,SALE,10-03-2024 18:19:16,S09,20240310
S09/20240310/00033,3,TAX,1,58.99,TAX,10-03-2024 18:19:16,S09,20240310
S09/20240310/00033,4,TENDER,1,428.57,TENDER,10-03-2024 18:19:16,S09,20240310
S09/20240310/00034,1,P100883,1,723.68,SALE,10-03-2024 15:58:01,S09,20240310
S09/20240310/00034,2,P105042,5,59.37,SALE,10-03-2024 15:58:01,S09,20240310
S09/20240310/00034,3,P102534,2,98.12,SALE,10-03-2024 15:58:01,S09,20240310
S09/20240310/00034,4,P107914,1,231.95,SALE,10-03-2024 15:58:01,S09,20240310
S09/20240310/00034,5,P101533,2,1020.37,SALE,10-03-2024 15:58:01,S09,20240310
S09/20240310/00034,6,TAX,1,411.58,TAX,10-03-2024 15:58:01,S09,20240310
S09/20240310/00034,7,TENDER,1,3901.04,TENDER,10-03-2024 15:58:01,S09,20240310
S09/20240311/00001,1,P100991,1,173.46,SALE,11-03-2024 19:27:12,S09,20240311
S09/20240311/00001,2,P101440,1,234.68,SALE,11-03-2024 19:27:12,S09,20240311
S09/20240311/00001,3,TAX,1,8.67,TAX,11-03-2024 19:27:12,S09,20240311
S09/20240311/00001,4,TENDER,1,416.81,TENDER,11-03-2024 19:27:12,S09,20240311
S09/20240311/00002,1,P107472,1,60.81,SALE,11-03-2024 18:02:34,S09,20240311
S09/20240311/00002,2,P107807,1,118.66,SALE,11-03-2024 18:02:34,S09,20240311
S09/20240311/00002,3,P105923,1,242.95,SALE,11-03-2024 18:02:34,S09,20240311
S09/20240311/00002,4,P102640,4,241.34,SALE,11-03-2024 18:02:34,S09,20240311
S09/20240311/00002,5,P104219,2,230.95,SALE,11-03-2024 18:02:34,S09,20240311
S09/20240311/00002,6,P101292,2,377.27,SALE,11-03-2024 18:02:34,S09,20240311
S09/20240311/00002,7,TAX,1,288.04,TAX,11-03-2024 18:02:34,S09,20240311
S09/20240311/00002,8,TENDER,1,2892.26,TENDER,11-03-2024 18:02:34,S09,20240311
S09/20240311/00003,1,P107327,2,1146.95,SALE,11-03-2024 20:51:29,S09,20240311
S09/20240311/00003,2,P103525,2,219.41,SALE,11-03-2024 20:51:29,S09,20240311
S09/20240311/00003,3,P107837,2,94.99,SALE,11-03-2024 20:51:29,S09,20240311
S09/20240311/00003,4,P101305,2,119.82,SALE,11-03-2024 20:51:29,S09,20240311
S09/20240311/00003,5,P103294,1,67.95,SALE,11-03-2024 20:51:29,S09,20240311
S09/20240311/00003,6,P100731,1,268.30,SALE,11-03-2024 20:51:29,S09,20240311
S09/20240311/00003,7,TAX,1,150.96,TAX,11-03-2024 20:51:29,S09,20240311
S09/20240311/00003,8,TENDER,1,3649.55,TENDER,11-03-2024 20:51:29,S09,20240311
S09/20240311/00004,1,P104774,1,81.88,SALE,11-03-2024 13:42:25,S09,20240311
S09/20240311/00004,2,P102202,5,184.86,SALE,11-03-2024 13:42:25,S09,20240311
S09/20240311/00004,3,P107171,2,325.58,SALE,11-03-2024 13:42:25,S09,20240311
S09/20240311/00004,4,P100519,2,365.61,SALE,11-03-2024 13:42:25,S09,20240311
S09/20240311/00004,5,P106426,1,149.87,SALE,11-03-2024 13:42:25,S09,20240311
S09/20240311/00004,6,TAX,1,363.33,TAX,11-03-2024 13:42:25,S09,20240311
S09/20240311/00004,7,TENDER,1,2901.76,TENDER,11-03-2024 13:42:25,S09,20240311
S09/20240311/00005,1,P102821,3,1356.95,SALE,11-03-2024 15:19:05,S09,20240311
S09/20240311/00005,2,P105507,1,19.95,SALE,11-03-2024 15:19:05,S09,20240311
S09/20240311/00005,3,P101481,2,42.95,SALE,11-03-2024 15:19:05,S09,20240311
S09/20240311/00005,4,TAX,1,4.30,TAX,11-03-2024 15:19:05,S09,20240311
S09/20240311/00005,5,TENDER,1,4181.00,TENDER,11-03-2024 15:19:05,S09,20240311
S09/20240311/00006,1,P105733,2,135.79,SALE,11-03-2024 13:46:19,S09,20240311
S09/20240311/00006,2,P104469,1,1383.23,SALE,11-03-2024 13:46:19,S09,20240311
S09/20240311/00006,3,P107264,2,181.93,SALE,11-03-2024 13:46:19,S09,20240311
S09/20240311/00006,4,TAX,1,280.37,TAX,11-03-2024 13:46:19,S09,20240311
S09/20240311/00006,5,TENDER,1,2299.04,TENDER,11-03-2024 13:46:19,S09,20240311
S09/20240311/00007,1,P107012,1,104.24,SALE,11-03-2024 17:45:44,S09,20240311
S09/20240311/00007,2,P101440,3,234.68,SALE,11-03-2024 17:45:44,S09,20240311
S09/20240311/00007,3,P103538,2,265.96,SALE,11-03-2024 17:45:44,S09,20240311
S09/20240311/00007,4,P105187,1,1057.95,SALE,11-03-2024 17:45:44,S09,20240311
S09/20240311/00007,5,P104921,2,398.95,SALE,11-03-2024 17:45:44,S09,20240311
S09/20240311/00007,6,P106297,2,139.95,SALE,11-03-2024 17:45:44,S09,20240311
S09/20240311/00007,7,TAX,1,225.81,TAX,11-03-2024 17:45:44,S09,20240311
S09/20240311/00007,8,TENDER,1,3701.76,TENDER,11-03-2024 17:45:44,S09,20240311
S09/20240311/00008,1,P107158,4,142.95,SALE,11-03-2024 12:02:02,S09,20240311
S09/20240311/00008,2,P103886,3,301.95,SALE,11-03-2024 12:02:02,S09,20240311
S09/20240311/00008,3,TAX,1,102.92,TAX,11-03-2024 12:02:02,S09,20240311
S09/20240311/00008,4,TENDER,1,1580.57,TENDER,11-03-2024 12:02:02,S09,20240311
S09/20240311/00009,1,P104600,2,48.49,SALE,11-03-2024 18:13:56,S09,20240311
S09/20240311/00009,2,P108234,3,32.17,SALE,11-03-2024 18:13:56,S09,20240311
S09/20240311/00009,3,P100855,2,290.71,SALE,11-03-2024 18:13:56,S09,20240311
S09/20240311/00009,4,P102045,3,21.31,SALE,11-03-2024 18:13:56,S09,20240311
S09/20240311/00009,5,P104328,1,66.17,SALE,11-03-2024 18:13:56,S09,20240311
S09/20240311/00009,6,TAX,1,141.69,TAX,11-03-2024 18:13:56,S09,20240311
S09/20240311/00009,7,TENDER,1,1046.70,TENDER,11-03-2024 18:13:56,S09,20240311
S09/20240311/00010,1,P108159,1,457.97,SALE,11-03-2024 16:01:25,S09,20240311
S09/20240311/00010,2,P105302,2,258.62,SALE,11-03-2024 16:01:25,S09,20240311
S09/20240311/00010,3,P100086,2,88.95,SALE,11-03-2024 16:01:25,S09,20240311
S09/20240311/00010,4,P107182,1,109.95,SALE,11-03-2024 16:01:25,S09,20240311
S09/20240311/00010,5,P107743,1,206.95,SALE,11-03-2024 16:01:25,S09,20240311
S09/20240311/00010,6,P100233,1,67.07,SALE,11-03-2024 16:01:25,S09,20240311
S09/20240311/00010,7,P102207,1,342.36,SALE,11-03-2024 16:01:25,S09,20240311
S09/20240311/00010,8,TAX,1,123.82,TAX,11-03-2024 16:01:25,S09,20240311
S09/20240311/00010,9,TENDER,1,2003.26,TENDER,11-03-2024 16:01:25,S09,20240311
S09/20240311/00011,1,P105405,1,389.95,SALE,11-03-2024 13:15:33,S09,20240311
S09/20240311/00011,2,P105636,1,526.95,SALE,11-03-2024 13:15:33,S09,20240311
S09/20240311/00011,3,P106833,2,397.38,SALE,11-03-2024 13:15:33,S09,20240311
S09/20240311/00011,4,TAX,1,162.55,TAX,11-03-2024 13:15:33,S09,20240311
S09/20240311/00011,5,TENDER,1,1874.21,TENDER,11-03-2024 13:15:33,S09,20240311
S09/20240311/00012,1,P100375,1,163.45,SALE,11-03-2024 18:56:49,S09,20240311
S09/20240311/00012,2,P108262,3,601.82,SALE,11-03-2024 18:56:49,S09,20240311
S09/20240311/00012,3,P104883,3,342.92,SALE,11-03-2024 18:56:49,S09,20240311
S09/20240311/00012,4,TAX,1,384.59,TAX,11-03-2024 18:56:49,S09,20240311
S09/20240311/00012,5,TENDER,1,3382.26,TENDER,11-03-2024 18:56:49,S09,20240311
S09/20240311/00013,1,P104026,1,152.97,SALE,11-03-2024 17:50:32,S09,20240311
S09/20240311/00013,2,P103062,1,177.19,SALE,11-03-2024 17:50:32,S09,20240311
S09/20240311/00013,3,P101827,1,139.26,SALE,11-03-2024 17:50:32,S09,20240311
S09/20240311/00013,4,P103364,4,105.92,SALE,11-03-2024 17:50:32,S09,20240311
S09/20240311/00013,5,P103591,1,102.70,SALE,11-03-2024 17:50:32,S09,20240311
S09/20240311/00013,6,P100035,1,1456.57,SALE,11-03-2024 17:50:32,S09,20240311
S09/20240311/00013,7,DISC,1,-86.53,DISCOUNT,11-03-2024 17:50:32,S09,20240311
S09/20240311/00013,8,TAX,1,209.10,TAX,11-03-2024 17:50:32,S09,20240311
S09/20240311/00013,9,TENDER,1,2574.94,TENDER,11-03-2024 17:50:32,S09,20240311
S09/20240311/00014,1,P100164,1,581.13,SALE,11-03-2024 15:44:42,S09,20240311
S09/20240311/00014,2,P102181,1,1394.08,SALE,11-03-2024 15:44:42,S09,20240311
S09/20240311/00014,3,P104042,2,346.95,SALE,11-03-2024 15:44:42,S09,20240311
S09/20240311/00014,4,P102833,3,680.71,SALE,11-03-2024 15:44:42,S09,20240311
S09/20240311/00014,5,P108118,2,66.05,SALE,11-03-2024 15:44:42,S09,20240311
S09/20240311/00014,6,P104858,2,297.94,SALE,11-03-2024 15:44:42,S09,20240311
S09/20240311/00014,7,P103510,2,183.91,SALE,11-03-2024 15:44:42,S09,20240311
S09/20240311/00014,8,TAX,1,386.48,TAX,11-03-2024 15:44:42,S09,20240311
S09/20240311/00014,9,TENDER,1,6193.52,TENDER,11-03-2024 15:44:42,S09,20240311
S09/20240311/00015,1,P100609,4,76.13,SALE,11-03-2024 19:34:03,S09,20240311
S09/20240311/00015,2,P105944,2,985.47,SALE,11-03-2024 19:34:03,S09,20240311
S09/20240311/00015,3,P106802,2,689.06,SALE,11-03-2024 19:34:03,S09,20240311
S09/20240311/00015,4,P104226,3,303.01,SALE,11-03-2024 19:34:03,S09,20240311
S09/20240311/00015,5,P105252,3,10.57,SALE,11-03-2024 19:34:03,S09,20240311
S09/20240311/00015,6,TAX,1,347.67,TAX,11-03-2024 19:34:03,S09,20240311
S09/20240311/00015,7,TENDER,1,4941.99,TENDER,11-03-2024 19:34:03,S09,20240311
S09/20240311/00016,1,P105980,2,263.95,SALE,11-03-2024 14:10:00,S09,20240311
S09/20240311/00016,2,P101740,2,800.86,SALE,11-03-2024 14:10:00,S09,20240311
S09/20240311/00016,3,P108017,1,103.22,SALE,11-03-2024 14:10:00,S09,20240311
S09/20240311/00016,4,P103620,1,468.18,SALE,11-03-2024 14:10:00,S09,20240311
S09/20240311/00016,5,P101090,3,22.95,SALE,11-03-2024 14:10:00,S09,20240311
S09/20240311/00016,6,P101152,3,478.44,SALE,11-03-2024 14:10:00,S09,20240311
S09/20240311/00016,7,P101530,2,576.50,SALE,11-03-2024 14:10:00,S09,20240311
S09/20240311/00016,8,P102768,2,152.65,SALE,11-03-2024 14:10:00,S09,20240311
S09/20240311/00016,9,P107899,2,197.21,SALE,11-03-2024 14:10:00,S09,20240311
S09/20240311/00016,10,P105980,-2,263.95,VOID,11-03-2024 14:10:00,S09,20240311
S09/20240311/00016,11,P101740,-2,800.86,VOID,11-03-2024 14:10:00,S09,20240311
S09/20240311/00016,12,P108017,-1,103.22,VOID,11-03-2024 14:10:00,S09,20240311
S09/20240311/00016,13,P103620,-1,468.18,VOID,11-03-2024 14:10:00,S09,20240311
S09/20240311/00016,14,P101090,-3,22.95,VOID,11-03-2024 14:10:00,S09,20240311
S09/20240311/00016,15,P101152,-3,478.44,VOID,11-03-2024 14:10:00,S09,20240311
S09/20240311/00016,16,P101530,-2,576.50,VOID,11-03-2024 14:10:00,S09,20240311
S09/20240311/00016,17,P102768,-2,152.65,VOID,11-03-2024 14:10:00,S09,20240311
S09/20240311/00016,18,P107899,-2,197.21,VOID,11-03-2024 14:10:00,S09,20240311
S09/20240311/00016,19,TAX,1,0.00,TAX,11-03-2024 14:10:00,S09,20240311
S09/20240311/00016,20,TENDER,1,0.00,TENDER,11-03-2024 14:10:00,S09,20240311
S09/20240312/00001,1,P102311,1,284.95,SALE,12-03-2024 13:56:18,S09,20240312
S09/20240312/00001,2,P102682,3,95.25,SALE,12-03-2024 13:56:18,S09,20240312
S09/20240312/00001,3,P106731,2,142.59,SALE,12-03-2024 13:56:18,S09,20240312
S09/20240312/00001,4,TAX,1,28.54,TAX,12-03-2024 13:56:18,S09,20240312
S09/20240312/00001,5,TENDER,1,884.42,TENDER,12-03-2024 13:56:18,S09,20240312
S09/20240312/00002,1,P102193,2,343.13,SALE,12-03-2024 15:38:48,S09,20240312
S09/20240312/00002,2,P105747,1,287.56,SALE,12-03-2024 15:38:48,S09,20240312
S09/20240312/00002,3,P103364,2,105.92,SALE,12-03-2024 15:38:48,S09,20240312
S09/20240312/00002,4,P104382,1,58.95,SALE,12-03-2024 15:38:48,S09,20240312
S09/20240312/00002,5,P103137,3,218.09,SALE,12-03-2024 15:38:48,S09,20240312
S09/20240312/00002,6,P101533,3,1020.37,SALE,12-03-2024 15:38:48,S09,20240312
S09/20240312/00002,7,P106454,1,118.78,SALE,12-03-2024 15:38:48,S09,20240312
S09/20240312/00002,8,TAX,1,630.02,TAX,12-03-2024 15:38:48,S09,20240312
S09/20240312/00002,9,TENDER,1,5708.79,TENDER,12-03-2024 15:38:48,S09,20240312
S09/20240312/00003,1,P103354,2,844.26,SALE,12-03-2024 18:16:09,S09,20240312
S09/20240312/00003,2,P100850,2,166.95,SALE,12-03-2024 18:16:09,S09,20240312
S09/20240312/00003,3,P100956,1,415.95,SALE,12-03-2024 18:16:09,S09,20240312
S09/20240312/00003,4,TAX,1,60.87,TAX,12-03-2024 18:16:09,S09,20240312
S09/20240312/00003,5,TENDER,1,2499.24,TENDER,12-03-2024 18:16:09,S09,20240312
S09/20240312/00004,1,P103855,2,276.95,SALE,12-03-2024 12:15:03,S09,20240312
S09/20240312/00004,2,P102248,1,21.80,SALE,12-03-2024 12:15:03,S09,20240312
S09/20240312/00004,3,P107555,2,1314.43,SALE,12-03-2024 12:15:03,S09,20240312
S09/20240312/00004,4,P100850,1,166.95,SALE,12-03-2024 12:15:03,S09,20240312
S09/20240312/00004,5,P102112,2,389.72,SALE,12-03-2024 12:15:03,S09,20240312
S09/20240312/00004,6,P100816,3,742.63,SALE,12-03-2024 12:15:03,S09,20240312
S09/20240312/00004,7,P107089,3,192.10,SALE,12-03-2024 12:15:03,S09,20240312
S09/20240312/00004,8,P102067,1,151.39,SALE,12-03-2024 12:15:03,S09,20240312
S09/20240312/00004,9,P101774,1,1121.41,SALE,12-03-2024 12:15:03,S09,20240312
S09/20240312/00004,10,P103749,1,13.83,SALE,12-03-2024 12:15:03,S09,20240312
S09/20240312/00004,11,P104665,2,217.71,SALE,12-03-2024 12:15:03,S09,20240312
S09/20240312/00004,12,TAX,1,706.31,TAX,12-03-2024 12:15:03,S09,20240312
S09/20240312/00004,13,TENDER,1,9383.50,TENDER,12-03-2024 12:15:03,S09,20240312
S09/20240312/00005,1,P105643,1,1294.23,SALE,12-03-2024 19:25:44,S09,20240312
S09/20240312/00005,2,P108221,2,51.41,SALE,12-03-2024 19:25:44,S09,20240312
S09/20240312/00005,3,P101283,2,263.48,SALE,12-03-2024 19:25:44,S09,20240312
S09/20240312/00005,4,TAX,1,113.36,TAX,12-03-2024 19:25:44,S09,20240312
S09/20240312/00005,5,TENDER,1,2037.37,TENDER,12-03-2024 19:25:44,S09,20240312
S09/20240312/00006,1,P102021,2,90.22,SALE,12-03-2024 18:55:58,S09,20240312
S09/20240312/00006,2,P104980,1,69.95,SALE,12-03-2024 18:55:58,S09,20240312
S09/20240312/00006,3,P102045,3,21.31,SALE,12-03-2024 18:55:58,S09,20240312
S09/20240312/00006,4,P100985,1,252.81,SALE,12-03-2024 18:55:58,S09,20240312
S09/20240312/00006,5,P102035,3,493.95,SALE,12-03-2024 18:55:58,S09,20240312
S09/20240312/00006,6,P101564,4,154.29,SALE,12-03-2024 18:55:58,S09,20240312
S09/20240312/00006,7,P106718,1,448.91,SALE,12-03-2024 18:55:58,S09,20240312
S09/20240312/00006,8,P103760,2,94.95,SALE,12-03-2024 18:55:58,S09,20240312
S09/20240312/00006,9,P106813,1,264.52,SALE,12-03-2024 18:55:58,S09,20240312
S09/20240312/00006,10,DISC,1,-191.55,DISCOUNT,12-03-2024 18:55:58,S09,20240312
S09/20240312/00006,11,TAX,1,391.85,TAX,12-03-2024 18:55:58,S09,20240312
S09/20240312/00006,12,TENDER,1,3769.77,TENDER,12-03-2024 18:55:58,S09,20240312
S09/20240312/00007,1,P104410,1,418.95,SALE,12-03-2024 15:00:52,S09,20240312
S09/20240312/00007,2,P106731,3,142.59,SALE,12-03-2024 15:00:52,S09,20240312
S09/20240312/00007,3,TAX,1,75.41,TAX,12-03-2024 15:00:52,S09,20240312
S09/20240312/00007,4,TENDER,1,922.13,TENDER,12-03-2024 15:00:52,S09,20240312
S09/20240312/00008,1,P102510,2,35.56,SALE,13-03-2024 00:29:01,S09,20240312
S09/20240312/00008,2,P101083,3,312.05,SALE,13-03-2024 00:29:01,S09,20240312
S09/20240312/00008,3,P104382,2,58.95,SALE,13-03-2024 00:29:01,S09,20240312
S09/20240312/00008,4,P103958,2,30.95,SALE,13-03-2024 00:29:01,S09,20240312
S09/20240312/00008,5,DISC,1,-80.78,DISCOUNT,13-03-2024 00:29:01,S09,20240312
S09/20240312/00008,6,TAX,1,180.87,TAX,13-03-2024 00:29:01,S09,20240312
S09/20240312/00008,7,TENDER,1,1287.16,TENDER,13-03-2024 00:29:01,S09,20240312
S09/20240312/00009,1,P105337,2,31.85,SALE,12-03-2024 14:00:19,S09,20240312
S09/20240312/00009,2,P104975,1,474.17,SALE,12-03-2024 14:00:19,S09,20240312
S09/20240312/00009,3,P102091,3,87.60,SALE,12-03-2024 14:00:19,S09,20240312
S09/20240312/00009,4,P107458,2,1239.88,SALE,12-03-2024 14:00:19,S09,20240312
S09/20240312/00009,5,P106434,5,165.67,SALE,12-03-2024 14:00:19,S09,20240312
S09/20240312/00009,6,TAX,1,102.59,TAX,12-03-2024 14:00:19,S09,20240312
S09/20240312/00009,7,TENDER,1,4211.37,TENDER,12-03-2024 14:00:19,S09,20240312
S09/20240312/00010,1,P106512,1,418.86,SALE,12-03-2024 14:57:28,S09,20240312
S09/20240312/00010,2,P106830,2,103.94,SALE,12-03-2024 14:57:28,S09,20240312
S09/20240312/00010,3,P105575,2,430.13,SALE,12-03-2024 14:57:28,S09,20240312
S09/20240312/00010,4,P102814,2,524.95,SALE,12-03-2024 14:57:28,S09,20240312
S09/20240312/00010,5,P101543,3,188.79,SALE,12-03-2024 14:57:28,S09,20240312
S09/20240312/00010,6,P100499,3,234.95,SALE,12-03-2024 14:57:28,S09,20240312
S09/20240312/00010,7,P107708,2,163.95,SALE,12-03-2024 14:57:28,S09,20240312
S09/20240312/00010,8,P101859,1,64.92,SALE,12-03-2024 14:57:28,S09,20240312
S09/20240312/00010,9,P106553,2,139.74,SALE,12-03-2024 14:57:28,S09,20240312
S09/20240312/00010,10,TAX,1,452.95,TAX,12-03-2024 14:57:28,S09,20240312
S09/20240312/00010,11,TENDER,1,4933.37,TENDER,12-03-2024 14:57:28,S09,20240312
S09/20240312/00011,1,P100057,1,215.95,SALE,12-03-2024 14:42:00,S09,20240312
S09/20240312/00011,2,P106391,2,747.95,SALE,12-03-2024 14:42:00,S09,20240312
S09/20240312/00011,3,TAX,1,100.71,TAX,12-03-2024 14:42:00,S09,20240312
S09/20240312/00011,4,TENDER,1,1812.56,TENDER,12-03-2024 14:42:00,S09,20240312
S09/20240312/00012,1,P101272,1,87.22,SALE,12-03-2024 14:47:11,S09,20240312
S09/20240312/00012,2,P104512,2,94.53,SALE,12-03-2024 14:47:11,S09,20240312
S09/20240312/00012,3,P108262,1,601.82,SALE,12-03-2024 14:47:11,S09,20240312
S09/20240312/00012,4,DISC,1,-54.49,DISCOUNT,12-03-2024 14:47:11,S09,20240312
S09/20240312/00012,5,TAX,1,114.56,TAX,12-03-2024 14:47:11,S09,20240312
S09/20240312/00012,6,TENDER,1,938.17,TENDER,12-03-2024 14:47:11,S09,20240312
S09/20240312/00013,1,P107089,3,192.10,SALE,12-03-2024 09:55:36,S09,20240312
S09/20240312/00013,2,P103999,2,100.52,SALE,12-03-2024 09:55:36,S09,20240312
S09/20240312/00013,3,P101592,1,280.95,SALE,12-03-2024 09:55:36,S09,20240312
S09/20240312/00013,4,TAX,1,89.44,TAX,12-03-2024 09:55:36,S09,20240312
S09/20240312/00013,5,TENDER,1,1147.73,TENDER,12-03-2024 09:55:36,S09,20240312
S09/20240312/00014,1,P105553,3,739.86,SALE,12-03-2024 20:17:44,S09,20240312
S09/20240312/00014,2,P100140,1,57.95,SALE,12-03-2024 20:17:44,S09,20240312
S09/20240312/00014,3,P107346,1,449.29,SALE,12-03-2024 20:17:44,S09,20240312
S09/20240312/00014,4,TAX,1,299.25,TAX,12-03-2024 20:17:44,S09,20240312
S09/20240312/00014,5,TENDER,1,3026.07,TENDER,12-03-2024 20:17:44,S09,20240312
S09/20240312/00015,1,P101321,4,24.76,SALE,12-03-2024 20:31:42,S09,20240312
S09/20240312/00015,2,P101874,2,19.95,SALE,12-03-2024 20:31:42,S09,20240312
S09/20240312/00015,3,P106686,3,275.45,SALE,12-03-2024 20:31:42,S09,20240312
S09/20240312/00015,4,P107960,1,1047.81,SALE,12-03-2024 20:31:42,S09,20240312
S09/20240312/00015,5,P104725,2,163.86,SALE,12-03-2024 20:31:42,S09,20240312
S09/20240312/00015,6,P103054,1,104.95,SALE,12-03-2024 20:31:42,S09,20240312
S09/20240312/00015,7,TAX,1,243.87,TAX,12-03-2024 20:31:42,S09,20240312
S09/20240312/00015,8,TENDER,1,2689.64,TENDER,12-03-2024 20:31:42,S09,20240312
S09/20240312/00016,1,P105307,1,863.64,SALE,12-03-2024 20:19:46,S09,20240312
S09/20240312/00016,2,P106357,2,1078.45,SALE,12-03-2024 20:19:46,S09,20240312
S09/20240312/00016,3,P103416,2,73.27,SALE,12-03-2024 20:19:46,S09,20240312
S09/20240312/00016,4,P101751,3,460.11,SALE,12-03-2024 20:19:46,S09,20240312
S09/20240312/00016,5,P105009,2,65.38,SALE,12-03-2024 20:19:46,S09,20240312
S09/20240312/00016,6,P104133,2,248.31,SALE,12-03-2024 20:19:46,S09,20240312
S09/20240312/00016,7,DISC,1,-131.10,DISCOUNT,12-03-2024 20:19:46,S09,20240312
S09/20240312/00016,8,TAX,1,585.17,TAX,12-03-2024 20:19:46,S09,20240312
S09/20240312/00016,9,TENDER,1,5628.86,TENDER,12-03-2024 20:19:46,S09,20240312
S09/20240312/00017,1,P100911,2,70.70,SALE,12-03-2024 12:19:44,S09,20240312
S09/20240312/00017,2,P105268,2,255.65,SALE,12-03-2024 12:19:44,S09,20240312
S09/20240312/00017,3,P108313,3,372.95,SALE,12-03-2024 12:19:44,S09,20240312
S09/20240312/00017,4,P107158,2,142.95,SALE,12-03-2024 12:19:44,S09,20240312
S09/20240312/00017,5,P106671,2,101.77,SALE,12-03-2024 12:19:44,S09,20240312
S09/20240312/00017,6,P102598,3,132.95,SALE,12-03-2024 12:19:44,S09,20240312
S09/20240312/00017,7,P103999,1,100.52,SALE,12-03-2024 12:19:44,S09,20240312
S09/20240312/00017,8,DISC,1,-91.27,DISCOUNT,12-03-2024 12:19:44,S09,20240312
S09/20240312/00017,9,TAX,1,290.11,TAX,12-03-2024 12:19:44,S09,20240312
S09/20240312/00017,10,TENDER,1,2959.20,TENDER,12-03-2024 12:19:44,S09,20240312
S09/20240312/00018,1,P101489,1,493.95,SALE,12-03-2024 16:36:56,S09,20240312
S09/20240312/00018,2,P101225,2,452.38,SALE,12-03-2024 16:36:56,S09,20240312
S09/20240312/00018,3,P104802,1,194.24,SALE,12-03-2024 16:36:56,S09,20240312
S09/20240312/00018,4,P101558,4,44.31,SALE,12-03-2024 16:36:56,S09,20240312
S09/20240312/00018,5,P104956,1,133.95,SALE,12-03-2024 16:36:56,S09,20240312
S09/20240312/00018,6,TAX,1,199.55,TAX,12-03-2024 16:36:56,S09,20240312
S09/20240312/00018,7,TENDER,1,2103.69,TENDER,12-03-2024 16:36:56,S09,20240312
S09/20240312/00019,1,P107848,5,267.41,SALE,12-03-2024 12:59:38,S09,20240312
S09/20240312/00019,2,P100536,1,471.52,SALE,12-03-2024 12:59:38,S09,20240312
S09/20240312/00019,3,P103766,3,191.95,SALE,12-03-2024 12:59:38,S09,20240312
S09/20240312/00019,4,P104665,5,217.71,SALE,12-03-2024 12:59:38,S09,20240312
S09/20240312/00019,5,TAX,1,311.14,TAX,12-03-2024 12:59:38,S09,20240312
S09/20240312/00019,6,TENDER,1,3784.11,TENDER,12-03-2024 12:59:38,S09,20240312
S09/20240312/00020,1,P108090,3,129.95,SALE,12-03-2024 16:56:21,S09,20240312
S09/20240312/00020,2,P106984,3,26.90,SALE,12-03-2024 16:56:21,S09,20240312
S09/20240312/00020,3,P101802,3,41.95,SALE,12-03-2024 16:56:21,S09,20240312
S09/20240312/00020,4,TAX,1,29.82,TAX,12-03-2024 16:56:21,S09,20240312
S09/20240312/00020,5,TENDER,1,626.22,TENDER,12-03-2024 16:56:21,S09,20240312
S09/20240312/00021,1,P107630,1,275.41,SALE,12-03-2024 21:08:48,S09,20240312
S09/20240312/00021,2,P102845,3,80.09,SALE,12-03-2024 21:08:48,S09,20240312
S09/20240312/00021,3,P104181,1,279.95,SALE,12-03-2024 21:08:48,S09,20240312
S09/20240312/00021,4,TAX,1,95.18,TAX,12-03-2024 21:08:48,S09,20240312
S09/20240312/00021,5,TENDER,1,890.81,TENDER,12-03-2024 21:08:48,S09,20240312
S09/20240312/00022,1,P107115,3,173.36,SALE,12-03-2024 17:08:31,S09,20240312
S09/20240312/00022,2,P106942,1,169.95,SALE,12-03-2024 17:08:31,S09,20240312
S09/20240312/00022,3,P106720,3,126.28,SALE,12-03-2024 17:08:31,S09,20240312
S09/20240312/00022,4,P107354,4,205.43,SALE,12-03-2024 17:08:31,S09,20240312
S09/20240312/00022,5,TAX,1,201.30,TAX,12-03-2024 17:08:31,S09,20240312
S09/20240312/00022,6,TENDER,1,2091.89,TENDER,12-03-2024 17:08:31,S09,20240312
S09/20240312/00023,1,P102811,2,199.15,SALE,12-03-2024 18:14:47,S09,20240312
S09/20240312/00023,2,P100380,2,136.58,SALE,12-03-2024 18:14:47,S09,20240312
S09/20240312/00023,3,P104187,2,86.95,SALE,12-03-2024 18:14:47,S09,20240312
S09/20240312/00023,4,P107903,2,144.89,SALE,12-03-2024 18:14:47,S09,20240312
S09/20240312/00023,5,P107890,1,133.07,SALE,12-03-2024 18:14:47,S09,20240312
S09/20240312/00023,6,DISC,1,-101.74,DISCOUNT,12-03-2024 18:14:47,S09,20240312
S09/20240312/00023,7,TAX,1,110.56,TAX,12-03-2024 18:14:47,S09,20240312
S09/20240312/00023,8,TENDER,1,1277.03,TENDER,12-03-2024 18:14:47,S09,20240312
S09/20240313/00001,1,P100287,1,218.95,SALE,13-03-2024 17:41:18,S09,20240313
S09/20240313/00001,2,P101925,2,181.41,SALE,13-03-2024 17:41:18,S09,20240313
S09/20240313/00001,3,P107872,2,554.95,SALE,13-03-2024 17:41:18,S09,20240313
S09/20240313/00001,4,P107777,1,222.77,SALE,13-03-2024 17:41:18,S09,20240313
S09/20240313/00001,5,P106651,2,855.95,SALE,13-03-2024 17:41:18,S09,20240313
S09/20240313/00001,6,P107526,2,46.11,SALE,13-03-2024 17:41:18,S09,20240313
S09/20240313/00001,7,TAX,1,163.68,TAX,13-03-2024 17:41:18,S09,20240313
S09/20240313/00001,8,TENDER,1,3882.24,TENDER,13-03-2024 17:41:18,S09,20240313
S09/20240313/00002,1,P104072,1,650.20,SALE,13-03-2024 13:17:15,S09,20240313
S09/20240313/00002,2,P107555,1,1314.43,SALE,13-03-2024 13:17:15,S09,20240313
S09/20240313/00002,3,P104351,2,1128.29,SALE,13-03-2024 13:17:15,S09,20240313
S09/20240313/00002,4,P100438,1,64.40,SALE,13-03-2024 13:17:15,S09,20240313
S09/20240313/00002,5,TAX,1,148.56,TAX,13-03-2024 13:17:15,S09,20240313
S09/20240313/00002,6,TENDER,1,4434.17,TENDER,13-03-2024 13:17:15,S09,20240313
S09/20240313/00003,1,P101656,1,262.95,SALE,13-03-2024 17:30:46,S09,20240313
S09/20240313/00003,2,P102324,1,194.59,SALE,13-03-2024 17:30:46,S09,20240313
S09/20240313/00003,3,P108319,2,262.51,SALE,13-03-2024 17:30:46,S09,20240313
S09/20240313/00003,4,P108227,1,551.58,SALE,13-03-2024 17:30:46,S09,20240313
S09/20240313/00003,5,P103449,1,381.08,SALE,13-03-2024 17:30:46,S09,20240313
S09/20240313/00003,6,TAX,1,86.59,TAX,13-03-2024 17:30:46,S09,20240313
S09/20240313/00003,7,TENDER,1,2001.81,TENDER,13-03-2024 17:30:46,S09,20240313
S09/20240313/00004,1,P106528,2,832.82,SALE,13-03-2024 17:27:34,S09,20240313
S09/20240313/00004,2,P106848,1,16.02,SALE,13-03-2024 17:27:34,S09,20240313
S09/20240313/00004,3,P103616,3,621.95,SALE,13-03-2024 17:27:34,S09,20240313
S09/20240313/00004,4,P100991,2,173.46,SALE,13-03-2024 17:27:34,S09,20240313
S09/20240313/00004,5,P100178,3,427.16,SALE,13-03-2024 17:27:34,S09,20240313
S09/20240313/00004,6,P107686,4,347.22,SALE,13-03-2024 17:27:34,S09,20240313
S09/20240313/00004,7,TAX,1,791.18,TAX,13-03-2024 17:27:34,S09,20240313
S09/20240313/00004,8,TENDER,1,7355.97,TENDER,13-03-2024 17:27:34,S09,20240313
S09/20240313/00005,1,P101968,2,9.95,SALE,13-03-2024 11:50:35,S09,20240313
S09/20240313/00005,2,P100375,2,163.45,SALE,13-03-2024 11:50:35,S09,20240313
S09/20240313/00005,3,P101004,1,708.94,SALE,13-03-2024 11:50:35,S09,20240313
S09/20240313/00005,4,P106844,1,22.95,SALE,13-03-2024 11:50:35,S09,20240313
S09/20240313/00005,5,P105003,4,285.67,SALE,13-03-2024 11:50:35,S09,20240313
S09/20240313/00005,6,TAX,1,314.81,TAX,13-03-2024 11:50:35,S09,20240313
S09/20240313/00005,7,TENDER,1,2536.18,TENDER,13-03-2024 11:50:35,S09,20240313
S09/20240313/00006,1,P107330,5,115.95,SALE,13-03-2024 18:29:41,S09,20240313
S09/20240313/00006,2,P105450,2,252.15,SALE,13-03-2024 18:29:41,S09,20240313
S09/20240313/00006,3,P102945,2,47.95,SALE,13-03-2024 18:29:41,S09,20240313
S09/20240313/00006,4,P108275,3,477.08,SALE,13-03-2024 18:29:41,S09,20240313
S09/20240313/00006,5,P103337,1,79.95,SALE,13-03-2024 18:29:41,S09,20240313
S09/20240313/00006,6,P100210,3,1073.90,SALE,13-03-2024 18:29:41,S09,20240313
S09/20240313/00006,7,P105575,1,430.13,SALE,13-03-2024 18:29:41,S09,20240313
S09/20240313/00006,8,P104202,2,132.95,SALE,13-03-2024 18:29:41,S09,20240313
S09/20240313/00006,9,P106454,1,118.78,SALE,13-03-2024 18:29:41,S09,20240313
S09/20240313/00006,10,TAX,1,797.29,TAX,13-03-2024 18:29:41,S09,20240313
S09/20240313/00006,11,TENDER,1,7524.94,TENDER,13-03-2024 18:29:41,S09,20240313
S09/20240313/00007,1,P104048,4,162.96,SALE,13-03-2024 16:53:00,S09,20240313
S09/20240313/00007,2,P106920,2,1398.34,SALE,13-03-2024 16:53:00,S09,20240313
S09/20240313/00007,3,P107409,1,419.09,SALE,13-03-2024 16:53:00,S09,20240313
S09/20240313/00007,4,P104800,1,692.51,SALE,13-03-2024 16:53:00,S09,20240313
S09/20240313/00007,5,P100784,2,210.00,SALE,13-03-2024 16:53:00,S09,20240313
S09/20240313/00007,6,P101339,3,222.95,SALE,13-03-2024 16:53:00,S09,20240313
S09/20240313/00007,7,P106228,1,43.95,SALE,13-03-2024 16:53:00,S09,20240313
S09/20240313/00007,8,P103712,2,481.86,SALE,13-03-2024 16:53:00,S09,20240313
S09/20240313/00007,9,TAX,1,414.88,TAX,13-03-2024 16:53:00,S09,20240313
S09/20240313/00007,10,TENDER,1,7071.52,TENDER,13-03-2024 16:53:00,S09,20240313
S09/20240313/00008,1,P100019,2,62.95,SALE,13-03-2024 18:49:14,S09,20240313
S09/20240313/00008,2,P104175,3,803.25,SALE,13-03-2024 18:49:14,S09,20240313
S09/20240313/00008,3,P101272,3,87.22,SALE,13-03-2024 18:49:14,S09,20240313
S09/20240313/00008,4,P100595,2,388.65,SALE,13-03-2024 18:49:14,S09,20240313
S09/20240313/00008,5,P105092,2,421.74,SALE,13-03-2024 18:49:14,S09,20240313
S09/20240313/00008,6,P103647,2,37.95,SALE,13-03-2024 18:49:14,S09,20240313
S09/20240313/00008,7,P106563,2,426.95,SALE,13-03-2024 18:49:14,S09,20240313
S09/20240313/00008,8,P105603,1,193.95,SALE,13-03-2024 18:49:14,S09,20240313
S09/20240313/00008,9,P106115,1,128.36,SALE,13-03-2024 18:49:14,S09,20240313
S09/20240313/00008,10,P107623,3,442.34,SALE,13-03-2024 18:49:14,S09,20240313
S09/20240313/00008,11,P102880,4,547.95,SALE,13-03-2024 18:49:14,S09,20240313
S09/20240313/00008,12,TAX,1,789.78,TAX,13-03-2024 18:49:14,S09,20240313
S09/20240313/00008,13,TENDER,1,9978.80,TENDER,13-03-2024 18:49:14,S09,20240313
S09/20240313/00009,1,P108026,3,89.33,SALE,13-03-2024 15:16:05,S09,20240313
S09/20240313/00009,2,P104844,1,530.87,SALE,13-03-2024 15:16:05,S09,20240313
S09/20240313/00009,3,P105643,1,1294.23,SALE,13-03-2024 15:16:05,S09,20240313
S09/20240313/00009,4,P103435,1,434.83,SALE,13-03-2024 15:16:05,S09,20240313
S09/20240313/00009,5,P102814,1,524.95,SALE,13-03-2024 15:16:05,S09,20240313
S09/20240313/00009,6,P101404,1,214.54,SALE,13-03-2024 15:16:05,S09,20240313
S09/20240313/00009,7,TAX,1,190.03,TAX,13-03-2024 15:16:05,S09,20240313
S09/20240313/00009,8,TENDER,1,3457.44,TENDER,13-03-2024 15:16:05,S09,20240313
S09/20240313/00010,1,P106735,2,320.99,SALE,13-03-2024 14:44:35,S09,20240313
S09/20240313/00010,2,P105775,1,104.41,SALE,13-03-2024 14:44:35,S09,20240313
S09/20240313/00010,3,TAX,1,115.56,TAX,13-03-2024 14:44:35,S09,20240313
S09/20240313/00010,4,TENDER,1,861.95,TENDER,13-03-2024 14:44:35,S09,20240313
S09/20240313/00011,1,P103922,2,45.95,SALE,13-03-2024 18:10:40,S09,20240313
S09/20240313/00011,2,P101332,1,400.98,SALE,13-03-2024 18:10:40,S09,20240313
S09/20240313/00011,3,P107414,1,539.23,SALE,13-03-2024 18:10:40,S09,20240313
S09/20240313/00011,4,P102023,1,425.67,SALE,13-03-2024 18:10:40,S09,20240313
S09/20240313/00011,5,P105236,2,511.25,SALE,13-03-2024 18:10:40,S09,20240313
S09/20240313/00011,6,P105167,2,826.20,SALE,13-03-2024 18:10:40,S09,20240313
S09/20240313/00011,7,P102342,4,99.85,SALE,13-03-2024 18:10:40,S09,20240313
S09/20240313/00011,8,TAX,1,420.01,TAX,13-03-2024 18:10:40,S09,20240313
S09/20240313/00011,9,TENDER,1,4952.09,TENDER,13-03-2024 18:10:40,S09,20240313
S09/20240313/00012,1,P105483,7,153.63,SALE,13-03-2024 14:37:34,S09,20240313
S09/20240313/00012,2,P104226,3,303.01,SALE,13-03-2024 14:37:34,S09,20240313
S09/20240313/00012,3,P107520,1,136.95,SALE,13-03-2024 14:37:34,S09,20240313
S09/20240313/00012,4,P100499,3,234.95,SALE,13-03-2024 14:37:34,S09,20240313
S09/20240313/00012,5,P103757,1,147.98,SALE,13-03-2024 14:37:34,S09,20240313
S09/20240313/00012,6,DISC,1,-119.28,DISCOUNT,13-03-2024 14:37:34,S09,20240313
S09/20240313/00012,7,TAX,1,280.68,TAX,13-03-2024 14:37:34,S09,20240313
S09/20240313/00012,8,TENDER,1,3135.62,TENDER,13-03-2024 14:37:34,S09,20240313
S09/20240313/00013,1,P102695,5,1254.95,SALE,13-03-2024 18:46:17,S09,20240313
S09/20240313/00013,2,P108050,1,1178.10,SALE,13-03-2024 18:46:17,S09,20240313
S09/20240313/00013,3,P104236,3,274.58,SALE,13-03-2024 18:46:17,S09,20240313
S09/20240313/00013,4,P108338,4,218.68,SALE,13-03-2024 18:46:17,S09,20240313
S09/20240313/00013,5,P103811,1,801.95,SALE,13-03-2024 18:46:17,S09,20240313
S09/20240313/00013,6,TAX,1,1117.60,TAX,13-03-2024 18:46:17,S09,20240313
S09/20240313/00013,7,TENDER,1,11070.86,TENDER,13-03-2024 18:46:17,S09,20240313
S09/20240313/00014,1,P101127,2,43.65,SALE,13-03-2024 18:55:39,S09,20240313
S09/20240313/00014,2,TAX,1,0.00,TAX,13-03-2024 18:55:39,S09,20240313
S09/20240313/00014,3,TENDER,1,87.30,TENDER,13-03-2024 18:55:39,S09,20240313
S09/20240313/00015,1,P103654,1,460.36,SALE,13-03-2024 21:08:25,S09,20240313
S09/20240313/00015,2,P104439,1,109.14,SALE,13-03-2024 21:08:25,S09,20240313
S09/20240313/00015,3,TAX,1,42.66,TAX,13-03-2024 21:08:25,S09,20240313
S09/20240313/00015,4,TENDER,1,612.16,TENDER,13-03-2024 21:08:25,S09,20240313
S09/20240313/00016,1,P102151,2,935.36,SALE,13-03-2024 13:42:42,S09,20240313
S09/20240313/00016,2,P106823,2,136.43,SALE,13-03-2024 13:42:42,S09,20240313
S09/20240313/00016,3,P103171,2,56.95,SALE,13-03-2024 13:42:42,S09,20240313
S09/20240313/00016,4,TAX,1,131.97,TAX,13-03-2024 13:42:42,S09,20240313
S09/20240313/00016,5,TENDER,1,2389.45,TENDER,13-03-2024 13:42:42,S09,20240313
S09/20240313/00017,1,P105062,3,14.36,SALE,13-03-2024 10:00:52,S09,20240313
S09/20240313/00017,2,P105603,3,193.95,SALE,13-03-2024 10:00:52,S09,20240313
S09/20240313/00017,3,P106004,3,137.38,SALE,13-03-2024 10:00:52,S09,20240313
S09/20240313/00017,4,P102909,3,48.95,SALE,13-03-2024 10:00:52,S09,20240313
S09/20240313/00017,5,P101961,2,679.58,SALE,13-03-2024 10:00:52,S09,20240313
S09/20240313/00017,6,P103316,1,1749.88,SALE,13-03-2024 10:00:52,S09,20240313
S09/20240313/00017,7,P105112,1,179.95,SALE,13-03-2024 10:00:52,S09,20240313
S09/20240313/00017,8,TAX,1,596.73,TAX,13-03-2024 10:00:52,S09,20240313
S09/20240313/00017,9,TENDER,1,5069.64,TENDER,13-03-2024 10:00:52,S09,20240313
S09/20240313/00018,1,P104112,2,425.51,SALE,13-03-2024 15:19:39,S09,20240313
S09/20240313/00018,2,P105050,2,103.36,SALE,13-03-2024 15:19:39,S09,20240313
S09/20240313/00018,3,P104251,2,79.68,SALE,13-03-2024 15:19:39,S09,20240313
S09/20240313/00018,4,P102103,3,345.70,SALE,13-03-2024 15:19:39,S09,20240313
S09/20240313/00018,5,P107171,1,325.58,SALE,13-03-2024 15:19:39,S09,20240313
S09/20240313/00018,6,P106542,4,107.95,SALE,13-03-2024 15:19:39,S09,20240313
S09/20240313/00018,7,P101248,1,469.28,SALE,13-03-2024 15:19:39,S09,20240313
S09/20240313/00018,8,P105209,4,367.95,SALE,13-03-2024 15:19:39,S09,20240313
S09/20240313/00018,9,TAX,1,794.01,TAX,13-03-2024 15:19:39,S09,20240313
S09/20240313/00018,10,TENDER,1,5746.67,TENDER,13-03-2024 15:19:39,S09,20240313
S09/20240313/00019,1,P106373,2,46.84,SALE,13-03-2024 14:15:08,S09,20240313
S09/20240313/00019,2,P106336,2,456.47,SALE,13-03-2024 14:15:08,S09,20240313
S09/20240313/00019,3,P101421,2,105.06,SALE,13-03-2024 14:15:08,S09,20240313
S09/20240313/00019,4,P100889,4,976.95,SALE,13-03-2024 14:15:08,S09,20240313
S09/20240313/00019,5,P107028,4,56.60,SALE,13-03-2024 14:15:08,S09,20240313
S09/20240313/00019,6,TAX,1,442.98,TAX,13-03-2024 14:15:08,S09,20240313
S09/20240313/00019,7,TENDER,1,5793.92,TENDER,13-03-2024 14:15:08,S09,20240313
S09/20240313/00020,1,P103438,2,187.96,SALE,13-03-2024 15:34:21,S09,20240313
S09/20240313/00020,2,TAX,1,18.80,TAX,13-03-2024 15:34:21,S09,20240313
S09/20240313/00020,3,TENDER,1,394.72,TENDER,13-03-2024 15:34:21,S09,20240313
S09/20240313/00021,1,P101083,1,312.05,SALE,13-03-2024 13:30:33,S09,20240313
S09/20240313/00021,2,P108050,1,1178.10,SALE,13-03-2024 13:30:33,S09,20240313
S09/20240313/00021,3,TAX,1,115.07,TAX,13-03-2024 13:30:33,S09,20240313
S09/20240313/00021,4,TENDER,1,1605.22,TENDER,13-03-2024 13:30:33,S09,20240313
S09/20240313/00022,1,P105868,2,71.99,SALE,13-03-2024 21:52:46,S09,20240313
S09/20240313/00022,2,P106877,6,1012.95,SALE,13-03-2024 21:52:46,S09,20240313
S09/20240313/00022,3,P101564,2,154.29,SALE,13-03-2024 21:52:46,S09,20240313
S09/20240313/00022,4,P106534,1,78.95,SALE,13-03-2024 21:52:46,S09,20240313
S09/20240313/00022,5,P105030,3,211.39,SALE,13-03-2024 21:52:46,S09,20240313
S09/20240313/00022,6,P103234,2,121.56,SALE,13-03-2024 21:52:46,S09,20240313
S09/20240313/00022,7,TAX,1,234.87,TAX,13-03-2024 21:52:46,S09,20240313
S09/20240313/00022,8,TENDER,1,7721.37,TENDER,13-03-2024 21:52:46,S09,20240313
S09/20240313/00023,1,P107446,1,561.07,SALE,13-03-2024 08:22:43,S09,20240313
S09/20240313/00023,2,P108186,4,336.07,SALE,13-03-2024 08:22:43,S09,20240313
S09/20240313/00023,3,P107327,1,1146.95,SALE,13-03-2024 08:22:43,S09,20240313
S09/20240313/00023,4,P105460,5,143.35,SALE,13-03-2024 08:22:43,S09,20240313
S09/20240313/00023,5,TAX,1,391.32,TAX,13-03-2024 08:22:43,S09,20240313
S09/20240313/00023,6,TENDER,1,4160.37,TENDER,13-03-2024 08:22:43,S09,20240313
S09/20240314/00001,1,P107681,1,184.66,SALE,14-03-2024 11:00:54,S09,20240314
S09/20240314/00001,2,P105003,4,285.67,SALE,14-03-2024 11:00:54,S09,20240314
S09/20240314/00001,3,P102139,2,1231.60,SALE,14-03-2024 11:00:54,S09,20240314
S09/20240314/00001,4,P101332,3,400.98,SALE,14-03-2024 11:00:54,S09,20240314
S09/20240314/00001,5,P101470,1,155.81,SALE,14-03-2024 11:00:54,S09,20240314
S09/20240314/00001,6,TAX,1,578.61,TAX,14-03-2024 11:00:54,S09,20240314
S09/20240314/00001,7,TENDER,1,5727.90,TENDER,14-03-2024 11:00:54,S09,20240314
S09/20240314/00002,1,P103542,2,398.89,SALE,14-03-2024 13:30:17,S09,20240314
S09/20240314/00002,2,P100198,1,156.66,SALE,14-03-2024 13:30:17,S09,20240314
S09/20240314/00002,3,P100026,2,304.63,SALE,14-03-2024 13:30:17,S09,20240314
S09/20240314/00002,4,P100033,2,763.12,SALE,14-03-2024 13:30:17,S09,20240314
S09/20240314/00002,5,P106697,2,342.69,SALE,14-03-2024 13:30:17,S09,20240314
S09/20240314/00002,6,P103449,4,381.08,SALE,14-03-2024 13:30:17,S09,20240314
S09/20240314/00002,7,DISC,1,-365.21,DISCOUNT,14-03-2024 13:30:17,S09,20240314
S09/20240314/00002,8,TAX,1,343.39,TAX,14-03-2024 13:30:17,S09,20240314
S09/20240314/00002,9,TENDER,1,5277.82,TENDER,14-03-2024 13:30:17,S09,20240314
S09/20240314/00003,1,P104058,1,351.54,SALE,14-03-2024 18:42:11,S09,20240314
S09/20240314/00003,2,P105835,1,243.66,SALE,14-03-2024 18:42:11,S09,20240314
S09/20240314/00003,3,P105176,2,499.95,SALE,14-03-2024 18:42:11,S09,20240314
S09/20240314/00003,4,P106639,2,415.94,SALE,14-03-2024 18:42:11,S09,20240314
S09/20240314/00003,5,P101626,1,941.95,SALE,14-03-2024 18:42:11,S09,20240314
S09/20240314/00003,6,DISC,1,-303.62,DISCOUNT,14-03-2024 18:42:11,S09,20240314
S09/20240314/00003,7,TAX,1,426.10,TAX,14-03-2024 18:42:11,S09,20240314
S09/20240314/00003,8,TENDER,1,3491.41,TENDER,14-03-2024 18:42:11,S09,20240314
S09/20240314/00004,1,P107966,3,391.71,SALE,14-03-2024 22:55:12,S09,20240314
S09/20240314/00004,2,P105180,1,103.95,SALE,14-03-2024 22:55:12,S09,20240314
S09/20240314/00004,3,P103918,2,534.07,SALE,14-03-2024 22:55:12,S09,20240314
S09/20240314/00004,4,DISC,1,-235.80,DISCOUNT,14-03-2024 22:55:12,S09,20240314
S09/20240314/00004,5,TAX,1,64.87,TAX,14-03-2024 22:55:12,S09,20240314
S09/20240314/00004,6,TENDER,1,2176.29,TENDER,14-03-2024 22:55:12,S09,20240314
S09/20240314/00005,1,P101570,2,288.76,SALE,14-03-2024 13:01:47,S09,20240314
S09/20240314/00005,2,P102531,1,148.36,SALE,14-03-2024 13:01:47,S09,20240314
S09/20240314/00005,3,P103168,2,923.59,SALE,14-03-2024 13:01:47,S09,20240314
S09/20240314/00005,4,P101681,1,132.46,SALE,14-03-2024 13:01:47,S09,20240314
S09/20240314/00005,5,P101622,2,259.77,SALE,14-03-2024 13:01:47,S09,20240314
S09/20240314/00005,6,TAX,1,350.64,TAX,14-03-2024 13:01:47,S09,20240314
S09/20240314/00005,7,TENDER,1,3575.70,TENDER,14-03-2024 13:01:47,S09,20240314
S09/20240314/00006,1,P106388,1,1042.36,SALE,14-03-2024 15:33:23,S09,20240314
S09/20240314/00006,2,P102409,2,381.29,SALE,14-03-2024 15:33:23,S09,20240314
S09/20240314/00006,3,P106765,1,270.40,SALE,14-03-2024 15:33:23,S09,20240314
S09/20240314/00006,4,P104236,2,274.58,SALE,14-03-2024 15:33:23,S09,20240314
S09/20240314/00006,5,P108159,1,457.97,SALE,14-03-2024 15:33:23,S09,20240314
S09/20240314/00006,6,TAX,1,185.65,TAX,14-03-2024 15:33:23,S09,20240314
S09/20240314/00006,7,TENDER,1,3268.12,TENDER,14-03-2024 15:33:23,S09,20240314
S09/20240314/00007,1,P103563,2,21.95,SALE,14-03-2024 18:33:48,S09,20240314
S09/20240314/00007,2,P104404,1,849.83,SALE,14-03-2024 18:33:48,S09,20240314
S09/20240314/00007,3,P102263,1,116.79,SALE,14-03-2024 18:33:48,S09,20240314
S09/20240314/00007,4,P102947,2,59.21,SALE,14-03-2024 18:33:48,S09,20240314
S09/20240314/00007,5,P103406,2,1154.48,SALE,14-03-2024 18:33:48,S09,20240314
S09/20240314/00007,6,P103999,1,100.52,SALE,14-03-2024 18:33:48,S09,20240314
S09/20240314/00007,7,TAX,1,406.00,TAX,14-03-2024 18:33:48,S09,20240314
S09/20240314/00007,8,TENDER,1,3944.42,TENDER,14-03-2024 18:33:48,S09,20240314
S09/20240314/00008,1,P102738,1,481.95,SALE,14-03-2024 15:20:19,S09,20240314
S09/20240314/00008,2,P105772,2,539.31,SALE,14-03-2024 15:20:19,S09,20240314
S09/20240314/00008,3,P101225,2,452.38,SALE,14-03-2024 15:20:19,S09,20240314
S09/20240314/00008,4,TAX,1,360.56,TAX,14-03-2024 15:20:19,S09,20240314
S09/20240314/00008,5,TENDER,1,2825.89,TENDER,14-03-2024 15:20:19,S09,20240314
S09/20240314/00009,1,P106830,2,103.94,SALE,14-03-2024 13:15:40,S09,20240314
S09/20240314/00009,2,P104628,1,196.55,SALE,14-03-2024 13:15:40,S09,20240314
S09/20240314/00009,3,TAX,1,72.80,TAX,14-03-2024 13:15:40,S09,20240314
S09/20240314/00009,4,TENDER,1,477.23,TENDER,14-03-2024 13:15:40,S09,20240314
S09/20240314/00010,1,P107826,2,161.95,SALE,14-03-2024 22:59:05,S09,20240314
S09/20240314/00010,2,P106080,1,342.95,SALE,14-03-2024 22:59:05,S09,20240314
S09/20240314/00010,3,P101702,6,491.39,SALE,14-03-2024 22:59:05,S09,20240314
S09/20240314/00010,4,TAX,1,630.16,TAX,14-03-2024 22:59:05,S09,20240314
S09/20240314/00010,5,TENDER,1,4245.35,TENDER,14-03-2024 22:59:05,S09,20240314
S09/20240314/00011,1,P107373,3,86.15,SALE,14-03-2024 15:59:04,S09,20240314
S09/20240314/00011,2,P104079,2,72.20,SALE,14-03-2024 15:59:04,S09,20240314
S09/20240314/00011,3,P104308,1,53.87,SALE,14-03-2024 15:59:04,S09,20240314
S09/20240314/00011,4,P100609,3,76.13,SALE,14-03-2024 15:59:04,S09,20240314
S09/20240314/00011,5,P104160,3,258.87,SALE,14-03-2024 15:59:04,S09,20240314
S09/20240314/00011,6,TAX,1,37.10,TAX,14-03-2024 15:59:04,S09,20240314
S09/20240314/00011,7,TENDER,1,1498.82,TENDER,14-03-2024 15:59:04,S09,20240314
S09/20240314/00012,1,P107914,1,231.95,SALE,14-03-2024 12:03:05,S09,20240314
S09/20240314/00012,2,P102975,3,226.32,SALE,14-03-2024 12:03:05,S09,20240314
S09/20240314/00012,3,P105112,2,179.95,SALE,14-03-2024 12:03:05,S09,20240314
S09/20240314/00012,4,P102623,2,110.85,SALE,14-03-2024 12:03:05,S09,20240314
S09/20240314/00012,5,P104902,4,445.79,SALE,14-03-2024 12:03:05,S09,20240314
S09/20240314/00012,6,P108262,3,601.82,SALE,14-03-2024 12:03:05,S09,20240314
S09/20240314/00012,7,P100150,2,280.80,SALE,14-03-2024 12:03:05,S09,20240314
S09/20240314/00012,8,P105656,3,438.95,SALE,14-03-2024 12:03:05,S09,20240314
S09/20240314/00012,9,TAX,1,882.59,TAX,14-03-2024 12:03:05,S09,20240314
S09/20240314/00012,10,TENDER,1,7842.17,TENDER,14-03-2024 12:03:05,S09,20240314
S09/20240314/00013,1,P102755,2,68.95,SALE,14-03-2024 13:00:29,S09,20240314
S09/20240314/00013,2,P106424,4,535.14,SALE,14-03-2024 13:00:29,S09,20240314
S09/20240314/00013,3,P100686,1,787.42,SALE,14-03-2024 13:00:29,S09,20240314
S09/20240314/00013,4,TAX,1,113.92,TAX,14-03-2024 13:00:29,S09,20240314
S09/20240314/00013,5,TENDER,1,3179.80,TENDER,14-03-2024 13:00:29,S09,20240314
S09/20240314/00014,1,P101492,1,110.48,SALE,14-03-2024 17:26:03,S09,20240314
S09/20240314/00014,2,P100864,2,193.24,SALE,14-03-2024 17:26:03,S09,20240314
S09/20240314/00014,3,P107863,3,489.79,SALE,14-03-2024 17:26:03,S09,20240314
S09/20240314/00014,4,P101404,3,214.54,SALE,14-03-2024 17:26:03,S09,20240314
S09/20240314/00014,5,P105603,4,193.95,SALE,14-03-2024 17:26:03,S09,20240314
S09/20240314/00014,6,TAX,1,525.76,TAX,14-03-2024 17:26:03,S09,20240314
S09/20240314/00014,7,TENDER,1,3911.51,TENDER,14-03-2024 17:26:03,S09,20240314
S09/20240314/00015,1,P105959,2,479.13,SALE,14-03-2024 16:30:05,S09,20240314
S09/20240314/00015,2,P101674,2,373.95,SALE,14-03-2024 16:30:05,S09,20240314
S09/20240314/00015,3,P101669,4,45.80,SALE,14-03-2024 16:30:05,S09,20240314
S09/20240314/00015,4,P107208,2,302.95,SALE,14-03-2024 16:30:05,S09,20240314
S09/20240314/00015,5,P101789,2,336.02,SALE,14-03-2024 16:30:05,S09,20240314
S09/20240314/00015,6,TAX,1,380.17,TAX,14-03-2024 16:30:05,S09,20240314
S09/20240314/00015,7,TENDER,1,3547.47,TENDER,14-03-2024 16:30:05,S09,20240314
S09/20240314/00016,1,P108032,2,660.37,SALE,15-03-2024 00:45:16,S09,20240314
S09/20240314/00016,2,P101827,1,139.26,SALE,15-03-2024 00:45:16,S09,20240314
S09/20240314/00016,3,P105236,1,511.25,SALE,15-03-2024 00:45:16,S09,20240314
S09/20240314/00016,4,P102903,4,51.46,SALE,15-03-2024 00:45:16,S09,20240314
S09/20240314/00016,5,TAX,1,263.85,TAX,15-03-2024 00:45:16,S09,20240314
S09/20240314/00016,6,TENDER,1,2440.94,TENDER,15-03-2024 00:45:16,S09,20240314
S09/20240314/00017,1,P102014,1,261.84,SALE,14-03-2024 10:50:10,S09,20240314
S09/20240314/00017,2,P107925,2,1023.82,SALE,14-03-2024 10:50:10,S09,20240314
S09/20240314/00017,3,P101911,2,1431.80,SALE,14-03-2024 10:50:10,S09,20240314
S09/20240314/00017,4,P105377,1,262.95,SALE,14-03-2024 10:50:10,S09,20240314
S09/20240314/00017,5,P103340,1,466.84,SALE,14-03-2024 10:50:10,S09,20240314
S09/20240314/00017,6,P100095,1,92.95,SALE,14-03-2024 10:50:10,S09,20240314
S09/20240314/00017,7,P108319,2,262.51,SALE,14-03-2024 10:50:10,S09,20240314
S09/20240314/00017,8,P108374,1,1247.39,SALE,14-03-2024 10:50:10,S09,20240314
S09/20240314/00017,9,TAX,1,296.00,TAX,14-03-2024 10:50:10,S09,20240314
S09/20240314/00017,10,TENDER,1,8064.23,TENDER,14-03-2024 10:50:10,S09,20240314
S09/20240314/00018,1,P106382,2,81.60,SALE,14-03-2024 16:52:11,S09,20240314
S09/20240314/00018,2,P101184,3,54.95,SALE,14-03-2024 16:52:11,S09,20240314
S09/20240314/00018,3,P100354,3,182.63,SALE,14-03-2024 16:52:11,S09,20240314
S09/20240314/00018,4,P107072,1,197.46,SALE,14-03-2024 16:52:11,S09,20240314
S09/20240314/00018,5,P104725,2,163.86,SALE,14-03-2024 16:52:11,S09,20240314
S09/20240314/00018,6,P101404,3,214.54,SALE,14-03-2024 16:52:11,S09,20240314
S09/20240314/00018,7,P100183,1,1426.11,SALE,14-03-2024 16:52:11,S09,20240314
S09/20240314/00018,8,TAX,1,371.53,TAX,14-03-2024 16:52:11,S09,20240314
S09/20240314/00018,9,TENDER,1,3842.38,TENDER,14-03-2024 16:52:11,S09,20240314
S09/20240314/00019,1,P106181,2,885.95,SALE,14-03-2024 12:09:35,S09,20240314
S09/20240314/00019,2,P103749,3,13.83,SALE,14-03-2024 12:09:35,S09,20240314
S09/20240314/00019,3,P103811,1,801.95,SALE,14-03-2024 12:09:35,S09,20240314
S09/20240314/00019,4,P103473,2,424.75,SALE,14-03-2024 12:09:35,S09,20240314
S09/20240314/00019,5,P100172,1,171.71,SALE,14-03-2024 12:09:35,S09,20240314
S09/20240314/00019,6,P106745,2,518.86,SALE,14-03-2024 12:09:35,S09,20240314
S09/20240314/00019,7,TAX,1,304.78,TAX,14-03-2024 12:09:35,S09,20240314
S09/20240314/00019,8,TENDER,1,4979.05,TENDER,14-03-2024 12:09:35,S09,20240314
S09/20240314/00020,1,P100326,1,44.54,SALE,14-03-2024 19:57:59,S09,20240314
S09/20240314/00020,2,P108090,2,129.95,SALE,14-03-2024 19:57:59,S09,20240314
S09/20240314/00020,3,TAX,1,21.01,TAX,14-03-2024 19:57:59,S09,20240314
S09/20240314/00020,4,TENDER,1,325.45,TENDER,14-03-2024 19:57:59,S09,20240314
S09/20240314/00021,1,P101779,2,197.95,SALE,14-03-2024 10:12:31,S09,20240314
S09/20240314/00021,2,P107721,3,92.25,SALE,14-03-2024 10:12:31,S09,20240314
S09/20240314/00021,3,P104048,4,162.96,SALE,14-03-2024 10:12:31,S09,20240314
S09/20240314/00021,4,P103864,2,424.35,SALE,14-03-2024 10:12:31,S09,20240314
S09/20240314/00021,5,P101208,2,521.19,SALE,14-03-2024 10:12:31,S09,20240314
S09/20240314/00021,6,P100057,2,215.95,SALE,14-03-2024 10:12:31,S09,20240314
S09/20240314/00021,7,P101500,4,352.82,SALE,14-03-2024 10:12:31,S09,20240314
S09/20240314/00021,8,P101213,3,232.84,SALE,14-03-2024 10:12:31,S09,20240314
S09/20240314/00021,9,TAX,1,318.01,TAX,14-03-2024 10:12:31,S09,20240314
S09/20240314/00021,10,TENDER,1,6075.28,TENDER,14-03-2024 10:12:31,S09,20240314
S09/20240314/00022,1,P104389,2,169.98,SALE,14-03-2024 15:15:12,S09,20240314
S09/20240314/00022,2,P102585,2,516.36,SALE,14-03-2024 15:15:12,S09,20240314
S09/20240314/00022,3,P100469,2,46.95,SALE,14-03-2024 15:15:12,S09,20240314
S09/20240314/00022,4,P106027,2,1436.61,SALE,14-03-2024 15:15:12,S09,20240314
S09/20240314/00022,5,P103234,1,121.56,SALE,14-03-2024 15:15:12,S09,20240314
S09/20240314/00022,6,P102452,2,169.06,SALE,14-03-2024 15:15:12,S09,20240314
S09/20240314/00022,7,P108258,3,54.62,SALE,14-03-2024 15:15:12,S09,20240314
S09/20240314/00022,8,DISC,1,-518.64,DISCOUNT,14-03-2024 15:15:12,S09,20240314
S09/20240314/00022,9,TAX,1,166.39,TAX,14-03-2024 15:15:12,S09,20240314
S09/20240314/00022,10,TENDER,1,4611.09,TENDER,14-03-2024 15:15:12,S09,20240314
S09/20240314/00023,1,P105890,2,1102.54,SALE,14-03-2024 12:28:55,S09,20240314
S09/20240314/00023,2,P107848,2,267.41,SALE,14-03-2024 12:28:55,S09,20240314
S09/20240314/00023,3,P105356,1,221.75,SALE,14-03-2024 12:28:55,S09,20240314
S09/20240314/00023,4,P104404,3,849.83,SALE,14-03-2024 12:28:55,S09,20240314
S09/20240314/00023,5,P106115,1,128.36,SALE,14-03-2024 12:28:55,S09,20240314
S09/20240314/00023,6,P106162,2,527.95,SALE,14-03-2024 12:28:55,S09,20240314
S09/20240314/00023,7,P106965,1,86.04,SALE,14-03-2024 12:28:55,S09,20240314
S09/20240314/00023,8,P102903,2,51.46,SALE,14-03-2024 12:28:55,S09,20240314
S09/20240314/00023,9,P106501,1,165.98,SALE,14-03-2024 12:28:55,S09,20240314
S09/20240314/00023,10,TAX,1,529.83,TAX,14-03-2024 12:28:55,S09,20240314
S09/20240314/00023,11,TENDER,1,7580.17,TENDER,14-03-2024 12:28:55,S09,20240314
S09/20240314/00024,1,P105908,-1,638.48,RETURN,14-03-2024 16:09:43,S09,20240314
S09/20240314/00024,2,P107012,-2,104.24,RETURN,14-03-2024 16:09:43,S09,20240314
S09/20240314/00024,3,P105294,-3,129.95,RETURN,14-03-2024 16:09:43,S09,20240314
S09/20240314/00024,4,P106080,-3,342.95,RETURN,14-03-2024 16:09:43,S09,20240314
S09/20240314/00024,5,TAX,1,-235.98,TAX,14-03-2024 16:09:43,S09,20240314
S09/20240314/00024,6,TENDER,1,-2501.64,TENDER,14-03-2024 16:09:43,S09,20240314
S09/20240315/00001,1,P104308,2,53.87,SALE,15-03-2024 10:54:38,S09,20240315
S09/20240315/00001,2,P103197,1,292.95,SALE,15-03-2024 10:54:38,S09,20240315
S09/20240315/00001,3,P102000,5,79.16,SALE,15-03-2024 10:54:38,S09,20240315
S09/20240315/00001,4,P103749,1,13.83,SALE,15-03-2024 10:54:38,S09,20240315
S09/20240315/00001,5,TAX,1,128.28,TAX,15-03-2024 10:54:38,S09,20240315
S09/20240315/00001,6,TENDER,1,938.60,TENDER,15-03-2024 10:54:38,S09,20240315
S09/20240315/00002,1,P100519,3,365.61,SALE,15-03-2024 09:44:25,S09,20240315
S09/20240315/00002,2,P105677,2,89.95,SALE,15-03-2024 09:44:25,S09,20240315
S09/20240315/00002,3,TAX,1,164.00,TAX,15-03-2024 09:44:25,S09,20240315
S09/20240315/00002,4,TENDER,1,1440.73,TENDER,15-03-2024 09:44:25,S09,20240315
S09/20240315/00003,1,P104181,1,279.95,SALE,15-03-2024 18:11:06,S09,20240315
S09/20240315/00003,2,P103487,3,345.08,SALE,15-03-2024 18:11:06,S09,20240315
S09/20240315/00003,3,P101990,1,408.52,SALE,15-03-2024 18:11:06,S09,20240315
S09/20240315/00003,4,TAX,1,206.85,TAX,15-03-2024 18:11:06,S09,20240315
S09/20240315/00003,5,TENDER,1,1930.56,TENDER,15-03-2024 18:11:06,S09,20240315
S09/20240315/00004,1,P105227,1,257.52,SALE,15-03-2024 15:38:53,S09,20240315
S09/20240315/00004,2,P106783,2,87.95,SALE,15-03-2024 15:38:53,S09,20240315
S09/20240315/00004,3,P104891,1,692.46,SALE,15-03-2024 15:38:53,S09,20240315
S09/20240315/00004,4,P103118,3,40.95,SALE,15-03-2024 15:38:53,S09,20240315
S09/20240315/00004,5,P102516,3,1272.67,SALE,15-03-2024 15:38:53,S09,20240315
S09/20240315/00004,6,DISC,1,-123.07,DISCOUNT,15-03-2024 15:38:53,S09,20240315
S09/20240315/00004,7,TAX,1,334.38,TAX,15-03-2024 15:38:53,S09,20240315
S09/20240315/00004,8,TENDER,1,5278.05,TENDER,15-03-2024 15:38:53,S09,20240315
S09/20240315/00005,1,P102494,1,11.95,SALE,15-03-2024 19:06:27,S09,20240315
S09/20240315/00005,2,P105497,1,70.98,SALE,15-03-2024 19:06:27,S09,20240315
S09/20240315/00005,3,P103012,1,256.77,SALE,15-03-2024 19:06:27,S09,20240315
S09/20240315/00005,4,P106669,3,102.72,SALE,15-03-2024 19:06:27,S09,20240315
S09/20240315/00005,5,P102353,1,141.95,SALE,15-03-2024 19:06:27,S09,20240315
S09/20240315/00005,6,P102922,2,120.11,SALE,15-03-2024 19:06:27,S09,20240315
S09/20240315/00005,7,P100717,1,505.95,SALE,15-03-2024 19:06:27,S09,20240315
S09/20240315/00005,8,TAX,1,198.30,TAX,15-03-2024 19:06:27,S09,20240315
S09/20240315/00005,9,TENDER,1,1734.28,TENDER,15-03-2024 19:06:27,S09,20240315
S09/20240315/00006,1,P101669,3,45.80,SALE,15-03-2024 13:35:11,S09,20240315
S09/20240315/00006,2,P105553,2,739.86,SALE,15-03-2024 13:35:11,S09,20240315
S09/20240315/00006,3,P107414,1,539.23,SALE,15-03-2024 13:35:11,S09,20240315
S09/20240315/00006,4,P100494,2,64.52,SALE,15-03-2024 13:35:11,S09,20240315
S09/20240315/00006,5,P107799,2,738.35,SALE,15-03-2024 13:35:11,S09,20240315
S09/20240315/00006,6,TAX,1,308.46,TAX,15-03-2024 13:35:11,S09,20240315
S09/20240315/00006,7,TENDER,1,4070.55,TENDER,15-03-2024 13:35:11,S09,20240315
S09/20240315/00007,1,P103372,1,43.95,SALE,15-03-2024 15:41:03,S09,20240315
S09/20240315/00007,2,P103309,1,59.57,SALE,15-03-2024 15:41:03,S09,20240315
S09/20240315/00007,3,P104160,2,258.87,SALE,15-03-2024 15:41:03,S09,20240315
S09/20240315/00007,4,P105351,1,102.95,SALE,15-03-2024 15:41:03,S09,20240315
S09/20240315/00007,5,P105490,1,149.44,SALE,15-03-2024 15:41:03,S09,20240315
S09/20240315/00007,6,P106015,2,147.48,SALE,15-03-2024 15:41:03,S09,20240315
S09/20240315/00007,7,P103806,2,305.95,SALE,15-03-2024 15:41:03,S09,20240315
S09/20240315/00007,8,TAX,1,91.71,TAX,15-03-2024 15:41:03,S09,20240315
S09/20240315/00007,9,TENDER,1,1872.22,TENDER,15-03-2024 15:41:03,S09,20240315
S09/20240315/00008,1,P106669,4,102.72,SALE,15-03-2024 15:56:37,S09,20240315
S09/20240315/00008,2,P100819,1,1140.00,SALE,15-03-2024 15:56:37,S09,20240315
S09/20240315/00008,3,P103374,1,34.95,SALE,15-03-2024 15:56:37,S09,20240315
S09/20240315/00008,4,P105583,1,178.95,SALE,15-03-2024 15:56:37,S09,20240315
S09/20240315/00008,5,P103206,2,450.05,SALE,15-03-2024 15:56:37,S09,20240315
S09/20240315/00008,6,P103704,3,164.95,SALE,15-03-2024 15:56:37,S09,20240315
S09/20240315/00008,7,P107308,1,207.74,SALE,15-03-2024 15:56:37,S09,20240315
S09/20240315/00008,8,TAX,1,347.53,TAX,15-03-2024 15:56:37,S09,20240315
S09/20240315/00008,9,TENDER,1,3715.00,TENDER,15-03-2024 15:56:37,S09,20240315
S09/20240315/00009,1,P101660,1,193.14,SALE,15-03-2024 16:39:06,S09,20240315
S09/20240315/00009,2,P106373,5,46.84,SALE,15-03-2024 16:39:06,S09,20240315
S09/20240315/00009,3,P101613,5,109.83,SALE,15-03-2024 16:39:06,S09,20240315
S09/20240315/00009,4,P106353,1,244.95,SALE,15-03-2024 16:39:06,S09,20240315
S09/20240315/00009,5,P101656,2,262.95,SALE,15-03-2024 16:39:06,S09,20240315
S09/20240315/00009,6,P102735,1,517.39,SALE,15-03-2024 16:39:06,S09,20240315
S09/20240315/00009,7,P102811,2,199.15,SALE,15-03-2024 16:39:06,S09,20240315
S09/20240315/00009,8,P104975,1,474.17,SALE,15-03-2024 16:39:06,S09,20240315
S09/20240315/00009,9,P102139,3,1231.60,SALE,15-03-2024 16:39:06,S09,20240315
S09/20240315/00009,10,TAX,1,525.20,TAX,15-03-2024 16:39:06,S09,20240315
S09/20240315/00009,11,TENDER,1,7357.20,TENDER,15-03-2024 16:39:06,S09,20240315
S09/20240315/00010,1,P103496,2,70.71,SALE,15-03-2024 16:52:22,S09,20240315
S09/20240315/00010,2,P105294,1,129.95,SALE,15-03-2024 16:52:22,S09,20240315
S09/20240315/00010,3,P103559,2,370.21,SALE,15-03-2024 16:52:22,S09,20240315
S09/20240315/00010,4,P106718,1,448.91,SALE,15-03-2024 16:52:22,S09,20240315
S09/20240315/00010,5,TAX,1,166.67,TAX,15-03-2024 16:52:22,S09,20240315
S09/20240315/00010,6,TENDER,1,1627.37,TENDER,15-03-2024 16:52:22,S09,20240315
S09/20240315/00011,1,P107859,2,130.84,SALE,15-03-2024 20:16:09,S09,20240315
S09/20240315/00011,2,P103364,1,105.92,SALE,15-03-2024 20:16:09,S09,20240315
S09/20240315/00011,3,P100339,3,278.86,SALE,15-03-2024 20:16:09,S09,20240315
S09/20240315/00011,4,DISC,1,-48.52,DISCOUNT,15-03-2024 20:16:09,S09,20240315
S09/20240315/00011,5,TAX,1,157.07,TAX,15-03-2024 20:16:09,S09,20240315
S09/20240315/00011,6,TENDER,1,1312.73,TENDER,15-03-2024 20:16:09,S09,20240315
S09/20240315/00012,1,P104302,3,1205.95,SALE,15-03-2024 18:34:58,S09,20240315
S09/20240315/00012,2,P107568,2,147.18,SALE,15-03-2024 18:34:58,S09,20240315
S09/20240315/00012,3,P102272,3,373.95,SALE,15-03-2024 18:34:58,S09,20240315
S09/20240315/00012,4,TAX,1,583.48,TAX,15-03-2024 18:34:58,S09,20240315
S09/20240315/00012,5,TENDER,1,5617.54,TENDER,15-03-2024 18:34:58,S09,20240315
S09/20240315/00013,1,P101052,5,198.99,SALE,15-03-2024 13:05:43,S09,20240315
S09/20240315/00013,2,P103871,2,186.42,SALE,15-03-2024 13:05:43,S09,20240315
S09/20240315/00013,3,P107605,2,1290.76,SALE,15-03-2024 13:05:43,S09,20240315
S09/20240315/00013,4,P106115,2,128.36,SALE,15-03-2024 13:05:43,S09,20240315
S09/20240315/00013,5,P101603,3,887.87,SALE,15-03-2024 13:05:43,S09,20240315
S09/20240315/00013,6,DISC,1,-222.84,DISCOUNT,15-03-2024 13:05:43,S09,20240315
S09/20240315/00013,7,TAX,1,845.03,TAX,15-03-2024 13:05:43,S09,20240315
S09/20240315/00013,8,TENDER,1,7491.83,TENDER,15-03-2024 13:05:43,S09,20240315
S09/20240315/00014,1,P107422,3,193.56,SALE,15-03-2024 15:35:34,S09,20240315
S09/20240315/00014,2,P101152,2,478.44,SALE,15-03-2024 15:35:34,S09,20240315
S09/20240315/00014,3,P103452,1,1039.07,SALE,15-03-2024 15:35:34,S09,20240315
S09/20240315/00014,4,P103364,1,105.92,SALE,15-03-2024 15:35:34,S09,20240315
S09/20240315/00014,5,P108110,3,15.95,SALE,15-03-2024 15:35:34,S09,20240315
S09/20240315/00014,6,P105860,1,141.88,SALE,15-03-2024 15:35:34,S09,20240315
S09/20240315/00014,7,P106169,1,221.03,SALE,15-03-2024 15:35:34,S09,20240315
S09/20240315/00014,8,DISC,1,-331.99,DISCOUNT,15-03-2024 15:35:34,S09,20240315
S09/20240315/00014,9,TAX,1,269.25,TAX,15-03-2024 15:35:34,S09,20240315
S09/20240315/00014,10,TENDER,1,3030.57,TENDER,15-03-2024 15:35:34,S09,20240315
S09/20240315/00015,1,P105868,2,71.99,SALE,15-03-2024 16:02:59,S09,20240315
S09/20240315/00015,2,P106059,1,292.81,SALE,15-03-2024 16:02:59,S09,20240315
S09/20240315/00015,3,P106009,2,320.74,SALE,15-03-2024 16:02:59,S09,20240315
S09/20240315/00015,4,TAX,1,91.98,TAX,15-03-2024 16:02:59,S09,20240315
S09/20240315/00015,5,TENDER,1,1170.25,TENDER,15-03-2024 16:02:59,S09,20240315
S09/20240315/00016,1,P104872,2,132.95,SALE,15-03-2024 14:47:47,S09,20240315
S09/20240315/00016,2,P107327,4,1146.95,SALE,15-03-2024 14:47:47,S09,20240315
S09/20240315/00016,3,P101242,2,80.24,SALE,15-03-2024 14:47:47,S09,20240315
S09/20240315/00016,4,TAX,1,60.79,TAX,15-03-2024 14:47:47,S09,20240315
S09/20240315/00016,5,TENDER,1,5074.97,TENDER,15-03-2024 14:47:47,S09,20240315
S09/20240315/00017,1,P103159,2,1193.28,SALE,15-03-2024 12:11:55,S09,20240315
S09/20240315/00017,2,P105980,2,263.95,SALE,15-03-2024 12:11:55,S09,20240315
S09/20240315/00017,3,P106710,2,93.71,SALE,15-03-2024 12:11:55,S09,20240315
S09/20240315/00017,4,P102139,3,1231.60,SALE,15-03-2024 12:11:55,S09,20240315
S09/20240315/00017,5,P101599,2,387.95,SALE,15-03-2024 12:11:55,S09,20240315
S09/20240315/00017,6,TAX,1,421.49,TAX,15-03-2024 12:11:55,S09,20240315
S09/20240315/00017,7,TENDER,1,7994.07,TENDER,15-03-2024 12:11:55,S09,20240315
S09/20240315/00018,1,P100549,1,301.95,SALE,15-03-2024 09:28:11,S09,20240315
S09/20240315/00018,2,P107526,1,46.11,SALE,15-03-2024 09:28:11,S09,20240315
S09/20240315/00018,3,P101520,1,168.04,SALE,15-03-2024 09:28:11,S09,20240315
S09/20240315/00018,4,P105106,1,101.21,SALE,15-03-2024 09:28:11,S09,20240315
S09/20240315/00018,5,P101237,3,260.17,SALE,15-03-2024 09:28:11,S09,20240315
S09/20240315/00018,6,P107231,2,1193.22,SALE,15-03-2024 09:28:11,S09,20240315
S09/20240315/00018,7,TAX,1,164.81,TAX,15-03-2024 09:28:11,S09,20240315
S09/20240315/00018,8,TENDER,1,3949.07,TENDER,15-03-2024 09:28:11,S09,20240315
S09/20240315/00019,1,P100991,2,173.46,SALE,15-03-2024 12:08:32,S09,20240315
S09/20240315/00019,2,P104628,1,196.55,SALE,15-03-2024 12:08:32,S09,20240315
S09/20240315/00019,3,P104497,1,212.37,SALE,15-03-2024 12:08:32,S09,20240315
S09/20240315/00019,4,P107110,1,76.95,SALE,15-03-2024 12:08:32,S09,20240315
S09/20240315/00019,5,P101345,2,69.59,SALE,15-03-2024 12:08:32,S09,20240315
S09/20240315/00019,6,P101599,2,387.95,SALE,15-03-2024 12:08:32,S09,20240315
S09/20240315/00019,7,TAX,1,223.82,TAX,15-03-2024 12:08:32,S09,20240315
S09/20240315/00019,8,TENDER,1,1971.69,TENDER,15-03-2024 12:08:32,S09,20240315
S09/20240315/00020,1,P100850,2,166.95,SALE,15-03-2024 16:12:46,S09,20240315
S09/20240315/00020,2,P100172,2,171.71,SALE,15-03-2024 16:12:46,S09,20240315
S09/20240315/00020,3,P100767,2,269.95,SALE,15-03-2024 16:12:46,S09,20240315
S09/20240315/00020,4,TAX,1,122.03,TAX,15-03-2024 16:12:46,S09,20240315
S09/20240315/00020,5,TENDER,1,1339.25,TENDER,15-03-2024 16:12:46,S09,20240315
S09/20240315/00021,1,P106550,2,27.06,SALE,15-03-2024 19:21:10,S09,20240315
S09/20240315/00021,2,P103861,1,52.95,SALE,15-03-2024 19:21:10,S09,20240315
S09/20240315/00021,3,P104544,1,93.89,SALE,15-03-2024 19:21:10,S09,20240315
S09/20240315/00021,4,P105547,3,406.95,SALE,15-03-2024 19:21:10,S09,20240315
S09/20240315/00021,5,P106793,2,287.78,SALE,15-03-2024 19:21:10,S09,20240315
S09/20240315/00021,6,P100469,4,46.95,SALE,15-03-2024 19:21:10,S09,20240315
S09/20240315/00021,7,TAX,1,201.75,TAX,15-03-2024 19:21:10,S09,20240315
S09/20240315/00021,8,TENDER,1,2386.92,TENDER,15-03-2024 19:21:10,S09,20240315
S09/20240315/00022,1,P100840,1,248.08,SALE,15-03-2024 14:51:43,S09,20240315
S09/20240315/00022,2,P102424,2,333.88,SALE,15-03-2024 14:51:43,S09,20240315
S09/20240315/00022,3,P106336,1,456.47,SALE,15-03-2024 14:51:43,S09,20240315
S09/20240315/00022,4,P103354,2,844.26,SALE,15-03-2024 14:51:43,S09,20240315
S09/20240315/00022,5,P100035,1,1456.57,SALE,15-03-2024 14:51:43,S09,20240315
S09/20240315/00022,6,P107536,4,1495.35,SALE,15-03-2024 14:51:43,S09,20240315
S09/20240315/00022,7,DISC,1,-645.07,DISCOUNT,15-03-2024 14:51:43,S09,20240315
S09/20240315/00022,8,TAX,1,314.41,TAX,15-03-2024 14:51:43,S09,20240315
S09/20240315/00022,9,TENDER,1,10168.14,TENDER,15-03-2024 14:51:43,S09,20240315
S09/20240315/00023,1,P107740,1,1366.88,SALE,15-03-2024 20:30:32,S09,20240315
S09/20240315/00023,2,TAX,1,164.03,TAX,15-03-2024 20:30:32,S09,20240315
S09/20240315/00023,3,TENDER,1,1530.91,TENDER,15-03-2024 20:30:32,S09,20240315
S09/20240315/00024,1,P107952,1,1852.40,SALE,15-03-2024 23:48:16,S09,20240315
S09/20240315/00024,2,P105145,3,675.82,SALE,15-03-2024 23:48:16,S09,20240315
S09/20240315/00024,3,P104975,3,474.17,SALE,15-03-2024 23:48:16,S09,20240315
S09/20240315/00024,4,P101298,2,199.67,SALE,15-03-2024 23:48:16,S09,20240315
S09/20240315/00024,5,P100066,2,251.22,SALE,15-03-2024 23:48:16,S09,20240315
S09/20240315/00024,6,TAX,1,138.36,TAX,15-03-2024 23:48:16,S09,20240315
S09/20240315/00024,7,TENDER,1,6342.51,TENDER,15-03-2024 23:48:16,S09,20240315
S09/20240315/00025,1,P101766,2,189.95,SALE,15-03-2024 19:33:26,S09,20240315
S09/20240315/00025,2,P102389,1,73.62,SALE,15-03-2024 19:33:26,S09,20240315
S09/20240315/00025,3,P103792,1,26.45,SALE,15-03-2024 19:33:26,S09,20240315
S09/20240315/00025,4,P101122,2,70.95,SALE,15-03-2024 19:33:26,S09,20240315
S09/20240315/00025,5,P103904,2,1066.24,SALE,15-03-2024 19:33:26,S09,20240315
S09/20240315/00025,6,P100571,2,117.95,SALE,15-03-2024 19:33:26,S09,20240315
S09/20240315/00025,7,TAX,1,234.79,TAX,15-03-2024 19:33:26,S09,20240315
S09/20240315/00025,8,TENDER,1,3225.04,TENDER,15-03-2024 19:33:26,S09,20240315
S09/20240315/00026,1,P100140,1,57.95,SALE,15-03-2024 15:14:29,S09,20240315
S09/20240315/00026,2,P107278,2,57.40,SALE,15-03-2024 15:14:29,S09,20240315
S09/20240315/00026,3,P102559,2,86.19,SALE,15-03-2024 15:14:29,S09,20240315
S09/20240315/00026,4,P103171,2,56.95,SALE,15-03-2024 15:14:29,S09,20240315
S09/20240315/00026,5,P100967,4,1052.07,SALE,15-03-2024 15:14:29,S09,20240315
S09/20240315/00026,6,P102081,2,164.15,SALE,15-03-2024 15:14:29,S09,20240315
S09/20240315/00026,7,TAX,1,602.61,TAX,15-03-2024 15:14:29,S09,20240315
S09/20240315/00026,8,TENDER,1,5598.22,TENDER,15-03-2024 15:14:29,S09,20240315
S09/20240315/00027,1,P102091,2,87.60,SALE,15-03-2024 18:09:50,S09,20240315
S09/20240315/00027,2,P107933,4,1175.95,SALE,15-03-2024 18:09:50,S09,20240315
S09/20240315/00027,3,P101421,3,105.06,SALE,15-03-2024 18:09:50,S09,20240315
S09/20240315/00027,4,P107753,1,67.96,SALE,15-03-2024 18:09:50,S09,20240315
S09/20240315/00027,5,P107564,2,303.45,SALE,15-03-2024 18:09:50,S09,20240315
S09/20240315/00027,6,TAX,1,694.02,TAX,15-03-2024 18:09:50,S09,20240315
S09/20240315/00027,7,TENDER,1,6563.06,TENDER,15-03-2024 18:09:50,S09,20240315
S09/20240315/00028,1,P101272,2,87.22,SALE,15-03-2024 09:55:36,S09,20240315
S09/20240315/00028,2,P102151,3,935.36,SALE,15-03-2024 09:55:36,S09,20240315
S09/20240315/00028,3,P103896,1,200.95,SALE,15-03-2024 09:55:36,S09,20240315
S09/20240315/00028,4,P102342,5,99.85,SALE,15-03-2024 09:55:36,S09,20240315
S09/20240315/00028,5,TAX,1,245.11,TAX,15-03-2024 09:55:36,S09,20240315
S09/20240315/00028,6,TENDER,1,3925.83,TENDER,15-03-2024 09:55:36,S09,20240315
S09/20240315/00029,1,P103647,1,37.95,SALE,15-03-2024 18:25:08,S09,20240315
S09/20240315/00029,2,P106221,2,31.65,SALE,15-03-2024 18:25:08,S09,20240315
S09/20240315/00029,3,P106718,4,448.91,SALE,15-03-2024 18:25:08,S09,20240315
S09/20240315/00029,4,P104011,2,655.99,SALE,15-03-2024 18:25:08,S09,20240315
S09/20240315/00029,5,P106522,3,208.95,SALE,15-03-2024 18:25:08,S09,20240315
S09/20240315/00029,6,P102193,3,343.13,SALE,15-03-2024 18:25:08,S09,20240315
S09/20240315/00029,7,TAX,1,616.84,TAX,15-03-2024 18:25:08,S09,20240315
S09/20240315/00029,8,TENDER,1,5481.95,TENDER,15-03-2024 18:25:08,S09,20240315
S09/20240315/00030,1,P103766,1,191.95,SALE,15-03-2024 22:18:04,S09,20240315
S09/20240315/00030,2,P107472,1,60.81,SALE,15-03-2024 22:18:04,S09,20240315
S09/20240315/00030,3,P103732,5,94.74,SALE,15-03-2024 22:18:04,S09,20240315
S09/20240315/00030,4,P100682,1,325.28,SALE,15-03-2024 22:18:04,S09,20240315
S09/20240315/00030,5,P103647,4,37.95,SALE,15-03-2024 22:18:04,S09,20240315
S09/20240315/00030,6,P106802,3,689.06,SALE,15-03-2024 22:18:04,S09,20240315
S09/20240315/00030,7,P100406,1,342.13,SALE,15-03-2024 22:18:04,S09,20240315
S09/20240315/00030,8,TAX,1,195.82,TAX,15-03-2024 22:18:04,S09,20240315
S09/20240315/00030,9,TENDER,1,3808.67,TENDER,15-03-2024 22:18:04,S09,20240315
S09/20240315/00031,1,P106948,2,160.95,SALE,15-03-2024 12:04:04,S09,20240315
S09/20240315/00031,2,P105633,5,46.25,SALE,15-03-2024 12:04:04,S09,20240315
S09/20240315/00031,3,P101876,1,71.32,SALE,15-03-2024 12:04:04,S09,20240315
S09/20240315/00031,4,P105860,1,141.88,SALE,15-03-2024 12:04:04,S09,20240315
S09/20240315/00031,5,P102236,1,933.52,SALE,15-03-2024 12:04:04,S09,20240315
S09/20240315/00031,6,P105057,2,254.08,SALE,15-03-2024 12:04:04,S09,20240315
S09/20240315/00031,7,P103465,2,27.30,SALE,15-03-2024 12:04:04,S09,20240315
S09/20240315/00031,8,P102814,3,524.95,SALE,15-03-2024 12:04:04,S09,20240315
S09/20240315/00031,9,DISC,1,-179.26,DISCOUNT,15-03-2024 12:04:04,S09,20240315
S09/20240315/00031,10,TAX,1,245.89,TAX,15-03-2024 12:04:04,S09,20240315
S09/20240315/00031,11,TENDER,1,3904.11,TENDER,15-03-2024 12:04:04,S09,20240315
S09/20240315/00032,1,P104401,1,208.95,SALE,15-03-2024 16:22:28,S09,20240315
S09/20240315/00032,2,P107414,2,539.23,SALE,15-03-2024 16:22:28,S09,20240315
S09/20240315/00032,3,P102112,1,389.72,SALE,15-03-2024 16:22:28,S09,20240315
S09/20240315/00032,4,P108272,1,101.95,SALE,15-03-2024 16:22:28,S09,20240315
S09/20240315/00032,5,P101825,3,168.15,SALE,15-03-2024 16:22:28,S09,20240315
S09/20240315/00032,6,TAX,1,163.22,TAX,15-03-2024 16:22:28,S09,20240315
S09/20240315/00032,7,TENDER,1,2446.75,TENDER,15-03-2024 16:22:28,S09,20240315
S09/20240315/00033,1,P102485,2,202.08,SALE,15-03-2024 19:24:11,S09,20240315
S09/20240315/00033,2,P100308,2,277.54,SALE,15-03-2024 19:24:11,S09,20240315
S09/20240315/00033,3,P101660,1,193.14,SALE,15-03-2024 19:24:11,S09,20240315
S09/20240315/00033,4,P103785,3,491.90,SALE,15-03-2024 19:24:11,S09,20240315
S09/20240315/00033,5,P106765,5,270.40,SALE,15-03-2024 19:24:11,S09,20240315
S09/20240315/00033,6,TAX,1,516.92,TAX,15-03-2024 19:24:11,S09,20240315
S09/20240315/00033,7,TENDER,1,4497.00,TENDER,15-03-2024 19:24:11,S09,20240315
S09/20240315/00034,1,P103833,2,1136.81,SALE,15-03-2024 15:01:39,S09,20240315
S09/20240315/00034,2,P107435,2,549.51,SALE,15-03-2024 15:01:39,S09,20240315
S09/20240315/00034,3,P107989,2,184.95,SALE,15-03-2024 15:01:39,S09,20240315
S09/20240315/00034,4,TAX,1,378.09,TAX,15-03-2024 15:01:39,S09,20240315
S09/20240315/00034,5,TENDER,1,4120.63,TENDER,15-03-2024 15:01:39,S09,20240315
S09/20240315/00035,1,P102945,1,47.95,SALE,15-03-2024 17:59:59,S09,20240315
S09/20240315/00035,2,TAX,1,8.63,TAX,15-03-2024 17:59:59,S09,20240315
S09/20240315/00035,3,TENDER,1,56.58,TENDER,15-03-2024 17:59:59,S09,20240315
S09/20240315/00036,1,P107721,1,92.25,SALE,15-03-2024 16:06:38,S09,20240315
S09/20240315/00036,2,P102321,1,27.09,SALE,15-03-2024 16:06:38,S09,20240315
S09/20240315/00036,3,P106592,4,690.17,SALE,15-03-2024 16:06:38,S09,20240315
S09/20240315/00036,4,P101164,3,322.78,SALE,15-03-2024 16:06:38,S09,20240315
S09/20240315/00036,5,P101152,2,478.44,SALE,15-03-2024 16:06:38,S09,20240315
S09/20240315/00036,6,P104149,2,85.95,SALE,15-03-2024 16:06:38,S09,20240315
S09/20240315/00036,7,TAX,1,496.42,TAX,15-03-2024 16:06:38,S09,20240315
S09/20240315/00036,8,TENDER,1,5473.56,TENDER,15-03-2024 16:06:38,S09,20240315
S09/20240315/00037,1,P107422,2,193.56,SALE,15-03-2024 20:01:14,S09,20240315
S09/20240315/00037,2,P106773,2,371.20,SALE,15-03-2024 20:01:14,S09,20240315
S09/20240315/00037,3,P100560,3,192.67,SALE,15-03-2024 20:01:14,S09,20240315
S09/20240315/00037,4,P106720,3,126.28,SALE,15-03-2024 20:01:14,S09,20240315
S09/20240315/00037,5,P103050,1,543.63,SALE,15-03-2024 20:01:14,S09,20240315
S09/20240315/00037,6,TAX,1,290.54,TAX,15-03-2024 20:01:14,S09,20240315
S09/20240315/00037,7,TENDER,1,2920.54,TENDER,15-03-2024 20:01:14,S09,20240315
S09/20240315/00038,1,P101122,2,70.95,SALE,15-03-2024 21:43:36,S09,20240315
S09/20240315/00038,2,P100827,2,1218.17,SALE,15-03-2024 21:43:36,S09,20240315
S09/20240315/00038,3,P104980,2,69.95,SALE,15-03-2024 21:43:36,S09,20240315
S09/20240315/00038,4,P104665,3,217.71,SALE,15-03-2024 21:43:36,S09,20240315
S09/20240315/00038,5,P103484,1,109.59,SALE,15-03-2024 21:43:36,S09,20240315
S09/20240315/00038,6,P103785,1,491.90,SALE,15-03-2024 21:43:36,S09,20240315
S09/20240315/00038,7,P102868,2,471.29,SALE,15-03-2024 21:43:36,S09,20240315
S09/20240315/00038,8,DISC,1,-266.43,DISCOUNT,15-03-2024 21:43:36,S09,20240315
S09/20240315/00038,9,TAX,1,339.85,TAX,15-03-2024 21:43:36,S09,20240315
S09/20240315/00038,10,TENDER,1,4988.76,TENDER,15-03-2024 21:43:36,S09,20240315
S09/20240315/00039,1,P104266,4,386.95,SALE,15-03-2024 17:07:51,S09,20240315
S09/20240315/00039,2,P104898,3,161.27,SALE,15-03-2024 17:07:51,S09,20240315
S09/20240315/00039,3,P101603,3,887.87,SALE,15-03-2024 17:07:51,S09,20240315
S09/20240315/00039,4,P102664,3,256.95,SALE,15-03-2024 17:07:51,S09,20240315
S09/20240315/00039,5,P107072,2,197.46,SALE,15-03-2024 17:07:51,S09,20240315
S09/20240315/00039,6,P100767,1,269.95,SALE,15-03-2024 17:07:51,S09,20240315
S09/20240315/00039,7,TAX,1,840.97,TAX,15-03-2024 17:07:51,S09,20240315
S09/20240315/00039,8,TENDER,1,6971.91,TENDER,15-03-2024 17:07:51,S09,20240315
S09/20240315/00040,1,P101961,4,679.58,SALE,15-03-2024 18:08:41,S09,20240315
S09/20240315/00040,2,P105201,4,280.95,SALE,15-03-2024 18:08:41,S09,20240315
S09/20240315/00040,3,P102067,1,151.39,SALE,15-03-2024 18:08:41,S09,20240315
S09/20240315/00040,4,P100210,3,1073.90,SALE,15-03-2024 18:08:41,S09,20240315
S09/20240315/00040,5,P106300,3,387.92,SALE,15-03-2024 18:08:41,S09,20240315
S09/20240315/00040,6,P107217,5,259.95,SALE,15-03-2024 18:08:41,S09,20240315
S09/20240315/00040,7,TAX,1,1235.28,TAX,15-03-2024 18:08:41,S09,20240315
S09/20240315/00040,8,TENDER,1,10914.00,TENDER,15-03-2024 18:08:41,S09,20240315
S09/20240315/00041,1,P101674,2,373.95,SALE,15-03-2024 17:02:23,S09,20240315
S09/20240315/00041,2,P108026,4,89.33,SALE,15-03-2024 17:02:23,S09,20240315
S09/20240315/00041,3,P106900,1,179.85,SALE,15-03-2024 17:02:23,S09,20240315
S09/20240315/00041,4,P100221,1,140.95,SALE,15-03-2024 17:02:23,S09,20240315
S09/20240315/00041,5,P107630,1,275.41,SALE,15-03-2024 17:02:23,S09,20240315
S09/20240315/00041,6,TAX,1,274.42,TAX,15-03-2024 17:02:23,S09,20240315
S09/20240315/00041,7,TENDER,1,1975.85,TENDER,15-03-2024 17:02:23,S09,20240315
S09/20240315/00042,1,P100959,2,280.97,SALE,15-03-2024 12:34:06,S09,20240315
S09/20240315/00042,2,P107848,1,267.41,SALE,15-03-2024 12:34:06,S09,20240315
S09/20240315/00042,3,P103732,2,94.74,SALE,15-03-2024 12:34:06,S09,20240315
S09/20240315/00042,4,P104226,4,303.01,SALE,15-03-2024 12:34:06,S09,20240315
S09/20240315/00042,5,P101547,1,57.95,SALE,15-03-2024 12:34:06,S09,20240315
S09/20240315/00042,6,P101298,2,199.67,SALE,15-03-2024 12:34:06,S09,20240315
S09/20240315/00042,7,P102656,1,176.92,SALE,15-03-2024 12:34:06,S09,20240315
S09/20240315/00042,8,P107549,1,47.87,SALE,15-03-2024 12:34:06,S09,20240315
S09/20240315/00042,9,TAX,1,192.27,TAX,15-03-2024 12:34:06,S09,20240315
S09/20240315/00042,10,TENDER,1,3105.22,TENDER,15-03-2024 12:34:06,S09,20240315
S09/20240315/00043,1,P100781,2,611.95,SALE,15-03-2024 16:46:04,S09,20240315
S09/20240315/00043,2,P106830,1,103.94,SALE,15-03-2024 16:46:04,S09,20240315
S09/20240315/00043,3,P103964,5,129.59,SALE,15-03-2024 16:46:04,S09,20240315
S09/20240315/00043,4,TAX,1,271.41,TAX,15-03-2024 16:46:04,S09,20240315
S09/20240315/00043,5,TENDER,1,2247.20,TENDER,15-03-2024 16:46:04,S09,20240315
S09/20240316/00001,1,P105246,2,827.34,SALE,16-03-2024 16:17:51,S09,20240316
S09/20240316/00001,2,P108125,1,129.06,SALE,16-03-2024 16:17:51,S09,20240316
S09/20240316/00001,3,P106357,1,1078.45,SALE,16-03-2024 16:17:51,S09,20240316
S09/20240316/00001,4,P101142,3,98.55,SALE,16-03-2024 16:17:51,S09,20240316
S09/20240316/00001,5,P102954,1,119.54,SALE,16-03-2024 16:17:51,S09,20240316
S09/20240316/00001,6,TAX,1,261.97,TAX,16-03-2024 16:17:51,S09,20240316
S09/20240316/00001,7,TENDER,1,3539.35,TENDER,16-03-2024 16:17:51,S09,20240316
S09/20240316/00002,1,P101356,2,1054.95,SALE,16-03-2024 16:56:51,S09,20240316
S09/20240316/00002,2,P102091,1,87.60,SALE,16-03-2024 16:56:51,S09,20240316
S09/20240316/00002,3,P107843,2,430.45,SALE,16-03-2024 16:56:51,S09,20240316
S09/20240316/00002,4,P105733,1,135.79,SALE,16-03-2024 16:56:51,S09,20240316
S09/20240316/00002,5,P102114,2,128.95,SALE,16-03-2024 16:56:51,S09,20240316
S09/20240316/00002,6,P103559,3,370.21,SALE,16-03-2024 16:56:51,S09,20240316
S09/20240316/00002,7,DISC,1,-284.64,DISCOUNT,16-03-2024 16:56:51,S09,20240316
S09/20240316/00002,8,TAX,1,331.28,TAX,16-03-2024 16:56:51,S09,20240316
S09/20240316/00002,9,TENDER,1,4609.36,TENDER,16-03-2024 16:56:51,S09,20240316
S09/20240316/00003,1,P102945,2,47.95,SALE,16-03-2024 16:59:24,S09,20240316
S09/20240316/00003,2,P106703,2,76.37,SALE,16-03-2024 16:59:24,S09,20240316
S09/20240316/00003,3,P100883,3,723.68,SALE,16-03-2024 16:59:24,S09,20240316
S09/20240316/00003,4,P106671,3,101.77,SALE,16-03-2024 16:59:24,S09,20240316
S09/20240316/00003,5,P107145,2,235.69,SALE,16-03-2024 16:59:24,S09,20240316
S09/20240316/00003,6,TAX,1,205.28,TAX,16-03-2024 16:59:24,S09,20240316
S09/20240316/00003,7,TENDER,1,3401.65,TENDER,16-03-2024 16:59:24,S09,20240316
S09/20240316/00004,1,P104026,1,152.97,SALE,16-03-2024 15:46:18,S09,20240316
S09/20240316/00004,2,P108174,2,235.92,SALE,16-03-2024 15:46:18,S09,20240316
S09/20240316/00004,3,P102014,2,261.84,SALE,16-03-2024 15:46:18,S09,20240316
S09/20240316/00004,4,P105119,1,91.19,SALE,16-03-2024 15:46:18,S09,20240316
S09/20240316/00004,5,P107705,2,706.38,SALE,16-03-2024 15:46:18,S09,20240316
S09/20240316/00004,6,P107365,2,934.48,SALE,16-03-2024 15:46:18,S09,20240316
S09/20240316/00004,7,TAX,1,535.72,TAX,16-03-2024 15:46:18,S09,20240316
S09/20240316/00004,8,TENDER,1,5057.12,TENDER,16-03-2024 15:46:18,S09,20240316
S09/20240316/00005,1,P101974,2,302.00,SALE,16-03-2024 16:10:33,S09,20240316
S09/20240316/00005,2,P100463,2,281.78,SALE,16-03-2024 16:10:33,S09,20240316
S09/20240316/00005,3,P101258,1,208.34,SALE,16-03-2024 16:10:33,S09,20240316
S09/20240316/00005,4,P102945,4,47.95,SALE,16-03-2024 16:10:33,S09,20240316
S09/20240316/00005,5,P106659,1,88.95,SALE,16-03-2024 16:10:33,S09,20240316
S09/20240316/00005,6,TAX,1,259.05,TAX,16-03-2024 16:10:33,S09,20240316
S09/20240316/00005,7,TENDER,1,1915.70,TENDER,16-03-2024 16:10:33,S09,20240316
S09/20240316/00006,1,P101774,2,1121.41,SALE,16-03-2024 18:26:16,S09,20240316
S09/20240316/00006,2,TAX,1,269.14,TAX,16-03-2024 18:26:16,S09,20240316
S09/20240316/00006,3,TENDER,1,2511.96,TENDER,16-03-2024 18:26:16,S09,20240316
S09/20240316/00007,1,P102886,2,140.12,SALE,16-03-2024 19:21:58,S09,20240316
S09/20240316/00007,2,P101520,2,168.04,SALE,16-03-2024 19:21:58,S09,20240316
S09/20240316/00007,3,TAX,1,30.82,TAX,16-03-2024 19:21:58,S09,20240316
S09/20240316/00007,4,TENDER,1,647.14,TENDER,16-03-2024 19:21:58,S09,20240316
S09/20240316/00008,1,P102389,-3,73.62,RETURN,16-03-2024 16:47:04,S09,20240316
S09/20240316/00008,2,P108397,-1,286.03,RETURN,16-03-2024 16:47:04,S09,20240316
S09/20240316/00008,3,P106317,-2,423.01,RETURN,16-03-2024 16:47:04,S09,20240316
S09/20240316/00008,4,P108118,-2,66.05,RETURN,16-03-2024 16:47:04,S09,20240316
S09/20240316/00008,5,TAX,1,-182.21,TAX,16-03-2024 16:47:04,S09,20240316
S09/20240316/00008,6,TENDER,1,-1667.22,TENDER,16-03-2024 16:47:04,S09,20240316
S09/20240316/00009,1,P106288,2,42.41,SALE,16-03-2024 14:28:10,S09,20240316
S09/20240316/00009,2,P107943,3,252.32,SALE,16-03-2024 14:28:10,S09,20240316
S09/20240316/00009,3,P108131,3,611.06,SALE,16-03-2024 14:28:10,S09,20240316
S09/20240316/00009,4,DISC,1,-242.70,DISCOUNT,16-03-2024 14:28:10,S09,20240316
S09/20240316/00009,5,TAX,1,211.09,TAX,16-03-2024 14:28:10,S09,20240316
S09/20240316/00009,6,TENDER,1,2643.35,TENDER,16-03-2024 14:28:10,S09,20240316
S09/20240316/00010,1,P103999,1,100.52,SALE,16-03-2024 14:44:26,S09,20240316
S09/20240316/00010,2,TAX,1,5.03,TAX,16-03-2024 14:44:26,S09,20240316
S09/20240316/00010,3,TENDER,1,105.55,TENDER,16-03-2024 14:44:26,S09,20240316
S09/20240316/00011,1,P104358,5,1189.17,SALE,16-03-2024 13:18:37,S09,20240316
S09/20240316/00011,2,P102023,1,425.67,SALE,16-03-2024 13:18:37,S09,20240316
S09/20240316/00011,3,P100150,2,280.80,SALE,16-03-2024 13:18:37,S09,20240316
S09/20240316/00011,4,P102671,3,231.95,SALE,16-03-2024 13:18:37,S09,20240316
S09/20240316/00011,5,TAX,1,917.92,TAX,16-03-2024 13:18:37,S09,20240316
S09/20240316/00011,6,TENDER,1,8546.89,TENDER,16-03-2024 13:18:37,S09,20240316
S09/20240316/00012,1,P107018,3,179.95,SALE,16-03-2024 16:51:14,S09,20240316
S09/20240316/00012,2,P106844,2,22.95,SALE,16-03-2024 16:51:14,S09,20240316
S09/20240316/00012,3,P105351,2,102.95,SALE,16-03-2024 16:51:14,S09,20240316
S09/20240316/00012,4,P107432,2,41.96,SALE,16-03-2024 16:51:14,S09,20240316
S09/20240316/00012,5,P102682,3,95.25,SALE,16-03-2024 16:51:14,S09,20240316
S09/20240316/00012,6,TAX,1,90.80,TAX,16-03-2024 16:51:14,S09,20240316
S09/20240316/00012,7,TENDER,1,1252.12,TENDER,16-03-2024 16:51:14,S09,20240316
S09/20240316/00013,1,P105345,3,295.95,SALE,16-03-2024 19:00:44,S09,20240316
S09/20240316/00013,2,P106802,3,689.06,SALE,16-03-2024 19:00:44,S09,20240316
S09/20240316/00013,3,P105845,1,102.36,SALE,16-03-2024 19:00:44,S09,20240316
S09/20240316/00013,4,P103144,1,145.27,SALE,16-03-2024 19:00:44,S09,20240316
S09/20240316/00013,5,P100121,2,102.39,SALE,16-03-2024 19:00:44,S09,20240316
S09/20240316/00013,6,DISC,1,-229.65,DISCOUNT,16-03-2024 19:00:44,S09,20240316
S09/20240316/00013,7,TAX,1,171.30,TAX,16-03-2024 19:00:44,S09,20240316
S09/20240316/00013,8,TENDER,1,3349.09,TENDER,16-03-2024 19:00:44,S09,20240316
S09/20240316/00014,1,P106984,1,26.90,SALE,16-03-2024 22:04:19,S09,20240316
S09/20240316/00014,2,P106566,2,210.17,SALE,16-03-2024 22:04:19,S09,20240316
S09/20240316/00014,3,P106221,1,31.65,SALE,16-03-2024 22:04:19,S09,20240316
S09/20240316/00014,4,P105971,2,1150.46,SALE,16-03-2024 22:04:19,S09,20240316
S09/20240316/00014,5,TAX,1,197.75,TAX,16-03-2024 22:04:19,S09,20240316
S09/20240316/00014,6,TENDER,1,2977.56,TENDER,16-03-2024 22:04:19,S09,20240316
S09/20240316/00015,1,P101732,1,1250.95,SALE,16-03-2024 19:21:13,S09,20240316
S09/20240316/00015,2,P102945,1,47.95,SALE,16-03-2024 19:21:13,S09,20240316
S09/20240316/00015,3,P107018,2,179.95,SALE,16-03-2024 19:21:13,S09,20240316
S09/20240316/00015,4,P102305,1,116.95,SALE,16-03-2024 19:21:13,S09,20240316
S09/20240316/00015,5,P106745,3,518.86,SALE,16-03-2024 19:21:13,S09,20240316
S09/20240316/00015,6,P101660,3,193.14,SALE,16-03-2024 19:21:13,S09,20240316
S09/20240316/00015,7,P103510,1,183.91,SALE,16-03-2024 19:21:13,S09,20240316
S09/20240316/00015,8,P105594,3,317.30,SALE,16-03-2024 19:21:13,S09,20240316
S09/20240316/00015,9,P105944,4,985.47,SALE,16-03-2024 19:21:13,S09,20240316
S09/20240316/00015,10,P104950,5,91.01,SALE,16-03-2024 19:21:13,S09,20240316
S09/20240316/00015,11,TAX,1,1178.29,TAX,16-03-2024 19:21:13,S09,20240316
S09/20240316/00015,12,TENDER,1,10622.78,TENDER,16-03-2024 19:21:13,S09,20240316
S09/20240316/00016,1,P102945,1,47.95,SALE,16-03-2024 17:58:57,S09,20240316
S09/20240316/00016,2,P106490,4,574.62,SALE,16-03-2024 17:58:57,S09,20240316
S09/20240316/00016,3,P106234,3,72.15,SALE,16-03-2024 17:58:57,S09,20240316
S09/20240316/00016,4,TAX,1,34.61,TAX,16-03-2024 17:58:57,S09,20240316
S09/20240316/00016,5,TENDER,1,2597.49,TENDER,16-03-2024 17:58:57,S09,20240316
S09/20240316/00017,1,P105180,1,103.95,SALE,16-03-2024 16:40:11,S09,20240316
S09/20240316/00017,2,P105636,1,526.95,SALE,16-03-2024 16:40:11,S09,20240316
S09/20240316/00017,3,P104358,2,1189.17,SALE,16-03-2024 16:40:11,S09,20240316
S09/20240316/00017,4,P105112,2,179.95,SALE,16-03-2024 16:40:11,S09,20240316
S09/20240316/00017,5,TAX,1,322.11,TAX,16-03-2024 16:40:11,S09,20240316
S09/20240316/00017,6,TENDER,1,3691.25,TENDER,16-03-2024 16:40:11,S09,20240316
S09/20240316/00018,1,P100112,2,91.95,SALE,16-03-2024 14:46:32,S09,20240316
S09/20240316/00018,2,P107119,2,15.87,SALE,16-03-2024 14:46:32,S09,20240316
S09/20240316/00018,3,TAX,1,38.82,TAX,16-03-2024 14:46:32,S09,20240316
S09/20240316/00018,4,TENDER,1,254.46,TENDER,16-03-2024 14:46:32,S09,20240316
S09/20240316/00019,1,P100298,4,47.87,SALE,16-03-2024 15:04:01,S09,20240316
S09/20240316/00019,2,P106858,1,245.00,SALE,16-03-2024 15:04:01,S09,20240316
S09/20240316/00019,3,P100326,4,44.54,SALE,16-03-2024 15:04:01,S09,20240316
S09/20240316/00019,4,P106424,4,535.14,SALE,16-03-2024 15:04:01,S09,20240316
S09/20240316/00019,5,P106044,3,37.47,SALE,16-03-2024 15:04:01,S09,20240316
S09/20240316/00019,6,TAX,1,213.00,TAX,16-03-2024 15:04:01,S09,20240316
S09/20240316/00019,7,TENDER,1,3080.61,TENDER,16-03-2024 15:04:01,S09,20240316
S09/20240316/00020,1,P100904,2,68.79,SALE,16-03-2024 18:42:55,S09,20240316
S09/20240316/00020,2,P107733,1,55.17,SALE,16-03-2024 18:42:55,S09,20240316
S09/20240316/00020,3,P101732,2,1250.95,SALE,16-03-2024 18:42:55,S09,20240316
S09/20240316/00020,4,P106599,1,224.95,SALE,16-03-2024 18:42:55,S09,20240316
S09/20240316/00020,5,TAX,1,339.00,TAX,16-03-2024 18:42:55,S09,20240316
S09/20240316/00020,6,TENDER,1,3258.60,TENDER,16-03-2024 18:42:55,S09,20240316
S09/20240316/00021,1,P103600,1,98.09,SALE,16-03-2024 16:05:16,S09,20240316
S09/20240316/00021,2,P106848,2,16.02,SALE,16-03-2024 16:05:16,S09,20240316
S09/20240316/00021,3,P108313,1,372.95,SALE,16-03-2024 16:05:16,S09,20240316
S09/20240316/00021,4,P104858,2,297.94,SALE,16-03-2024 16:05:16,S09,20240316
S09/20240316/00021,5,TAX,1,121.16,TAX,16-03-2024 16:05:16,S09,20240316
S09/20240316/00021,6,TENDER,1,1220.12,TENDER,16-03-2024 16:05:16,S09,20240316
S09/20240316/00022,1,P103202,1,262.95,SALE,16-03-2024 23:59:26,S09,20240316
S09/20240316/00022,2,P103281,2,163.32,SALE,16-03-2024 23:59:26,S09,20240316
S09/20240316/00022,3,P104526,1,345.63,SALE,16-03-2024 23:59:26,S09,20240316
S09/20240316/00022,4,P104670,2,106.95,SALE,16-03-2024 23:59:26,S09,20240316
S09/20240316/00022,5,TAX,1,146.13,TAX,16-03-2024 23:59:26,S09,20240316
S09/20240316/00022,6,TENDER,1,1295.25,TENDER,16-03-2024 23:59:26,S09,20240316
S09/20240316/00023,1,P107047,2,413.27,SALE,16-03-2024 14:58:04,S09,20240316
S09/20240316/00023,2,P100203,1,241.95,SALE,16-03-2024 14:58:04,S09,20240316
S09/20240316/00023,3,TAX,1,111.28,TAX,16-03-2024 14:58:04,S09,20240316
S09/20240316/00023,4,TENDER,1,1179.77,TENDER,16-03-2024 14:58:04,S09,20240316
S09/20240316/00024,1,P101142,2,98.55,SALE,16-03-2024 14:33:37,S09,20240316
S09/20240316/00024,2,P103575,1,54.47,SALE,16-03-2024 14:33:37,S09,20240316
S09/20240316/00024,3,P105547,3,406.95,SALE,16-03-2024 14:33:37,S09,20240316
S09/20240316/00024,4,P107667,1,338.95,SALE,16-03-2024 14:33:37,S09,20240316
S09/20240316/00024,5,P102103,5,345.70,SALE,16-03-2024 14:33:37,S09,20240316
S09/20240316/00024,6,P100536,2,471.52,SALE,16-03-2024 14:33:37,S09,20240316
S09/20240316/00024,7,TAX,1,694.43,TAX,16-03-2024 14:33:37,S09,20240316
S09/20240316/00024,8,TENDER,1,5177.34,TENDER,16-03-2024 14:33:37,S09,20240316
S09/20240316/00025,1,P104358,1,1189.17,SALE,16-03-2024 15:16:33,S09,20240316
S09/20240316/00025,2,P102534,2,98.12,SALE,16-03-2024 15:16:33,S09,20240316
S09/20240316/00025,3,P105672,3,62.95,SALE,16-03-2024 15:16:33,S09,20240316
S09/20240316/00025,4,P104965,2,88.45,SALE,16-03-2024 15:16:33,S09,20240316
S09/20240316/00025,5,TAX,1,186.87,TAX,16-03-2024 15:16:33,S09,20240316
S09/20240316/00025,6,TENDER,1,1938.03,TENDER,16-03-2024 15:16:33,S09,20240316
S09/20240316/00026,1,P104212,2,401.95,SALE,16-03-2024 15:05:36,S09,20240316
S09/20240316/00026,2,P101884,1,352.98,SALE,16-03-2024 15:05:36,S09,20240316
S09/20240316/00026,3,P103986,3,495.05,SALE,16-03-2024 15:05:36,S09,20240316
S09/20240316/00026,4,P103757,2,147.98,SALE,16-03-2024 15:05:36,S09,20240316
S09/20240316/00026,5,DISC,1,-238.03,DISCOUNT,16-03-2024 15:05:36,S09,20240316
S09/20240316/00026,6,TAX,1,431.17,TAX,16-03-2024 15:05:36,S09,20240316
S09/20240316/00026,7,TENDER,1,3131.13,TENDER,16-03-2024 15:05:36,S09,20240316
S09/20240316/00027,1,P102023,2,425.67,SALE,16-03-2024 15:58:06,S09,20240316
S09/20240316/00027,2,P101122,3,70.95,SALE,16-03-2024 15:58:06,S09,20240316
S09/20240316/00027,3,TAX,1,140.47,TAX,16-03-2024 15:58:06,S09,20240316
S09/20240316/00027,4,TENDER,1,1204.66,TENDER,16-03-2024 15:58:06,S09,20240316
S09/20240316/00028,1,P105980,1,263.95,SALE,16-03-2024 20:48:09,S09,20240316
S09/20240316/00028,2,P102236,1,933.52,SALE,16-03-2024 20:48:09,S09,20240316
S09/20240316/00028,3,P103620,5,468.18,SALE,16-03-2024 20:48:09,S09,20240316
S09/20240316/00028,4,TAX,1,78.35,TAX,16-03-2024 20:48:09,S09,20240316
S09/20240316/00028,5,TENDER,1,3616.72,TENDER,16-03-2024 20:48:09,S09,20240316
S09/20240316/00029,1,P103004,3,78.61,SALE,16-03-2024 20:38:31,S09,20240316
S09/20240316/00029,2,P100956,1,421.98,SALE,16-03-2024 20:38:31,S09,20240316
S09/20240316/00029,3,P100595,2,388.65,SALE,16-03-2024 20:38:31,S09,20240316
S09/20240316/00029,4,P103616,1,621.95,SALE,16-03-2024 20:38:31,S09,20240316
S09/20240316/00029,5,P104308,2,53.87,SALE,16-03-2024 20:38:31,S09,20240316
S09/20240316/00029,6,P104950,4,91.01,SALE,16-03-2024 20:38:31,S09,20240316
S09/20240316/00029,7,TAX,1,242.18,TAX,16-03-2024 20:38:31,S09,20240316
S09/20240316/00029,8,TENDER,1,2771.02,TENDER,16-03-2024 20:38:31,S09,20240316
S09/20240316/00030,1,P105684,3,1096.95,SALE,16-03-2024 16:26:04,S09,20240316
S09/20240316/00030,2,P103299,3,220.95,SALE,16-03-2024 16:26:04,S09,20240316
S09/20240316/00030,3,P108090,1,129.95,SALE,16-03-2024 16:26:04,S09,20240316
S09/20240316/00030,4,P106958,4,120.44,SALE,16-03-2024 16:26:04,S09,20240316
S09/20240316/00030,5,TAX,1,377.07,TAX,16-03-2024 16:26:04,S09,20240316
S09/20240316/00030,6,TENDER,1,4942.48,TENDER,16-03-2024 16:26:04,S09,20240316
S09/20240316/00031,1,P104617,4,101.65,SALE,16-03-2024 18:29:28,S09,20240316
S09/20240316/00031,2,P104558,3,396.14,SALE,16-03-2024 18:29:28,S09,20240316
S09/20240316/00031,3,P105827,7,96.95,SALE,16-03-2024 18:29:28,S09,20240316
S09/20240316/00031,4,P107581,3,243.81,SALE,16-03-2024 18:29:28,S09,20240316
S09/20240316/00031,5,TAX,1,337.50,TAX,16-03-2024 18:29:28,S09,20240316
S09/20240316/00031,6,TENDER,1,3342.60,TENDER,16-03-2024 18:29:28,S09,20240316
S09/20240317/00001,1,P108118,2,66.05,SALE,17-03-2024 16:13:41,S09,20240317
S09/20240317/00001,2,P106288,2,42.41,SALE,17-03-2024 16:13:41,S09,20240317
S09/20240317/00001,3,P107686,2,347.22,SALE,17-03-2024 16:13:41,S09,20240317
S09/20240317/00001,4,P101923,1,484.95,SALE,17-03-2024 16:13:41,S09,20240317
S09/20240317/00001,5,TAX,1,223.14,TAX,17-03-2024 16:13:41,S09,20240317
S09/20240317/00001,6,TENDER,1,1619.45,TENDER,17-03-2024 16:13:41,S09,20240317
S09/20240317/00002,1,P108216,2,71.71,SALE,17-03-2024 11:35:38,S09,20240317
S09/20240317/00002,2,P101599,3,387.95,SALE,17-03-2024 11:35:38,S09,20240317
S09/20240317/00002,3,P100869,2,56.95,SALE,17-03-2024 11:35:38,S09,20240317
S09/20240317/00002,4,P105609,2,817.71,SALE,17-03-2024 11:35:38,S09,20240317
S09/20240317/00002,5,P106288,1,42.41,SALE,17-03-2024 11:35:38,S09,20240317
S09/20240317/00002,6,TAX,1,232.45,TAX,17-03-2024 11:35:38,S09,20240317
S09/20240317/00002,7,TENDER,1,3331.45,TENDER,17-03-2024 11:35:38,S09,20240317
S09/20240317/00003,1,P100560,3,192.67,SALE,17-03-2024 10:54:24,S09,20240317
S09/20240317/00003,2,P103978,2,347.08,SALE,17-03-2024 10:54:24,S09,20240317
S09/20240317/00003,3,TAX,1,104.07,TAX,17-03-2024 10:54:24,S09,20240317
S09/20240317/00003,4,TENDER,1,1376.24,TENDER,17-03-2024 10:54:24,S09,20240317
S09/20240317/00004,1,P104294,1,115.73,SALE,17-03-2024 15:53:30,S09,20240317
S09/20240317/00004,2,P107163,2,171.95,SALE,17-03-2024 15:53:30,S09,20240317
S09/20240317/00004,3,P105815,3,303.95,SALE,17-03-2024 15:53:30,S09,20240317
S09/20240317/00004,4,P100869,1,56.95,SALE,17-03-2024 15:53:30,S09,20240317
S09/20240317/00004,5,P108389,3,793.52,SALE,17-03-2024 15:53:30,S09,20240317
S09/20240317/00004,6,TAX,1,266.37,TAX,17-03-2024 15:53:30,S09,20240317
S09/20240317/00004,7,TENDER,1,4075.36,TENDER,17-03-2024 15:53:30,S09,20240317
S09/20240317/00005,1,P104048,1,162.96,SALE,17-03-2024 22:59:53,S09,20240317
S09/20240317/00005,2,P100889,4,976.95,SALE,17-03-2024 22:59:53,S09,20240317
S09/20240317/00005,3,P101174,1,50.10,SALE,17-03-2024 22:59:53,S09,20240317
S09/20240317/00005,4,P108179,1,266.27,SALE,17-03-2024 22:59:53,S09,20240317
S09/20240317/00005,5,TAX,1,249.40,TAX,17-03-2024 22:59:53,S09,20240317
S09/20240317/00005,6,TENDER,1,4636.53,TENDER,17-03-2024 22:59:53,S09,20240317
S09/20240317/00006,1,P105230,1,107.33,SALE,17-03-2024 18:27:24,S09,20240317
S09/20240317/00006,2,P103124,2,478.95,SALE,17-03-2024 18:27:24,S09,20240317
S09/20240317/00006,3,P106563,2,426.95,SALE,17-03-2024 18:27:24,S09,20240317
S09/20240317/00006,4,P101127,3,45.95,SALE,17-03-2024 18:27:24,S09,20240317
S09/20240317/00006,5,TAX,1,287.77,TAX,17-03-2024 18:27:24,S09,20240317
S09/20240317/00006,6,TENDER,1,2344.75,TENDER,17-03-2024 18:27:24,S09,20240317
S09/20240317/00007,1,P100164,2,581.13,SALE,18-03-2024 00:36:43,S09,20240317
S09/20240317/00007,2,P105069,1,162.60,SALE,18-03-2024 00:36:43,S09,20240317
S09/20240317/00007,3,TAX,1,238.47,TAX,18-03-2024 00:36:43,S09,20240317
S09/20240317/00007,4,TENDER,1,1563.33,TENDER,18-03-2024 00:36:43,S09,20240317
S09/20240317/00008,1,P102707,2,419.47,SALE,17-03-2024 18:11:19,S09,20240317
S09/20240317/00008,2,P103647,1,37.95,SALE,17-03-2024 18:11:19,S09,20240317
S09/20240317/00008,3,P108272,2,101.95,SALE,17-03-2024 18:11:19,S09,20240317
S09/20240317/00008,4,P105042,1,59.37,SALE,17-03-2024 18:11:19,S09,20240317
S09/20240317/00008,5,P108135,1,539.95,SALE,17-03-2024 18:11:19,S09,20240317
S09/20240317/00008,6,TAX,1,135.83,TAX,17-03-2024 18:11:19,S09,20240317
S09/20240317/00008,7,TENDER,1,1815.94,TENDER,17-03-2024 18:11:19,S09,20240317
S09/20240317/00009,1,P103328,2,236.27,SALE,17-03-2024 16:45:22,S09,20240317
S09/20240317/00009,2,P100899,4,131.46,SALE,17-03-2024 16:45:22,S09,20240317
S09/20240317/00009,3,P106731,3,142.59,SALE,17-03-2024 16:45:22,S09,20240317
S09/20240317/00009,4,P100658,1,50.53,SALE,17-03-2024 16:45:22,S09,20240317
S09/20240317/00009,5,P100112,4,91.95,SALE,17-03-2024 16:45:22,S09,20240317
S09/20240317/00009,6,P101842,2,210.53,SALE,17-03-2024 16:45:22,S09,20240317
S09/20240317/00009,7,P103806,1,305.95,SALE,17-03-2024 16:45:22,S09,20240317
S09/20240317/00009,8,P106336,2,456.47,SALE,17-03-2024 16:45:22,S09,20240317
S09/20240317/00009,9,P101237,3,260.17,SALE,17-03-2024 16:45:22,S09,20240317
S09/20240317/00009,10,DISC,1,-215.50,DISCOUNT,17-03-2024 16:45:22,S09,20240317
S09/20240317/00009,11,TAX,1,408.56,TAX,17-03-2024 16:45:22,S09,20240317
S09/20240317/00009,12,TENDER,1,4458.00,TENDER,17-03-2024 16:45:22,S09,20240317
S09/20240317/00010,1,P106907,2,294.95,SALE,17-03-2024 17:04:02,S09,20240317
S09/20240317/00010,2,P101279,1,224.83,SALE,17-03-2024 17:04:02,S09,20240317
S09/20240317/00010,3,P103096,3,277.95,SALE,17-03-2024 17:04:02,S09,20240317
S09/20240317/00010,4,DISC,1,-114.21,DISCOUNT,17-03-2024 17:04:02,S09,20240317
S09/20240317/00010,5,TAX,1,139.69,TAX,17-03-2024 17:04:02,S09,20240317
S09/20240317/00010,6,TENDER,1,1674.06,TENDER,17-03-2024 17:04:02,S09,20240317
S09/20240317/00011,1,P102845,2,80.09,SALE,17-03-2024 17:26:01,S09,20240317
S09/20240317/00011,2,P108262,2,601.82,SALE,17-03-2024 17:26:01,S09,20240317
S09/20240317/00011,3,P101827,3,139.26,SALE,17-03-2024 17:26:01,S09,20240317
S09/20240317/00011,4,TAX,1,245.55,TAX,17-03-2024 17:26:01,S09,20240317
S09/20240317/00011,5,TENDER,1,2027.15,TENDER,17-03-2024 17:26:01,S09,20240317
S09/20240317/00012,1,P106158,3,564.54,SALE,17-03-2024 16:31:15,S09,20240317
S09/20240317/00012,2,P105106,1,101.21,SALE,17-03-2024 16:31:15,S09,20240317
S09/20240317/00012,3,P105733,3,135.79,SALE,17-03-2024 16:31:15,S09,20240317
S09/20240317/00012,4,P103964,1,129.59,SALE,17-03-2024 16:31:15,S09,20240317
S09/20240317/00012,5,TAX,1,182.70,TAX,17-03-2024 16:31:15,S09,20240317
S09/20240317/00012,6,TENDER,1,2514.49,TENDER,17-03-2024 16:31:15,S09,20240317
S09/20240317/00013,1,P107508,2,1450.59,SALE,17-03-2024 15:06:17,S09,20240317
S09/20240317/00013,2,P100183,1,1426.11,SALE,17-03-2024 15:06:17,S09,20240317
S09/20240317/00013,3,P102761,1,159.81,SALE,17-03-2024 15:06:17,S09,20240317
S09/20240317/00013,4,P101305,1,119.82,SALE,17-03-2024 15:06:17,S09,20240317
S09/20240317/00013,5,P105400,2,48.10,SALE,17-03-2024 15:06:17,S09,20240317
S09/20240317/00013,6,P105784,6,116.81,SALE,17-03-2024 15:06:17,S09,20240317
S09/20240317/00013,7,TAX,1,558.16,TAX,17-03-2024 15:06:17,S09,20240317
S09/20240317/00013,8,TENDER,1,5962.14,TENDER,17-03-2024 15:06:17,S09,20240317
S09/20240317/00014,1,P102744,1,86.95,SALE,17-03-2024 14:01:14,S09,20240317
S09/20240317/00014,2,P108338,2,218.68,SALE,17-03-2024 14:01:14,S09,20240317
S09/20240317/00014,3,P105805,2,111.39,SALE,17-03-2024 14:01:14,S09,20240317
S09/20240317/00014,4,P108008,1,128.46,SALE,17-03-2024 14:01:14,S09,20240317
S09/20240317/00014,5,P107759,2,229.95,SALE,17-03-2024 14:01:14,S09,20240317
S09/20240317/00014,6,TAX,1,106.20,TAX,17-03-2024 14:01:14,S09,20240317
S09/20240317/00014,7,TENDER,1,1441.65,TENDER,17-03-2024 14:01:14,S09,20240317
S09/20240317/00015,1,P108131,1,611.06,SALE,17-03-2024 15:19:12,S09,20240317
S09/20240317/00015,2,P102982,3,263.07,SALE,17-03-2024 15:19:12,S09,20240317
S09/20240317/00015,3,P104097,2,293.34,SALE,17-03-2024 15:19:12,S09,20240317
S09/20240317/00015,4,P105201,2,280.95,SALE,17-03-2024 15:19:12,S09,20240317
S09/20240317/00015,5,P101152,3,478.44,SALE,17-03-2024 15:19:12,S09,20240317
S09/20240317/00015,6,TAX,1,529.47,TAX,17-03-2024 15:19:12,S09,20240317
S09/20240317/00015,7,TENDER,1,4513.64,TENDER,17-03-2024 15:19:12,S09,20240317
S09/20240317/00016,1,P100519,1,365.61,SALE,17-03-2024 12:55:07,S09,20240317
S09/20240317/00016,2,P105145,3,675.82,SALE,17-03-2024 12:55:07,S09,20240317
S09/20240317/00016,3,P102931,2,737.59,SALE,17-03-2024 12:55:07,S09,20240317
S09/20240317/00016,4,P107072,2,197.46,SALE,17-03-2024 12:55:07,S09,20240317
S09/20240317/00016,5,TAX,1,165.02,TAX,17-03-2024 12:55:07,S09,20240317
S09/20240317/00016,6,TENDER,1,4428.19,TENDER,17-03-2024 12:55:07,S09,20240317
S09/20240317/00017,1,P101933,1,1288.17,SALE,17-03-2024 13:36:42,S09,20240317
S09/20240317/00017,2,P107681,2,184.66,SALE,17-03-2024 13:36:42,S09,20240317
S09/20240317/00017,3,P106391,1,747.95,SALE,17-03-2024 13:36:42,S09,20240317
S09/20240317/00017,4,P105797,4,243.46,SALE,17-03-2024 13:36:42,S09,20240317
S09/20240317/00017,5,TAX,1,433.75,TAX,17-03-2024 13:36:42,S09,20240317
S09/20240317/00017,6,TENDER,1,3813.03,TENDER,17-03-2024 13:36:42,S09,20240317
S09/20240317/00018,1,P107449,3,1290.50,SALE,17-03-2024 21:56:21,S09,20240317
S09/20240317/00018,2,P107294,4,83.95,SALE,17-03-2024 21:56:21,S09,20240317
S09/20240317/00018,3,P105479,1,237.28,SALE,17-03-2024 21:56:21,S09,20240317
S09/20240317/00018,4,TAX,1,509.84,TAX,17-03-2024 21:56:21,S09,20240317
S09/20240317/00018,5,TENDER,1,4954.42,TENDER,17-03-2024 21:56:21,S09,20240317
S09/20240317/00019,1,P104718,4,400.99,SALE,17-03-2024 20:33:40,S09,20240317
S09/20240317/00019,2,P104133,4,248.31,SALE,17-03-2024 20:33:40,S09,20240317
S09/20240317/00019,3,P100621,2,229.48,SALE,17-03-2024 20:33:40,S09,20240317
S09/20240317/00019,4,P106534,2,78.95,SALE,17-03-2024 20:33:40,S09,20240317
S09/20240317/00019,5,P104462,4,86.38,SALE,17-03-2024 20:33:40,S09,20240317
S09/20240317/00019,6,P102103,3,345.70,SALE,17-03-2024 20:33:40,S09,20240317
S09/20240317/00019,7,P104270,1,1036.53,SALE,17-03-2024 20:33:40,S09,20240317
S09/20240317/00019,8,TAX,1,499.63,TAX,17-03-2024 20:33:40,S09,20240317
S09/20240317/00019,9,TENDER,1,6132.84,TENDER,17-03-2024 20:33:40,S09,20240317
S09/20240317/00020,1,P102042,1,540.93,SALE,17-03-2024 09:19:26,S09,20240317
S09/20240317/00020,2,P108125,1,129.06,SALE,17-03-2024 09:19:26,S09,20240317
S09/20240317/00020,3,P105337,2,31.85,SALE,17-03-2024 09:19:26,S09,20240317
S09/20240317/00020,4,P106174,1,229.89,SALE,17-03-2024 09:19:26,S09,20240317
S09/20240317/00020,5,P101955,3,356.95,SALE,17-03-2024 09:19:26,S09,20240317
S09/20240317/00020,6,P106373,4,46.84,SALE,17-03-2024 09:19:26,S09,20240317
S09/20240317/00020,7,P105268,1,255.65,SALE,17-03-2024 09:19:26,S09,20240317
S09/20240317/00020,8,P100135,2,67.67,SALE,17-03-2024 09:19:26,S09,20240317
S09/20240317/00020,9,TAX,1,285.14,TAX,17-03-2024 09:19:26,S09,20240317
S09/20240317/00020,10,TENDER,1,2897.92,TENDER,17-03-2024 09:19:26,S09,20240317
S09/20240317/00021,1,P105384,1,300.95,SALE,17-03-2024 13:53:14,S09,20240317
S09/20240317/00021,2,P105835,4,243.66,SALE,17-03-2024 13:53:14,S09,20240317
S09/20240317/00021,3,P107623,2,442.34,SALE,17-03-2024 13:53:14,S09,20240317
S09/20240317/00021,4,P101237,2,260.17,SALE,17-03-2024 13:53:14,S09,20240317
S09/20240317/00021,5,P101961,1,679.58,SALE,17-03-2024 13:53:14,S09,20240317
S09/20240317/00021,6,P101955,2,378.37,SALE,17-03-2024 13:53:14,S09,20240317
S09/20240317/00021,7,P103035,1,1201.33,SALE,17-03-2024 13:53:14,S09,20240317
S09/20240317/00021,8,P108162,2,221.93,SALE,17-03-2024 13:53:14,S09,20240317
S09/20240317/00021,9,P106115,1,128.36,SALE,17-03-2024 13:53:14,S09,20240317
S09/20240317/00021,10,TAX,1,670.43,TAX,17-03-2024 13:53:14,S09,20240317
S09/20240317/00021,11,TENDER,1,6560.91,TENDER,17-03-2024 13:53:14,S09,20240317
S09/20240317/00022,1,P101465,1,550.58,SALE,17-03-2024 16:38:50,S09,20240317
S09/20240317/00022,2,P105460,3,143.35,SALE,17-03-2024 16:38:50,S09,20240317
S09/20240317/00022,3,P100549,2,301.95,SALE,17-03-2024 16:38:50,S09,20240317
S09/20240317/00022,4,P108282,3,360.34,SALE,17-03-2024 16:38:50,S09,20240317
S09/20240317/00022,5,DISC,1,-100.81,DISCOUNT,17-03-2024 16:38:50,S09,20240317
S09/20240317/00022,6,TAX,1,291.57,TAX,17-03-2024 16:38:50,S09,20240317
S09/20240317/00022,7,TENDER,1,2856.31,TENDER,17-03-2024 16:38:50,S09,20240317
S09/20240317/00023,1,P107028,1,56.60,SALE,17-03-2024 18:04:46,S09,20240317
S09/20240317/00023,2,P102243,1,133.95,SALE,17-03-2024 18:04:46,S09,20240317
S09/20240317/00023,3,P104187,1,86.95,SALE,17-03-2024 18:04:46,S09,20240317
S09/20240317/00023,4,TAX,1,21.23,TAX,17-03-2024 18:04:46,S09,20240317
S09/20240317/00023,5,TENDER,1,298.73,TENDER,17-03-2024 18:04:46,S09,20240317
S09/20240317/00024,1,P105524,2,77.90,SALE,17-03-2024 19:46:26,S09,20240317
S09/20240317/00024,2,TAX,1,28.04,TAX,17-03-2024 19:46:26,S09,20240317
S09/20240317/00024,3,TENDER,1,183.84,TENDER,17-03-2024 19:46:26,S09,20240317
S09/20240317/00025,1,P101454,2,130.95,SALE,17-03-2024 11:05:19,S09,20240317
S09/20240317/00025,2,P108026,1,89.33,SALE,17-03-2024 11:05:19,S09,20240317
S09/20240317/00025,3,P107197,1,602.03,SALE,17-03-2024 11:05:19,S09,20240317
S09/20240317/00025,4,P103340,2,466.84,SALE,17-03-2024 11:05:19,S09,20240317
S09/20240317/00025,5,P104858,3,297.94,SALE,17-03-2024 11:05:19,S09,20240317
S09/20240317/00025,6,P102671,1,231.95,SALE,17-03-2024 11:05:19,S09,20240317
S09/20240317/00025,7,P104651,2,540.51,SALE,17-03-2024 11:05:19,S09,20240317
S09/20240317/00025,8,TAX,1,602.67,TAX,17-03-2024 11:05:19,S09,20240317
S09/20240317/00025,9,TENDER,1,4696.40,TENDER,17-03-2024 11:05:19,S09,20240317
S09/20240317/00026,1,P104032,3,568.95,SALE,17-03-2024 18:50:40,S09,20240317
S09/20240317/00026,2,P102305,2,116.95,SALE,17-03-2024 18:50:40,S09,20240317
S09/20240317/00026,3,P103159,2,1193.28,SALE,17-03-2024 18:50:40,S09,20240317
S09/20240317/00026,4,P101174,1,50.10,SALE,17-03-2024 18:50:40,S09,20240317
S09/20240317/00026,5,TAX,1,337.81,TAX,17-03-2024 18:50:40,S09,20240317
S09/20240317/00026,6,TENDER,1,4715.22,TENDER,17-03-2024 18:50:40,S09,20240317
S09/20240317/00027,1,P100198,2,156.66,SALE,17-03-2024 19:26:58,S09,20240317
S09/20240317/00027,2,P106942,1,169.95,SALE,17-03-2024 19:26:58,S09,20240317
S09/20240317/00027,3,P106639,3,415.94,SALE,17-03-2024 19:26:58,S09,20240317
S09/20240317/00027,4,P101810,1,757.60,SALE,17-03-2024 19:26:58,S09,20240317
S09/20240317/00027,5,P101034,1,85.95,SALE,17-03-2024 19:26:58,S09,20240317
S09/20240317/00027,6,P107373,2,86.15,SALE,17-03-2024 19:26:58,S09,20240317
S09/20240317/00027,7,P105757,1,248.44,SALE,17-03-2024 19:26:58,S09,20240317
S09/20240317/00027,8,P100131,3,636.95,SALE,17-03-2024 19:26:58,S09,20240317
S09/20240317/00027,9,P106024,2,461.42,SALE,17-03-2024 19:26:58,S09,20240317
S09/20240317/00027,10,TAX,1,682.96,TAX,17-03-2024 19:26:58,S09,20240317
S09/20240317/00027,11,TENDER,1,6512.03,TENDER,17-03-2024 19:26:58,S09,20240317
S09/20240317/00028,1,P101634,1,25.05,SALE,17-03-2024 19:31:52,S09,20240317
S09/20240317/00028,2,TAX,1,4.51,TAX,17-03-2024 19:31:52,S09,20240317
S09/20240317/00028,3,TENDER,1,29.56,TENDER,17-03-2024 19:31:52,S09,20240317
S09/20240317/00029,1,P106162,1,527.95,SALE,17-03-2024 20:26:34,S09,20240317
S09/20240317/00029,2,P103946,2,328.70,SALE,17-03-2024 20:26:34,S09,20240317
S09/20240317/00029,3,P104517,2,1474.90,SALE,17-03-2024 20:26:34,S09,20240317
S09/20240317/00029,4,P107208,3,302.95,SALE,17-03-2024 20:26:34,S09,20240317
S09/20240317/00029,5,DISC,1,-258.57,DISCOUNT,17-03-2024 20:26:34,S09,20240317
S09/20240317/00029,6,TAX,1,43.11,TAX,17-03-2024 20:26:34,S09,20240317
S09/20240317/00029,7,TENDER,1,4828.54,TENDER,17-03-2024 20:26:34,S09,20240317
S09/20240317/00030,1,P104404,3,849.83,SALE,17-03-2024 12:16:57,S09,20240317
S09/20240317/00030,2,P104645,3,1110.62,SALE,17-03-2024 12:16:57,S09,20240317
S09/20240317/00030,3,P107759,2,229.95,SALE,17-03-2024 12:16:57,S09,20240317
S09/20240317/00030,4,P105855,2,128.68,SALE,17-03-2024 12:16:57,S09,20240317
S09/20240317/00030,5,DISC,1,-171.25,DISCOUNT,17-03-2024 12:16:57,S09,20240317
S09/20240317/00030,6,TAX,1,310.53,TAX,17-03-2024 12:16:57,S09,20240317
S09/20240317/00030,7,TENDER,1,6737.89,TENDER,17-03-2024 12:16:57,S09,20240317
S09/20240317/00031,1,P106844,3,22.95,SALE,17-03-2024 12:30:16,S09,20240317
S09/20240317/00031,2,P103871,3,198.67,SALE,17-03-2024 12:30:16,S09,20240317
S09/20240317/00031,3,P100819,1,1140.00,SALE,17-03-2024 12:30:16,S09,20240317
S09/20240317/00031,4,P104827,1,158.31,SALE,17-03-2024 12:30:16,S09,20240317
S09/20240317/00031,5,P100044,3,737.05,SALE,17-03-2024 12:30:16,S09,20240317
S09/20240317/00031,6,P106323,6,206.95,SALE,17-03-2024 12:30:16,S09,20240317
S09/20240317/00031,7,TAX,1,369.62,TAX,17-03-2024 12:30:16,S09,20240317
S09/20240317/00031,8,TENDER,1,5785.64,TENDER,17-03-2024 12:30:16,S09,20240317
S09/20240317/00032,1,P107597,3,519.83,SALE,17-03-2024 19:16:31,S09,20240317
S09/20240317/00032,2,P102129,2,252.76,SALE,17-03-2024 19:16:31,S09,20240317
S09/20240317/00032,3,P100131,1,636.95,SALE,17-03-2024 19:16:31,S09,20240317
S09/20240317/00032,4,P102581,1,189.36,SALE,17-03-2024 19:16:31,S09,20240317
S09/20240317/00032,5,TAX,1,189.15,TAX,17-03-2024 19:16:31,S09,20240317
S09/20240317/00032,6,TENDER,1,3080.47,TENDER,17-03-2024 19:16:31,S09,20240317
S09/20240317/00033,1,P102021,1,90.22,SALE,17-03-2024 16:16:59,S09,20240317
S09/20240317/00033,2,TAX,1,10.83,TAX,17-03-2024 16:16:59,S09,20240317
S09/20240317/00033,3,TENDER,1,101.05,TENDER,17-03-2024 16:16:59,S09,20240317
S09/20240317/00034,1,P101048,4,188.58,SALE,17-03-2024 19:50:12,S09,20240317
S09/20240317/00034,2,P101570,3,288.76,SALE,17-03-2024 19:50:12,S09,20240317
S09/20240317/00034,3,P104439,1,109.14,SALE,17-03-2024 19:50:12,S09,20240317
S09/20240317/00034,4,P103563,3,21.95,SALE,17-03-2024 19:50:12,S09,20240317
S09/20240317/00034,5,P104898,1,161.27,SALE,17-03-2024 19:50:12,S09,20240317
S09/20240317/00034,6,P102074,4,415.90,SALE,17-03-2024 19:50:12,S09,20240317
S09/20240317/00034,7,P106566,2,210.17,SALE,17-03-2024 19:50:12,S09,20240317
S09/20240317/00034,8,P103309,2,59.57,SALE,17-03-2024 19:50:12,S09,20240317
S09/20240317/00034,9,P106399,2,1107.95,SALE,17-03-2024 19:50:12,S09,20240317
S09/20240317/00034,10,TAX,1,611.94,TAX,17-03-2024 19:50:12,S09,20240317
S09/20240317/00034,11,TENDER,1,6987.78,TENDER,17-03-2024 19:50:12,S09,20240317
S09/20240317/00035,1,P102835,3,101.19,SALE,17-03-2024 18:59:04,S09,20240317
S09/20240317/00035,2,P103397,2,371.02,SALE,17-03-2024 18:59:04,S09,20240317
S09/20240317/00035,3,P108227,2,551.58,SALE,17-03-2024 18:59:04,S09,20240317
S09/20240317/00035,4,P104149,1,91.11,SALE,17-03-2024 18:59:04,S09,20240317
S09/20240317/00035,5,P105784,1,116.81,SALE,17-03-2024 18:59:04,S09,20240317
S09/20240317/00035,6,TAX,1,40.98,TAX,17-03-2024 18:59:04,S09,20240317
S09/20240317/00035,7,TENDER,1,2397.67,TENDER,17-03-2024 18:59:04,S09,20240317
S09/20240317/00036,1,P100203,1,241.95,SALE,17-03-2024 16:42:20,S09,20240317
S09/20240317/00036,2,P101904,4,634.24,SALE,17-03-2024 16:42:20,S09,20240317
S09/20240317/00036,3,P103294,2,67.95,SALE,17-03-2024 16:42:20,S09,20240317
S09/20240317/00036,4,P100198,1,156.66,SALE,17-03-2024 16:42:20,S09,20240317
S09/20240317/00036,5,DISC,1,-291.30,DISCOUNT,17-03-2024 16:42:20,S09,20240317
S09/20240317/00036,6,TAX,1,437.53,TAX,17-03-2024 16:42:20,S09,20240317
S09/20240317/00036,7,TENDER,1,3217.70,TENDER,17-03-2024 16:42:20,S09,20240317
S09/20240317/00037,1,P103843,2,636.12,SALE,17-03-2024 17:07:20,S09,20240317
S09/20240317/00037,2,P106833,3,397.38,SALE,17-03-2024 17:07:20,S09,20240317
S09/20240317/00037,3,P105236,2,511.25,SALE,17-03-2024 17:07:20,S09,20240317
S09/20240317/00037,4,P100731,2,268.30,SALE,17-03-2024 17:07:20,S09,20240317
S09/20240317/00037,5,P107899,1,197.21,SALE,17-03-2024 17:07:20,S09,20240317
S09/20240317/00037,6,TAX,1,672.74,TAX,17-03-2024 17:07:20,S09,20240317
S09/20240317/00037,7,TENDER,1,4893.43,TENDER,17-03-2024 17:07:20,S09,20240317
S09/20240317/00038,1,P103584,2,402.02,SALE,17-03-2024 12:59:07,S09,20240317
S09/20240317/00038,2,P106093,2,315.93,SALE,17-03-2024 12:59:07,S09,20240317
S09/20240317/00038,3,P102913,2,347.82,SALE,17-03-2024 12:59:07,S09,20240317
S09/20240317/00038,4,P103600,6,98.09,SALE,17-03-2024 12:59:07,S09,20240317
S09/20240317/00038,5,P106399,4,1107.95,SALE,17-03-2024 12:59:07,S09,20240317
S09/20240317/00038,6,P105030,1,211.39,SALE,17-03-2024 12:59:07,S09,20240317
S09/20240317/00038,7,DISC,1,-454.90,DISCOUNT,17-03-2024 12:59:07,S09,20240317
S09/20240317/00038,8,TAX,1,847.51,TAX,17-03-2024 12:59:07,S09,20240317
S09/20240317/00038,9,TENDER,1,7755.88,TENDER,17-03-2024 12:59:07,S09,20240317
S09/20240317/00039,1,P106221,6,31.65,SALE,17-03-2024 16:55:41,S09,20240317
S09/20240317/00039,2,P101660,4,193.14,SALE,17-03-2024 16:55:41,S09,20240317
S09/20240317/00039,3,P107393,1,413.95,SALE,17-03-2024 16:55:41,S09,20240317
S09/20240317/00039,4,P107822,2,68.95,SALE,17-03-2024 16:55:41,S09,20240317
S09/20240317/00039,5,TAX,1,147.31,TAX,17-03-2024 16:55:41,S09,20240317
S09/20240317/00039,6,TENDER,1,1661.62,TENDER,17-03-2024 16:55:41,S09,20240317
S09/20240317/00040,1,P103118,3,40.95,SALE,17-03-2024 15:31:23,S09,20240317
S09/20240317/00040,2,P102835,2,101.19,SALE,17-03-2024 15:31:23,S09,20240317
S09/20240317/00040,3,TAX,1,30.43,TAX,17-03-2024 15:31:23,S09,20240317
S09/20240317/00040,4,TENDER,1,355.66,TENDER,17-03-2024 15:31:23,S09,20240317
S09/20240317/00041,1,P101710,3,307.38,SALE,17-03-2024 17:59:42,S09,20240317
S09/20240317/00041,2,P105288,2,239.51,SALE,17-03-2024 17:59:42,S09,20240317
S09/20240317/00041,3,TAX,1,110.66,TAX,17-03-2024 17:59:42,S09,20240317
S09/20240317/00041,4,TENDER,1,1511.82,TENDER,17-03-2024 17:59:42,S09,20240317
S09/20240317/00042,1,P102006,3,1424.95,SALE,17-03-2024 18:48:38,S09,20240317
S09/20240317/00042,2,P105227,2,257.52,SALE,17-03-2024 18:48:38,S09,20240317
S09/20240317/00042,3,P100281,4,449.95,SALE,17-03-2024 18:48:38,S09,20240317
S09/20240317/00042,4,P103012,2,256.77,SALE,17-03-2024 18:48:38,S09,20240317
S09/20240317/00042,5,P101613,2,109.83,SALE,17-03-2024 18:48:38,S09,20240317
S09/20240317/00042,6,P105944,4,985.47,SALE,17-03-2024 18:48:38,S09,20240317
S09/20240317/00042,7,P103171,3,56.95,SALE,17-03-2024 18:48:38,S09,20240317
S09/20240317/00042,8,TAX,1,734.53,TAX,17-03-2024 18:48:38,S09,20240317
S09/20240317/00042,9,TENDER,1,12170.15,TENDER,17-03-2024 18:48:38,S09,20240317
S09/20240317/00043,1,P101990,1,408.52,SALE,17-03-2024 19:31:30,S09,20240317
S09/20240317/00043,2,P101779,1,197.95,SALE,17-03-2024 19:31:30,S09,20240317
S09/20240317/00043,3,P103159,3,1193.28,SALE,17-03-2024 19:31:30,S09,20240317
S09/20240317/00043,4,P103833,2,1136.81,SALE,17-03-2024 19:31:30,S09,20240317
S09/20240317/00043,5,P103484,3,109.59,SALE,17-03-2024 19:31:30,S09,20240317
S09/20240317/00043,6,TAX,1,231.78,TAX,17-03-2024 19:31:30,S09,20240317
S09/20240317/00043,7,TENDER,1,7020.48,TENDER,17-03-2024 19:31:30,S09,20240317
S09/20240318/00001,1,P101076,1,606.89,SALE,18-03-2024 18:43:24,S09,20240318
S09/20240318/00001,2,P100974,1,39.19,SALE,18-03-2024 18:43:24,S09,20240318
S09/20240318/00001,3,TAX,1,32.30,TAX,18-03-2024 18:43:24,S09,20240318
S09/20240318/00001,4,TENDER,1,678.38,TENDER,18-03-2024 18:43:24,S09,20240318
S09/20240318/00002,1,P105765,1,439.90,SALE,18-03-2024 18:11:44,S09,20240318
S09/20240318/00002,2,P101279,2,224.83,SALE,18-03-2024 18:11:44,S09,20240318
S09/20240318/00002,3,P105838,2,594.50,SALE,18-03-2024 18:11:44,S09,20240318
S09/20240318/00002,4,P101599,1,387.95,SALE,18-03-2024 18:11:44,S09,20240318
S09/20240318/00002,5,P100658,5,50.53,SALE,18-03-2024 18:11:44,S09,20240318
S09/20240318/00002,6,P107373,1,86.15,SALE,18-03-2024 18:11:44,S09,20240318
S09/20240318/00002,7,TAX,1,149.01,TAX,18-03-2024 18:11:44,S09,20240318
S09/20240318/00002,8,TENDER,1,2954.32,TENDER,18-03-2024 18:11:44,S09,20240318
S09/20240318/00003,1,P102480,1,198.67,SALE,18-03-2024 19:04:23,S09,20240318
S09/20240318/00003,2,P105570,2,345.21,SALE,18-03-2024 19:04:23,S09,20240318
S09/20240318/00003,3,TAX,1,44.45,TAX,18-03-2024 19:04:23,S09,20240318
S09/20240318/00003,4,TENDER,1,933.54,TENDER,18-03-2024 19:04:23,S09,20240318
S09/20240318/00004,1,P104501,2,449.67,SALE,18-03-2024 21:59:24,S09,20240318
S09/20240318/00004,2,P108258,1,54.62,SALE,18-03-2024 21:59:24,S09,20240318
S09/20240318/00004,3,P103202,2,262.95,SALE,18-03-2024 21:59:24,S09,20240318
S09/20240318/00004,4,TAX,1,72.94,TAX,18-03-2024 21:59:24,S09,20240318
S09/20240318/00004,5,TENDER,1,1552.80,TENDER,18-03-2024 21:59:24,S09,20240318
S09/20240318/00005,1,P108335,1,153.41,SALE,18-03-2024 17:09:20,S09,20240318
S09/20240318/00005,2,P102534,2,98.12,SALE,18-03-2024 17:09:20,S09,20240318
S09/20240318/00005,3,P100677,2,227.95,SALE,18-03-2024 17:09:20,S09,20240318
S09/20240318/00005,4,TAX,1,117.39,TAX,18-03-2024 17:09:20,S09,20240318
S09/20240318/00005,5,TENDER,1,922.94,TENDER,18-03-2024 17:09:20,S09,20240318
S09/20240318/00006,1,P102389,1,73.62,SALE,18-03-2024 17:44:46,S09,20240318
S09/20240318/00006,2,P103647,1,37.95,SALE,18-03-2024 17:44:46,S09,20240318
S09/20240318/00006,3,P103319,1,330.84,SALE,18-03-2024 17:44:46,S09,20240318
S09/20240318/00006,4,TAX,1,29.79,TAX,18-03-2024 17:44:46,S09,20240318
S09/20240318/00006,5,TENDER,1,472.20,TENDER,18-03-2024 17:44:46,S09,20240318
S09/20240318/00007,1,P103855,4,276.95,SALE,18-03-2024 17:16:41,S09,20240318
S09/20240318/00007,2,P100033,3,763.12,SALE,18-03-2024 17:16:41,S09,20240318
S09/20240318/00007,3,P103029,1,11.28,SALE,18-03-2024 17:16:41,S09,20240318
S09/20240318/00007,4,P101454,3,130.95,SALE,18-03-2024 17:16:41,S09,20240318
S09/20240318/00007,5,TAX,1,363.04,TAX,18-03-2024 17:16:41,S09,20240318
S09/20240318/00007,6,TENDER,1,4164.33,TENDER,18-03-2024 17:16:41,S09,20240318
S09/20240318/00008,1,P102821,5,1289.10,SALE,18-03-2024 18:07:01,S09,20240318
S09/20240318/00008,2,P106434,1,165.67,SALE,18-03-2024 18:07:01,S09,20240318
S09/20240318/00008,3,P103757,2,147.98,SALE,18-03-2024 18:07:01,S09,20240318
S09/20240318/00008,4,P106920,5,1398.34,SALE,18-03-2024 18:07:01,S09,20240318
S09/20240318/00008,5,TAX,1,34.68,TAX,18-03-2024 18:07:01,S09,20240318
S09/20240318/00008,6,TENDER,1,13933.51,TENDER,18-03-2024 18:07:01,S09,20240318
S09/20240318/00009,1,P100658,3,50.53,SALE,18-03-2024 19:33:31,S09,20240318
S09/20240318/00009,2,P105280,1,220.35,SALE,18-03-2024 19:33:31,S09,20240318
S09/20240318/00009,3,P101095,1,205.38,SALE,18-03-2024 19:33:31,S09,20240318
S09/20240318/00009,4,TAX,1,11.02,TAX,18-03-2024 19:33:31,S09,20240318
S09/20240318/00009,5,TENDER,1,588.34,TENDER,18-03-2024 19:33:31,S09,20240318
S09/20240318/00010,1,P101955,3,356.95,SALE,18-03-2024 14:19:20,S09,20240318
S09/20240318/00010,2,TAX,1,192.75,TAX,18-03-2024 14:19:20,S09,20240318
S09/20240318/00010,3,TENDER,1,1263.60,TENDER,18-03-2024 14:19:20,S09,20240318
S09/20240318/00011,1,P103816,1,209.63,SALE,18-03-2024 13:50:07,S09,20240318
S09/20240318/00011,2,P106405,2,39.79,SALE,18-03-2024 13:50:07,S09,20240318
S09/20240318/00011,3,P102772,2,151.97,SALE,18-03-2024 13:50:07,S09,20240318
S09/20240318/00011,4,P102160,2,221.62,SALE,18-03-2024 13:50:07,S09,20240318
S09/20240318/00011,5,TAX,1,120.44,TAX,18-03-2024 13:50:07,S09,20240318
S09/20240318/00011,6,TENDER,1,1156.83,TENDER,18-03-2024 13:50:07,S09,20240318
S09/20240318/00012,1,P102184,3,327.95,SALE,18-03-2024 13:40:57,S09,20240318
S09/20240318/00012,2,P106900,3,179.85,SALE,18-03-2024 13:40:57,S09,20240318
S09/20240318/00012,3,P102280,3,561.95,SALE,18-03-2024 13:40:57,S09,20240318
S09/20240318/00012,4,P105643,1,1294.23,SALE,18-03-2024 13:40:57,S09,20240318
S09/20240318/00012,5,P103510,1,183.91,SALE,18-03-2024 13:40:57,S09,20240318
S09/20240318/00012,6,TAX,1,339.63,TAX,18-03-2024 13:40:57,S09,20240318
S09/20240318/00012,7,TENDER,1,5027.02,TENDER,18-03-2024 13:40:57,S09,20240318
S09/20240318/00013,1,P105997,2,115.85,SALE,18-03-2024 16:44:54,S09,20240318
S09/20240318/00013,2,P104950,1,91.01,SALE,18-03-2024 16:44:54,S09,20240318
S09/20240318/00013,3,P106602,3,120.10,SALE,18-03-2024 16:44:54,S09,20240318
S09/20240318/00013,4,P103542,3,398.89,SALE,18-03-2024 16:44:54,S09,20240318
S09/20240318/00013,5,TAX,1,189.58,TAX,18-03-2024 16:44:54,S09,20240318
S09/20240318/00013,6,TENDER,1,2069.26,TENDER,18-03-2024 16:44:54,S09,20240318
S09/20240318/00014,1,P102042,3,540.93,SALE,18-03-2024 17:35:10,S09,20240318
S09/20240318/00014,2,P100899,3,131.46,SALE,18-03-2024 17:35:10,S09,20240318
S09/20240318/00014,3,P100221,3,140.95,SALE,18-03-2024 17:35:10,S09,20240318
S09/20240318/00014,4,P104739,5,172.21,SALE,18-03-2024 17:35:10,S09,20240318
S09/20240318/00014,5,P105684,1,1096.95,SALE,18-03-2024 17:35:10,S09,20240318
S09/20240318/00014,6,P100810,2,200.65,SALE,18-03-2024 17:35:10,S09,20240318
S09/20240318/00014,7,TAX,1,361.78,TAX,18-03-2024 17:35:10,S09,20240318
S09/20240318/00014,8,TENDER,1,5161.10,TENDER,18-03-2024 17:35:10,S09,20240318
S09/20240318/00015,1,P107520,1,136.95,SALE,18-03-2024 18:41:22,S09,20240318
S09/20240318/00015,2,P101018,1,136.50,SALE,18-03-2024 18:41:22,S09,20240318
S09/20240318/00015,3,P102006,2,1424.95,SALE,18-03-2024 18:41:22,S09,20240318
S09/20240318/00015,4,P103243,1,195.61,SALE,18-03-2024 18:41:22,S09,20240318
S09/20240318/00015,5,P107446,2,561.07,SALE,18-03-2024 18:41:22,S09,20240318
S09/20240318/00015,6,P107863,2,489.79,SALE,18-03-2024 18:41:22,S09,20240318
S09/20240318/00015,7,P102103,2,345.70,SALE,18-03-2024 18:41:22,S09,20240318
S09/20240318/00015,8,P100904,1,68.79,SALE,18-03-2024 18:41:22,S09,20240318
S09/20240318/00015,9,TAX,1,531.77,TAX,18-03-2024 18:41:22,S09,20240318
S09/20240318/00015,10,TENDER,1,6712.64,TENDER,18-03-2024 18:41:22,S09,20240318
S09/20240318/00016,1,P102103,1,345.70,SALE,18-03-2024 20:08:21,S09,20240318
S09/20240318/00016,2,P100106,2,287.42,SALE,18-03-2024 20:08:21,S09,20240318
S09/20240318/00016,3,P104320,4,128.95,SALE,18-03-2024 20:08:21,S09,20240318
S09/20240318/00016,4,P104026,2,152.97,SALE,18-03-2024 20:08:21,S09,20240318
S09/20240318/00016,5,P101101,4,74.25,SALE,18-03-2024 20:08:21,S09,20240318
S09/20240318/00016,6,TAX,1,216.63,TAX,18-03-2024 20:08:21,S09,20240318
S09/20240318/00016,7,TENDER,1,2255.91,TENDER,18-03-2024 20:08:21,S09,20240318
S09/20240318/00017,1,P105230,3,107.33,SALE,18-03-2024 21:53:42,S09,20240318
S09/20240318/00017,2,P103340,3,466.84,SALE,18-03-2024 21:53:42,S09,20240318
S09/20240318/00017,3,P105323,1,73.95,SALE,18-03-2024 21:53:42,S09,20240318
S09/20240318/00017,4,P101925,3,181.41,SALE,18-03-2024 21:53:42,S09,20240318
S09/20240318/00017,5,P107973,1,259.59,SALE,18-03-2024 21:53:42,S09,20240318
S09/20240318/00017,6,P101558,2,44.31,SALE,18-03-2024 21:53:42,S09,20240318
S09/20240318/00017,7,TAX,1,421.32,TAX,18-03-2024 21:53:42,S09,20240318
S09/20240318/00017,8,TENDER,1,3110.22,TENDER,18-03-2024 21:53:42,S09,20240318
S09/20240318/00018,1,P108302,2,855.55,SALE,18-03-2024 11:53:15,S09,20240318
S09/20240318/00018,2,P103986,2,495.05,SALE,18-03-2024 11:53:15,S09,20240318
S09/20240318/00018,3,P102129,4,252.76,SALE,18-03-2024 11:53:15,S09,20240318
S09/20240318/00018,4,P103144,2,145.27,SALE,18-03-2024 11:53:15,S09,20240318
S09/20240318/00018,5,P101177,2,150.26,SALE,18-03-2024 11:53:15,S09,20240318
S09/20240318/00018,6,P106671,2,101.77,SALE,18-03-2024 11:53:15,S09,20240318
S09/20240318/00018,7,P100095,3,88.30,SALE,18-03-2024 11:53:15,S09,20240318
S09/20240318/00018,8,P102060,1,155.69,SALE,18-03-2024 11:53:15,S09,20240318
S09/20240318/00018,9,TAX,1,367.30,TAX,18-03-2024 11:53:15,S09,20240318
S09/20240318/00018,10,TENDER,1,5294.73,TENDER,18-03-2024 11:53:15,S09,20240318
S09/20240318/00019,1,P103701,2,1171.33,SALE,18-03-2024 17:01:14,S09,20240318
S09/20240318/00019,2,P101697,2,85.25,SALE,18-03-2024 17:01:14,S09,20240318
S09/20240318/00019,3,P105835,2,243.66,SALE,18-03-2024 17:01:14,S09,20240318
S09/20240318/00019,4,P107422,1,193.56,SALE,18-03-2024 17:01:14,S09,20240318
S09/20240318/00019,5,TAX,1,151.18,TAX,18-03-2024 17:01:14,S09,20240318
S09/20240318/00019,6,TENDER,1,3345.22,TENDER,18-03-2024 17:01:14,S09,20240318
S09/20240319/00001,1,P100940,2,171.39,SALE,19-03-2024 12:32:21,S09,20240319
S09/20240319/00001,2,P102217,2,65.41,SALE,19-03-2024 12:32:21,S09,20240319
S09/20240319/00001,3,P100172,2,171.71,SALE,19-03-2024 12:32:21,S09,20240319
S09/20240319/00001,4,TAX,1,78.87,TAX,19-03-2024 12:32:21,S09,20240319
S09/20240319/00001,5,TENDER,1,895.89,TENDER,19-03-2024 12:32:21,S09,20240319
S09/20240319/00002,1,P106506,2,91.95,SALE,19-03-2024 11:09:38,S09,20240319
S09/20240319/00002,2,P103946,3,328.70,SALE,19-03-2024 11:09:38,S09,20240319
S09/20240319/00002,3,P106067,1,448.95,SALE,19-03-2024 11:09:38,S09,20240319
S09/20240319/00002,4,P103249,1,521.24,SALE,19-03-2024 11:09:38,S09,20240319
S09/20240319/00002,5,P108234,2,32.17,SALE,19-03-2024 11:09:38,S09,20240319
S09/20240319/00002,6,P101656,2,262.95,SALE,19-03-2024 11:09:38,S09,20240319
S09/20240319/00002,7,P103090,4,805.95,SALE,19-03-2024 11:09:38,S09,20240319
S09/20240319/00002,8,TAX,1,317.49,TAX,19-03-2024 11:09:38,S09,20240319
S09/20240319/00002,9,TENDER,1,6271.72,TENDER,19-03-2024 11:09:38,S09,20240319
S09/20240319/00003,1,P104933,4,468.07,SALE,19-03-2024 13:15:34,S09,20240319
S09/20240319/00003,2,P107028,2,56.60,SALE,19-03-2024 13:15:34,S09,20240319
S09/20240319/00003,3,P104404,2,849.83,SALE,19-03-2024 13:15:34,S09,20240319
S09/20240319/00003,4,P107837,2,94.99,SALE,19-03-2024 13:15:34,S09,20240319
S09/20240319/00003,5,P101298,3,199.67,SALE,19-03-2024 13:15:34,S09,20240319
S09/20240319/00003,6,TAX,1,667.42,TAX,19-03-2024 13:15:34,S09,20240319
S09/20240319/00003,7,TENDER,1,5141.55,TENDER,19-03-2024 13:15:34,S09,20240319
S09/20240319/00004,1,P101481,2,42.95,SALE,19-03-2024 17:42:57,S09,20240319
S09/20240319/00004,2,P107996,3,211.95,SALE,19-03-2024 17:42:57,S09,20240319
S09/20240319/00004,3,P103372,2,43.95,SALE,19-03-2024 17:42:57,S09,20240319
S09/20240319/00004,4,P104058,1,351.54,SALE,19-03-2024 17:42:57,S09,20240319
S09/20240319/00004,5,P104600,3,48.49,SALE,19-03-2024 17:42:57,S09,20240319
S09/20240319/00004,6,P105547,2,406.95,SALE,19-03-2024 17:42:57,S09,20240319
S09/20240319/00004,7,P102738,1,481.95,SALE,19-03-2024 17:42:57,S09,20240319
S09/20240319/00004,8,P105400,1,48.10,SALE,19-03-2024 17:42:57,S09,20240319
S09/20240319/00004,9,TAX,1,286.62,TAX,19-03-2024 17:42:57,S09,20240319
S09/20240319/00004,10,TENDER,1,2937.23,TENDER,19-03-2024 17:42:57,S09,20240319
S09/20240319/00005,1,P104270,1,1036.53,SALE,19-03-2024 19:10:22,S09,20240319
S09/20240319/00005,2,P102868,2,471.29,SALE,19-03-2024 19:10:22,S09,20240319
S09/20240319/00005,3,P105246,1,827.34,SALE,19-03-2024 19:10:22,S09,20240319
S09/20240319/00005,4,P105164,2,216.12,SALE,19-03-2024 19:10:22,S09,20240319
S09/20240319/00005,5,P101374,1,49.36,SALE,19-03-2024 19:10:22,S09,20240319
S09/20240319/00005,6,P105890,1,1102.54,SALE,19-03-2024 19:10:22,S09,20240319
S09/20240319/00005,7,P105507,2,19.95,SALE,19-03-2024 19:10:22,S09,20240319
S09/20240319/00005,8,P107667,3,338.95,SALE,19-03-2024 19:10:22,S09,20240319
S09/20240319/00005,9,P105365,2,399.23,SALE,19-03-2024 19:10:22,S09,20240319
S09/20240319/00005,10,TAX,1,544.71,TAX,19-03-2024 19:10:22,S09,20240319
S09/20240319/00005,11,TENDER,1,6790.51,TENDER,19-03-2024 19:10:22,S09,20240319
S09/20240319/00006,1,P107676,3,186.95,SALE,19-03-2024 20:40:00,S09,20240319
S09/20240319/00006,2,P103155,1,243.23,SALE,19-03-2024 20:40:00,S09,20240319
S09/20240319/00006,3,P103994,2,134.95,SALE,19-03-2024 20:40:00,S09,20240319
S09/20240319/00006,4,P106907,2,294.95,SALE,19-03-2024 20:40:00,S09,20240319
S09/20240319/00006,5,P107822,2,68.95,SALE,19-03-2024 20:40:00,S09,20240319
S09/20240319/00006,6,TAX,1,96.65,TAX,19-03-2024 20:40:00,S09,20240319
S09/20240319/00006,7,TENDER,1,1898.43,TENDER,19-03-2024 20:40:00,S09,20240319
S09/20240319/00007,1,P104558,4,396.14,SALE,19-03-2024 11:11:29,S09,20240319
S09/20240319/00007,2,P101500,3,352.82,SALE,19-03-2024 11:11:29,S09,20240319
S09/20240319/00007,3,P104277,2,136.95,SALE,19-03-2024 11:11:29,S09,20240319
S09/20240319/00007,4,TAX,1,223.02,TAX,19-03-2024 11:11:29,S09,20240319
S09/20240319/00007,5,TENDER,1,3139.94,TENDER,19-03-2024 11:11:29,S09,20240319
S09/20240319/00008,1,P104485,1,582.09,SALE,19-03-2024 16:44:04,S09,20240319
S09/20240319/00008,2,TAX,1,69.85,TAX,19-03-2024 16:44:04,S09,20240319
S09/20240319/00008,3,TENDER,1,651.94,TENDER,19-03-2024 16:44:04,S09,20240319
S09/20240319/00009,1,P104378,3,99.16,SALE,19-03-2024 13:43:20,S09,20240319
S09/20240319/00009,2,P101106,3,424.09,SALE,19-03-2024 13:43:20,S09,20240319
S09/20240319/00009,3,P100528,4,623.32,SALE,19-03-2024 13:43:20,S09,20240319
S09/20240319/00009,4,P100007,3,129.42,SALE,19-03-2024 13:43:20,S09,20240319
S09/20240319/00009,5,P104579,1,67.48,SALE,19-03-2024 13:43:20,S09,20240319
S09/20240319/00009,6,TAX,1,169.20,TAX,19-03-2024 13:43:20,S09,20240319
S09/20240319/00009,7,TENDER,1,4687.97,TENDER,19-03-2024 13:43:20,S09,20240319
S09/20240319/00010,1,P105636,2,526.95,SALE,19-03-2024 23:00:02,S09,20240319
S09/20240319/00010,2,P102409,3,381.29,SALE,19-03-2024 23:00:02,S09,20240319
S09/20240319/00010,3,P101592,3,280.95,SALE,19-03-2024 23:00:02,S09,20240319
S09/20240319/00010,4,P101585,1,11.51,SALE,19-03-2024 23:00:02,S09,20240319
S09/20240319/00010,5,P106975,1,136.95,SALE,19-03-2024 23:00:02,S09,20240319
S09/20240319/00010,6,P106907,2,294.95,SALE,19-03-2024 23:00:02,S09,20240319
S09/20240319/00010,7,TAX,1,235.63,TAX,19-03-2024 23:00:02,S09,20240319
S09/20240319/00010,8,TENDER,1,4014.61,TENDER,19-03-2024 23:00:02,S09,20240319
S09/20240319/00011,1,P108149,1,985.90,SALE,19-03-2024 15:01:26,S09,20240319
S09/20240319/00011,2,P105624,2,380.06,SALE,19-03-2024 15:01:26,S09,20240319
S09/20240319/00011,3,P101090,1,22.95,SALE,19-03-2024 15:01:26,S09,20240319
S09/20240319/00011,4,P103855,1,276.95,SALE,19-03-2024 15:01:26,S09,20240319
S09/20240319/00011,5,P104512,3,94.53,SALE,19-03-2024 15:01:26,S09,20240319
S09/20240319/00011,6,TAX,1,106.17,TAX,19-03-2024 15:01:26,S09,20240319
S09/20240319/00011,7,TENDER,1,2435.68,TENDER,19-03-2024 15:01:26,S09,20240319
S09/20240319/00012,1,P107555,2,1314.43,SALE,19-03-2024 19:31:12,S09,20240319
S09/20240319/00012,2,P106207,1,459.95,SALE,19-03-2024 19:31:12,S09,20240319
S09/20240319/00012,3,P106703,2,76.37,SALE,19-03-2024 19:31:12,S09,20240319
S09/20240319/00012,4,P106015,2,147.48,SALE,19-03-2024 19:31:12,S09,20240319
S09/20240319/00012,5,P107536,3,1495.35,SALE,19-03-2024 19:31:12,S09,20240319
S09/20240319/00012,6,P103012,3,256.77,SALE,19-03-2024 19:31:12,S09,20240319
S09/20240319/00012,7,DISC,1,-187.55,DISCOUNT,19-03-2024 19:31:12,S09,20240319
S09/20240319/00012,8,TAX,1,213.60,TAX,19-03-2024 19:31:12,S09,20240319
S09/20240319/00012,9,TENDER,1,8818.92,TENDER,19-03-2024 19:31:12,S09,20240319
S09/20240319/00013,1,P108361,1,69.61,SALE,19-03-2024 19:00:49,S09,20240319
S09/20240319/00013,2,P107646,1,225.19,SALE,19-03-2024 19:00:49,S09,20240319
S09/20240319/00013,3,P104462,1,86.38,SALE,19-03-2024 19:00:49,S09,20240319
S09/20240319/00013,4,TAX,1,15.58,TAX,19-03-2024 19:00:49,S09,20240319
S09/20240319/00013,5,TENDER,1,396.76,TENDER,19-03-2024 19:00:49,S09,20240319
S09/20240319/00014,1,P101052,2,198.99,SALE,19-03-2024 18:49:59,S09,20240319
S09/20240319/00014,2,P102045,2,21.31,SALE,19-03-2024 18:49:59,S09,20240319
S09/20240319/00014,3,P107047,1,413.27,SALE,19-03-2024 18:49:59,S09,20240319
S09/20240319/00014,4,P104478,1,16.95,SALE,19-03-2024 18:49:59,S09,20240319
S09/20240319/00014,5,TAX,1,131.95,TAX,19-03-2024 18:49:59,S09,20240319
S09/20240319/00014,6,TENDER,1,1002.77,TENDER,19-03-2024 18:49:59,S09,20240319
S09/20240319/00015,1,P105139,2,100.45,SALE,19-03-2024 10:45:12,S09,20240319
S09/20240319/00015,2,P101702,1,491.39,SALE,19-03-2024 10:45:12,S09,20240319
S09/20240319/00015,3,P102397,1,355.28,SALE,19-03-2024 10:45:12,S09,20240319
S09/20240319/00015,4,P104965,1,88.45,SALE,19-03-2024 10:45:12,S09,20240319
S09/20240319/00015,5,DISC,1,-30.29,DISCOUNT,19-03-2024 10:45:12,S09,20240319
S09/20240319/00015,6,TAX,1,155.36,TAX,19-03-2024 10:45:12,S09,20240319
S09/20240319/00015,7,TENDER,1,1261.09,TENDER,19-03-2024 10:45:12,S09,20240319
S09/20240319/00016,1,P102311,2,284.95,SALE,19-03-2024 16:31:34,S09,20240319
S09/20240319/00016,2,P106059,1,292.81,SALE,19-03-2024 16:31:34,S09,20240319
S09/20240319/00016,3,P107409,2,419.09,SALE,19-03-2024 16:31:34,S09,20240319
S09/20240319/00016,4,P103517,1,160.29,SALE,19-03-2024 16:31:34,S09,20240319
S09/20240319/00016,5,TAX,1,123.11,TAX,19-03-2024 16:31:34,S09,20240319
S09/20240319/00016,6,TENDER,1,1984.29,TENDER,19-03-2024 16:31:34,S09,20240319
S09/20240319/00017,1,P102993,1,293.96,SALE,19-03-2024 10:59:41,S09,20240319
S09/20240319/00017,2,P104194,2,119.04,SALE,19-03-2024 10:59:41,S09,20240319
S09/20240319/00017,3,P106317,1,423.01,SALE,19-03-2024 10:59:41,S09,20240319
S09/20240319/00017,4,P100394,1,320.36,SALE,19-03-2024 10:59:41,S09,20240319
S09/20240319/00017,5,P101283,1,263.48,SALE,19-03-2024 10:59:41,S09,20240319
S09/20240319/00017,6,P107163,4,171.95,SALE,19-03-2024 10:59:41,S09,20240319
S09/20240319/00017,7,P108275,4,477.08,SALE,19-03-2024 10:59:41,S09,20240319
S09/20240319/00017,8,P102892,3,220.95,SALE,19-03-2024 10:59:41,S09,20240319
S09/20240319/00017,9,TAX,1,691.38,TAX,19-03-2024 10:59:41,S09,20240319
S09/20240319/00017,10,TENDER,1,5489.24,TENDER,19-03-2024 10:59:41,S09,20240319
S09/20240320/00001,1,P102404,1,371.40,SALE,20-03-2024 16:23:53,S09,20240320
S09/20240320/00001,2,P106357,2,1078.45,SALE,20-03-2024 16:23:53,S09,20240320
S09/20240320/00001,3,P106317,3,423.01,SALE,20-03-2024 16:23:53,S09,20240320
S09/20240320/00001,4,P107815,1,106.85,SALE,20-03-2024 16:23:53,S09,20240320
S09/20240320/00001,5,P103197,4,292.95,SALE,20-03-2024 16:23:53,S09,20240320
S09/20240320/00001,6,P106288,1,42.41,SALE,20-03-2024 16:23:53,S09,20240320
S09/20240320/00001,7,P102623,1,110.85,SALE,20-03-2024 16:23:53,S09,20240320
S09/20240320/00001,8,P105017,3,193.22,SALE,20-03-2024 16:23:53,S09,20240320
S09/20240320/00001,9,P105507,2,21.15,SALE,20-03-2024 16:23:53,S09,20240320
S09/20240320/00001,10,P103081,1,480.46,SALE,20-03-2024 16:23:53,S09,20240320
S09/20240320/00001,11,DISC,1,-210.28,DISCOUNT,20-03-2024 16:23:53,S09,20240320
S09/20240320/00001,12,TAX,1,745.19,TAX,20-03-2024 16:23:53,S09,20240320
S09/20240320/00001,13,TENDER,1,6866.57,TENDER,20-03-2024 16:23:53,S09,20240320
S09/20240320/00002,1,P100224,1,78.05,SALE,20-03-2024 19:49:07,S09,20240320
S09/20240320/00002,2,P101018,3,136.50,SALE,20-03-2024 19:49:07,S09,20240320
S09/20240320/00002,3,P107495,1,402.26,SALE,20-03-2024 19:49:07,S09,20240320
S09/20240320/00002,4,P100869,2,56.95,SALE,20-03-2024 19:49:07,S09,20240320
S09/20240320/00002,5,P108135,3,539.95,SALE,20-03-2024 19:49:07,S09,20240320
S09/20240320/00002,6,DISC,1,-218.78,DISCOUNT,20-03-2024 19:49:07,S09,20240320
S09/20240320/00002,7,TAX,1,60.35,TAX,20-03-2024 19:49:07,S09,20240320
S09/20240320/00002,8,TENDER,1,2465.13,TENDER,20-03-2024 19:49:07,S09,20240320
S09/20240320/00003,1,P107171,2,325.58,SALE,20-03-2024 17:37:39,S09,20240320
S09/20240320/00003,2,P100339,4,278.86,SALE,20-03-2024 17:37:39,S09,20240320
S09/20240320/00003,3,P100106,2,287.42,SALE,20-03-2024 17:37:39,S09,20240320
S09/20240320/00003,4,DISC,1,-191.47,DISCOUNT,20-03-2024 17:37:39,S09,20240320
S09/20240320/00003,5,TAX,1,351.12,TAX,20-03-2024 17:37:39,S09,20240320
S09/20240320/00003,6,TENDER,1,2501.09,TENDER,20-03-2024 17:37:39,S09,20240320
S09/20240320/00004,1,P100233,1,67.07,SALE,20-03-2024 14:15:32,S09,20240320
S09/20240320/00004,2,P106802,3,689.06,SALE,20-03-2024 14:15:32,S09,20240320
S09/20240320/00004,3,P104708,2,22.95,SALE,20-03-2024 14:15:32,S09,20240320
S09/20240320/00004,4,P101530,1,576.50,SALE,20-03-2024 14:15:32,S09,20240320
S09/20240320/00004,5,TAX,1,218.74,TAX,20-03-2024 14:15:32,S09,20240320
S09/20240320/00004,6,TENDER,1,2975.39,TENDER,20-03-2024 14:15:32,S09,20240320
S09/20240320/00005,1,P106300,-1,387.92,RETURN,20-03-2024 15:33:54,S09,20240320
S09/20240320/00005,2,P105176,-2,499.95,RETURN,20-03-2024 15:33:54,S09,20240320
S09/20240320/00005,3,P101283,-2,263.48,RETURN,20-03-2024 15:33:54,S09,20240320
S09/20240320/00005,4,P104478,-2,16.95,RETURN,20-03-2024 15:33:54,S09,20240320
S09/20240320/00005,5,P100308,-1,277.54,RETURN,20-03-2024 15:33:54,S09,20240320
S09/20240320/00005,6,TAX,1,-360.79,TAX,20-03-2024 15:33:54,S09,20240320
S09/20240320/00005,7,TENDER,1,-2587.01,TENDER,20-03-2024 15:33:54,S09,20240320
S09/20240320/00006,1,P107432,2,41.96,SALE,20-03-2024 09:46:06,S09,20240320
S09/20240320/00006,2,P108282,1,360.34,SALE,20-03-2024 09:46:06,S09,20240320
S09/20240320/00006,3,P100665,2,281.09,SALE,20-03-2024 09:46:06,S09,20240320
S09/20240320/00006,4,P103283,3,145.09,SALE,20-03-2024 09:46:06,S09,20240320
S09/20240320/00006,5,TAX,1,111.44,TAX,20-03-2024 09:46:06,S09,20240320
S09/20240320/00006,6,TENDER,1,1553.15,TENDER,20-03-2024 09:46:06,S09,20240320
S09/20240320/00007,1,P102236,3,933.52,SALE,20-03-2024 17:59:29,S09,20240320
S09/20240320/00007,2,P105280,3,220.35,SALE,20-03-2024 17:59:29,S09,20240320
S09/20240320/00007,3,TAX,1,173.08,TAX,20-03-2024 17:59:29,S09,20240320
S09/20240320/00007,4,TENDER,1,3634.69,TENDER,20-03-2024 17:59:29,S09,20240320
S09/20240320/00008,1,P107158,2,142.95,SALE,20-03-2024 13:08:56,S09,20240320
S09/20240320/00008,2,P106258,2,423.67,SALE,20-03-2024 13:08:56,S09,20240320
S09/20240320/00008,3,P104628,1,196.55,SALE,20-03-2024 13:08:56,S09,20240320
S09/20240320/00008,4,P100380,3,136.58,SALE,20-03-2024 13:08:56,S09,20240320
S09/20240320/00008,5,P106813,2,264.52,SALE,20-03-2024 13:08:56,S09,20240320
S09/20240320/00008,6,TAX,1,241.86,TAX,20-03-2024 13:08:56,S09,20240320
S09/20240320/00008,7,TENDER,1,2510.43,TENDER,20-03-2024 13:08:56,S09,20240320
S09/20240320/00009,1,P107880,2,307.95,SALE,20-03-2024 15:52:42,S09,20240320
S09/20240320/00009,2,P106405,1,39.79,SALE,20-03-2024 15:52:42,S09,20240320
S09/20240320/00009,3,P102744,3,86.95,SALE,20-03-2024 15:52:42,S09,20240320
S09/20240320/00009,4,TAX,1,51.00,TAX,20-03-2024 15:52:42,S09,20240320
S09/20240320/00009,5,TENDER,1,967.54,TENDER,20-03-2024 15:52:42,S09,20240320
S09/20240320/00010,1,P104316,1,406.45,SALE,20-03-2024 09:12:25,S09,20240320
S09/20240320/00010,2,P101564,1,154.29,SALE,20-03-2024 09:12:25,S09,20240320
S09/20240320/00010,3,P106443,1,52.87,SALE,20-03-2024 09:12:25,S09,20240320
S09/20240320/00010,4,P101470,3,155.81,SALE,20-03-2024 09:12:25,S09,20240320
S09/20240320/00010,5,P101428,3,394.08,SALE,20-03-2024 09:12:25,S09,20240320
S09/20240320/00010,6,P106629,3,52.08,SALE,20-03-2024 09:12:25,S09,20240320
S09/20240320/00010,7,P101547,2,57.95,SALE,20-03-2024 09:12:25,S09,20240320
S09/20240320/00010,8,DISC,1,-291.23,DISCOUNT,20-03-2024 09:12:25,S09,20240320
S09/20240320/00010,9,TAX,1,310.06,TAX,20-03-2024 09:12:25,S09,20240320
S09/20240320/00010,10,TENDER,1,2554.25,TENDER,20-03-2024 09:12:25,S09,20240320
S09/20240320/00011,1,P101359,3,438.42,SALE,20-03-2024 23:30:38,S09,20240320
S09/20240320/00011,2,P101213,2,232.84,SALE,20-03-2024 23:30:38,S09,20240320
S09/20240320/00011,3,P100319,3,48.05,SALE,20-03-2024 23:30:38,S09,20240320
S09/20240320/00011,4,TAX,1,327.78,TAX,20-03-2024 23:30:38,S09,20240320
S09/20240320/00011,5,TENDER,1,2252.87,TENDER,20-03-2024 23:30:38,S09,20240320
S09/20240320/00012,1,P101648,1,334.22,SALE,20-03-2024 11:15:33,S09,20240320
S09/20240320/00012,2,P102585,1,516.36,SALE,20-03-2024 11:15:33,S09,20240320
S09/20240320/00012,3,P106823,4,136.43,SALE,20-03-2024 11:15:33,S09,20240320
S09/20240320/00012,4,P103886,3,301.95,SALE,20-03-2024 11:15:33,S09,20240320
S09/20240320/00012,5,P101359,4,438.42,SALE,20-03-2024 11:15:33,S09,20240320
S09/20240320/00012,6,P104139,3,202.92,SALE,20-03-2024 11:15:33,S09,20240320
S09/20240320/00012,7,TAX,1,423.68,TAX,20-03-2024 11:15:33,S09,20240320
S09/20240320/00012,8,TENDER,1,5088.27,TENDER,20-03-2024 11:15:33,S09,20240320
S09/20240320/00013,1,P100057,2,215.95,SALE,20-03-2024 14:32:55,S09,20240320
S09/20240320/00013,2,P101305,4,119.82,SALE,20-03-2024 14:32:55,S09,20240320
S09/20240320/00013,3,P101389,6,430.39,SALE,20-03-2024 14:32:55,S09,20240320
S09/20240320/00013,4,P103896,1,200.95,SALE,20-03-2024 14:32:55,S09,20240320
S09/20240320/00013,5,TAX,1,639.09,TAX,20-03-2024 14:32:55,S09,20240320
S09/20240320/00013,6,TENDER,1,4333.56,TENDER,20-03-2024 14:32:55,S09,20240320
S09/20240320/00014,1,P100164,2,581.13,SALE,20-03-2024 21:00:26,S09,20240320
S09/20240320/00014,2,P107472,1,60.81,SALE,20-03-2024 21:00:26,S09,20240320
S09/20240320/00014,3,TAX,1,212.25,TAX,20-03-2024 21:00:26,S09,20240320
S09/20240320/00014,4,TENDER,1,1435.32,TENDER,20-03-2024 21:00:26,S09,20240320
S09/20240320/00015,1,P106731,2,142.59,SALE,20-03-2024 14:35:47,S09,20240320
S09/20240320/00015,2,P107330,1,115.95,SALE,20-03-2024 14:35:47,S09,20240320
S09/20240320/00015,3,P101974,2,302.00,SALE,20-03-2024 14:35:47,S09,20240320
S09/20240320/00015,4,P105562,1,128.95,SALE,20-03-2024 14:35:47,S09,20240320
S09/20240320/00015,5,P101751,1,460.11,SALE,20-03-2024 14:35:47,S09,20240320
S09/20240320/00015,6,P103118,4,40.95,SALE,20-03-2024 14:35:47,S09,20240320
S09/20240320/00015,7,TAX,1,236.07,TAX,20-03-2024 14:35:47,S09,20240320
S09/20240320/00015,8,TENDER,1,1994.06,TENDER,20-03-2024 14:35:47,S09,20240320
S09/20240320/00016,1,P101949,1,857.51,SALE,20-03-2024 13:05:18,S09,20240320
S09/20240320/00016,2,P100717,2,465.47,SALE,20-03-2024 13:05:18,S09,20240320
S09/20240320/00016,3,P101904,1,634.24,SALE,20-03-2024 13:05:18,S09,20240320
S09/20240320/00016,4,P100112,1,91.95,SALE,20-03-2024 13:05:18,S09,20240320
S09/20240320/00016,5,P100403,3,71.73,SALE,20-03-2024 13:05:18,S09,20240320
S09/20240320/00016,6,P100074,3,57.78,SALE,20-03-2024 13:05:18,S09,20240320
S09/20240320/00016,7,DISC,1,-218.82,DISCOUNT,20-03-2024 13:05:18,S09,20240320
S09/20240320/00016,8,TAX,1,347.34,TAX,20-03-2024 13:05:18,S09,20240320
S09/20240320/00016,9,TENDER,1,3031.69,TENDER,20-03-2024 13:05:18,S09,20240320
S09/20240320/00017,1,P107568,1,147.18,SALE,20-03-2024 20:02:44,S09,20240320
S09/20240320/00017,2,P101248,2,469.28,SALE,20-03-2024 20:02:44,S09,20240320
S09/20240320/00017,3,P105236,4,511.25,SALE,20-03-2024 20:02:44,S09,20240320
S09/20240320/00017,4,P105929,2,11.18,SALE,20-03-2024 20:02:44,S09,20240320
S09/20240320/00017,5,P105720,2,67.32,SALE,20-03-2024 20:02:44,S09,20240320
S09/20240320/00017,6,P106563,4,426.95,SALE,20-03-2024 20:02:44,S09,20240320
S09/20240320/00017,7,TAX,1,630.66,TAX,20-03-2024 20:02:44,S09,20240320
S09/20240320/00017,8,TENDER,1,5626.20,TENDER,20-03-2024 20:02:44,S09,20240320
S09/20240320/00018,1,P108221,1,51.41,SALE,20-03-2024 19:25:31,S09,20240320
S09/20240320/00018,2,P102296,1,43.24,SALE,20-03-2024 19:25:31,S09,20240320
S09/20240320/00018,3,P105313,1,51.83,SALE,20-03-2024 19:25:31,S09,20240320
S09/20240320/00018,4,TAX,1,17.04,TAX,20-03-2024 19:25:31,S09,20240320
S09/20240320/00018,5,TENDER,1,163.52,TENDER,20-03-2024 19:25:31,S09,20240320
S09/20240320/00019,1,P106793,2,287.78,SALE,20-03-2024 19:35:35,S09,20240320
S09/20240320/00019,2,P105524,2,77.90,SALE,20-03-2024 19:35:35,S09,20240320
S09/20240320/00019,3,P104512,1,94.53,SALE,20-03-2024 19:35:35,S09,20240320
S09/20240320/00019,4,P106004,1,137.38,SALE,20-03-2024 19:35:35,S09,20240320
S09/20240320/00019,5,P107115,2,173.36,SALE,20-03-2024 19:35:35,S09,20240320
S09/20240320/00019,6,P107597,2,519.83,SALE,20-03-2024 19:35:35,S09,20240320
S09/20240320/00019,7,P104469,4,1383.23,SALE,20-03-2024 19:35:35,S09,20240320
S09/20240320/00019,8,TAX,1,801.69,TAX,20-03-2024 19:35:35,S09,20240320
S09/20240320/00019,9,TENDER,1,8684.26,TENDER,20-03-2024 19:35:35,S09,20240320
S09/20240320/00020,1,P104579,2,67.48,SALE,20-03-2024 13:28:27,S09,20240320
S09/20240320/00020,2,P101283,1,263.48,SALE,20-03-2024 13:28:27,S09,20240320
S09/20240320/00020,3,P102485,1,202.08,SALE,20-03-2024 13:28:27,S09,20240320
S09/20240320/00020,4,P106200,5,117.95,SALE,20-03-2024 13:28:27,S09,20240320
S09/20240320/00020,5,TAX,1,128.30,TAX,20-03-2024 13:28:27,S09,20240320
S09/20240320/00020,6,TENDER,1,1318.57,TENDER,20-03-2024 13:28:27,S09,20240320
S09/20240320/00021,1,P105765,1,439.90,SALE,20-03-2024 17:07:28,S09,20240320
S09/20240320/00021,2,P100771,5,703.95,SALE,20-03-2024 17:07:28,S09,20240320
S09/20240320/00021,3,P100203,2,241.95,SALE,20-03-2024 17:07:28,S09,20240320
S09/20240320/00021,4,P101339,1,222.95,SALE,20-03-2024 17:07:28,S09,20240320
S09/20240320/00021,5,P107028,4,56.60,SALE,20-03-2024 17:07:28,S09,20240320
S09/20240320/00021,6,TAX,1,577.65,TAX,20-03-2024 17:07:28,S09,20240320
S09/20240320/00021,7,TENDER,1,5470.55,TENDER,20-03-2024 17:07:28,S09,20240320
S09/20240320/00022,1,P101404,3,214.54,SALE,20-03-2024 18:02:07,S09,20240320
S09/20240320/00022,2,P107231,4,1193.22,SALE,20-03-2024 18:02:07,S09,20240320
S09/20240320/00022,3,P107715,4,241.95,SALE,20-03-2024 18:02:07,S09,20240320
S09/20240320/00022,4,P104802,1,194.24,SALE,20-03-2024 18:02:07,S09,20240320
S09/20240320/00022,5,TAX,1,241.35,TAX,20-03-2024 18:02:07,S09,20240320
S09/20240320/00022,6,TENDER,1,6819.89,TENDER,20-03-2024 18:02:07,S09,20240320
S09/20240320/00023,1,P106454,3,118.78,SALE,20-03-2024 19:23:12,S09,20240320
S09/20240320/00023,2,P106651,3,855.95,SALE,20-03-2024 19:23:12,S09,20240320
S09/20240320/00023,3,P106004,2,137.38,SALE,20-03-2024 19:23:12,S09,20240320
S09/20240320/00023,4,P101095,1,205.38,SALE,20-03-2024 19:23:12,S09,20240320
S09/20240320/00023,5,P105136,1,158.61,SALE,20-03-2024 19:23:12,S09,20240320
S09/20240320/00023,6,TAX,1,31.56,TAX,20-03-2024 19:23:12,S09,20240320
S09/20240320/00023,7,TENDER,1,3594.50,TENDER,20-03-2024 19:23:12,S09,20240320
S09/20240320/00024,1,P104242,1,275.95,SALE,20-03-2024 20:36:36,S09,20240320
S09/20240320/00024,2,P103337,3,79.95,SALE,20-03-2024 20:36:36,S09,20240320
S09/20240320/00024,3,P101410,1,798.18,SALE,20-03-2024 20:36:36,S09,20240320
S09/20240320/00024,4,TAX,1,140.89,TAX,20-03-2024 20:36:36,S09,20240320
S09/20240320/00024,5,TENDER,1,1454.87,TENDER,20-03-2024 20:36:36,S09,20240320
S09/20240320/00025,1,P100904,2,68.79,SALE,20-03-2024 15:23:03,S09,20240320
S09/20240320/00025,2,P103202,3,262.95,SALE,20-03-2024 15:23:03,S09,20240320
S09/20240320/00025,3,P107880,1,307.95,SALE,20-03-2024 15:23:03,S09,20240320
S09/20240320/00025,4,P100026,1,304.63,SALE,20-03-2024 15:23:03,S09,20240320
S09/20240320/00025,5,P102480,1,198.67,SALE,20-03-2024 15:23:03,S09,20240320
S09/20240320/00025,6,P106024,3,424.51,SALE,20-03-2024 15:23:03,S09,20240320
S09/20240320/00025,7,TAX,1,389.22,TAX,20-03-2024 15:23:03,S09,20240320
S09/20240320/00025,8,TENDER,1,3400.43,TENDER,20-03-2024 15:23:03,S09,20240320
S09/20240321/00001,1,P107145,2,235.69,SALE,21-03-2024 13:51:02,S09,20240321
S09/20240321/00001,2,P106415,4,911.99,SALE,21-03-2024 13:51:02,S09,20240321
S09/20240321/00001,3,TAX,1,494.32,TAX,21-03-2024 13:51:02,S09,20240321
S09/20240321/00001,4,TENDER,1,4613.66,TENDER,21-03-2024 13:51:02,S09,20240321
S09/20240321/00002,1,P105092,2,421.74,SALE,21-03-2024 18:04:52,S09,20240321
S09/20240321/00002,2,P102272,2,373.95,SALE,21-03-2024 18:04:52,S09,20240321
S09/20240321/00002,3,P100494,3,64.52,SALE,21-03-2024 18:04:52,S09,20240321
S09/20240321/00002,4,P104831,3,1516.75,SALE,21-03-2024 18:04:52,S09,20240321
S09/20240321/00002,5,P103647,1,37.95,SALE,21-03-2024 18:04:52,S09,20240321
S09/20240321/00002,6,TAX,1,822.45,TAX,21-03-2024 18:04:52,S09,20240321
S09/20240321/00002,7,TENDER,1,7195.59,TENDER,21-03-2024 18:04:52,S09,20240321
S09/20240321/00003,1,P102471,3,137.95,SALE,21-03-2024 22:57:19,S09,20240321
S09/20240321/00003,2,P103340,1,466.84,SALE,21-03-2024 22:57:19,S09,20240321
S09/20240321/00003,3,TAX,1,158.52,TAX,21-03-2024 22:57:19,S09,20240321
S09/20240321/00003,4,TENDER,1,1039.21,TENDER,21-03-2024 22:57:19,S09,20240321
S09/20240321/00004,1,P100494,1,64.52,SALE,21-03-2024 21:40:22,S09,20240321
S09/20240321/00004,2,P103637,2,338.13,SALE,21-03-2024 21:40:22,S09,20240321
S09/20240321/00004,3,P103591,1,102.70,SALE,21-03-2024 21:40:22,S09,20240321
S09/20240321/00004,4,TAX,1,151.83,TAX,21-03-2024 21:40:22,S09,20240321
S09/20240321/00004,5,TENDER,1,995.31,TENDER,21-03-2024 21:40:22,S09,20240321
S09/20240321/00005,1,P102248,2,21.80,SALE,21-03-2024 15:59:08,S09,20240321
S09/20240321/00005,2,P102480,1,198.67,SALE,21-03-2024 15:59:08,S09,20240321
S09/20240321/00005,3,P105636,2,526.95,SALE,21-03-2024 15:59:08,S09,20240321
S09/20240321/00005,4,TAX,1,9.93,TAX,21-03-2024 15:59:08,S09,20240321
S09/20240321/00005,5,TENDER,1,1306.10,TENDER,21-03-2024 15:59:08,S09,20240321
S09/20240321/00006,1,P104233,1,1232.09,SALE,21-03-2024 20:35:03,S09,20240321
S09/20240321/00006,2,P108262,1,601.82,SALE,21-03-2024 20:35:03,S09,20240321
S09/20240321/00006,3,P100380,1,136.58,SALE,21-03-2024 20:35:03,S09,20240321
S09/20240321/00006,4,P105365,2,379.27,SALE,21-03-2024 20:35:03,S09,20240321
S09/20240321/00006,5,P100784,3,210.00,SALE,21-03-2024 20:35:03,S09,20240321
S09/20240321/00006,6,TAX,1,390.75,TAX,21-03-2024 20:35:03,S09,20240321
S09/20240321/00006,7,TENDER,1,3749.78,TENDER,21-03-2024 20:35:03,S09,20240321
S09/20240321/00007,1,P102559,1,86.19,SALE,21-03-2024 10:38:53,S09,20240321
S09/20240321/00007,2,P105918,2,315.80,SALE,21-03-2024 10:38:53,S09,20240321
S09/20240321/00007,3,P103129,3,79.05,SALE,21-03-2024 10:38:53,S09,20240321
S09/20240321/00007,4,P103062,3,177.19,SALE,21-03-2024 10:38:53,S09,20240321
S09/20240321/00007,5,TAX,1,187.26,TAX,21-03-2024 10:38:53,S09,20240321
S09/20240321/00007,6,TENDER,1,1673.77,TENDER,21-03-2024 10:38:53,S09,20240321
S09/20240321/00008,1,P107327,1,1146.95,SALE,21-03-2024 11:56:20,S09,20240321
S09/20240321/00008,2,P108221,2,51.41,SALE,21-03-2024 11:56:20,S09,20240321
S09/20240321/00008,3,P106550,1,27.06,SALE,21-03-2024 11:56:20,S09,20240321
S09/20240321/00008,4,P107880,3,307.95,SALE,21-03-2024 11:56:20,S09,20240321
S09/20240321/00008,5,P102531,2,148.04,SALE,21-03-2024 11:56:20,S09,20240321
S09/20240321/00008,6,TAX,1,105.10,TAX,21-03-2024 11:56:20,S09,20240321
S09/20240321/00008,7,TENDER,1,2601.86,TENDER,21-03-2024 11:56:20,S09,20240321
S09/20240321/00009,1,P100418,1,204.95,SALE,21-03-2024 09:09:22,S09,20240321
S09/20240321/00009,2,P107516,3,598.37,SALE,21-03-2024 09:09:22,S09,20240321
S09/20240321/00009,3,P100717,2,505.95,SALE,21-03-2024 09:09:22,S09,20240321
S09/20240321/00009,4,P100677,1,227.95,SALE,21-03-2024 09:09:22,S09,20240321
S09/20240321/00009,5,TAX,1,546.29,TAX,21-03-2024 09:09:22,S09,20240321
S09/20240321/00009,6,TENDER,1,3786.20,TENDER,21-03-2024 09:09:22,S09,20240321
S09/20240321/00010,1,P104427,2,462.16,SALE,21-03-2024 15:54:06,S09,20240321
S09/20240321/00010,2,P106464,2,271.59,SALE,21-03-2024 15:54:06,S09,20240321
S09/20240321/00010,3,P101492,1,110.48,SALE,21-03-2024 15:54:06,S09,20240321
S09/20240321/00010,4,P105950,4,1356.49,SALE,21-03-2024 15:54:06,S09,20240321
S09/20240321/00010,5,P104756,1,334.95,SALE,21-03-2024 15:54:06,S09,20240321
S09/20240321/00010,6,TAX,1,291.64,TAX,21-03-2024 15:54:06,S09,20240321
S09/20240321/00010,7,TENDER,1,7630.53,TENDER,21-03-2024 15:54:06,S09,20240321
S09/20240321/00011,1,P102516,2,1272.67,SALE,21-03-2024 09:18:53,S09,20240321
S09/20240321/00011,2,P104417,3,322.95,SALE,21-03-2024 09:18:53,S09,20240321
S09/20240321/00011,3,P104478,4,16.95,SALE,21-03-2024 09:18:53,S09,20240321
S09/20240321/00011,4,P100658,2,50.53,SALE,21-03-2024 09:18:53,S09,20240321
S09/20240321/00011,5,P104718,1,364.54,SALE,21-03-2024 09:18:53,S09,20240321
S09/20240321/00011,6,TAX,1,299.48,TAX,21-03-2024 09:18:53,S09,20240321
S09/20240321/00011,7,TENDER,1,4347.07,TENDER,21-03-2024 09:18:53,S09,20240321
S09/20240321/00012,1,P106207,1,459.95,SALE,21-03-2024 16:31:17,S09,20240321
S09/20240321/00012,2,P102593,3,84.95,SALE,21-03-2024 16:31:17,S09,20240321
S09/20240321/00012,3,P100387,1,104.82,SALE,21-03-2024 16:31:17,S09,20240321
S09/20240321/00012,4,P105069,1,162.60,SALE,21-03-2024 16:31:17,S09,20240321
S09/20240321/00012,5,TAX,1,163.17,TAX,21-03-2024 16:31:17,S09,20240321
S09/20240321/00012,6,TENDER,1,1145.39,TENDER,21-03-2024 16:31:17,S09,20240321
S09/20240321/00013,1,P100049,2,66.95,SALE,21-03-2024 18:08:27,S09,20240321
S09/20240321/00013,2,P103559,1,370.21,SALE,21-03-2024 18:08:27,S09,20240321
S09/20240321/00013,3,P102735,2,517.39,SALE,21-03-2024 18:08:27,S09,20240321
S09/20240321/00013,4,TAX,1,228.87,TAX,21-03-2024 18:08:27,S09,20240321
S09/20240321/00013,5,TENDER,1,1767.76,TENDER,21-03-2024 18:08:27,S09,20240321
S09/20240321/00014,1,P106885,2,132.48,SALE,21-03-2024 09:45:28,S09,20240321
S09/20240321/00014,2,P105288,2,239.51,SALE,21-03-2024 09:45:28,S09,20240321
S09/20240321/00014,3,P101272,1,87.22,SALE,21-03-2024 09:45:28,S09,20240321
S09/20240321/00014,4,P107740,2,1366.88,SALE,21-03-2024 09:45:28,S09,20240321
S09/20240321/00014,5,DISC,1,-355.81,DISCOUNT,21-03-2024 09:45:28,S09,20240321
S09/20240321/00014,6,TAX,1,342.17,TAX,21-03-2024 09:45:28,S09,20240321
S09/20240321/00014,7,TENDER,1,3551.32,TENDER,21-03-2024 09:45:28,S09,20240321
S09/20240321/00015,1,P105929,2,11.18,SALE,21-03-2024 13:29:00,S09,20240321
S09/20240321/00015,2,P103994,1,134.95,SALE,21-03-2024 13:29:00,S09,20240321
S09/20240321/00015,3,P107609,1,108.46,SALE,21-03-2024 13:29:00,S09,20240321
S09/20240321/00015,4,P104572,2,179.13,SALE,21-03-2024 13:29:00,S09,20240321
S09/20240321/00015,5,TAX,1,41.46,TAX,21-03-2024 13:29:00,S09,20240321
S09/20240321/00015,6,TENDER,1,665.49,TENDER,21-03-2024 13:29:00,S09,20240321
S09/20240321/00016,1,P106506,2,91.95,SALE,21-03-2024 13:36:33,S09,20240321
S09/20240321/00016,2,P103168,2,923.59,SALE,21-03-2024 13:36:33,S09,20240321
S09/20240321/00016,3,P103645,2,241.18,SALE,21-03-2024 13:36:33,S09,20240321
S09/20240321/00016,4,P107903,2,144.89,SALE,21-03-2024 13:36:33,S09,20240321
S09/20240321/00016,5,P107826,1,161.95,SALE,21-03-2024 13:36:33,S09,20240321
S09/20240321/00016,6,P107654,2,363.70,SALE,21-03-2024 13:36:33,S09,20240321
S09/20240321/00016,7,P105280,1,220.35,SALE,21-03-2024 13:36:33,S09,20240321
S09/20240321/00016,8,DISC,1,-455.71,DISCOUNT,21-03-2024 13:36:33,S09,20240321
S09/20240321/00016,9,TAX,1,383.79,TAX,21-03-2024 13:36:33,S09,20240321
S09/20240321/00016,10,TENDER,1,3841.00,TENDER,21-03-2024 13:36:33,S09,20240321
S09/20240321/00017,1,P105219,1,653.26,SALE,21-03-2024 07:53:31,S09,20240321
S09/20240321/00017,2,P104308,4,53.87,SALE,21-03-2024 07:53:31,S09,20240321
S09/20240321/00017,3,P104811,2,113.95,SALE,21-03-2024 07:53:31,S09,20240321
S09/20240321/00017,4,P104382,1,58.95,SALE,21-03-2024 07:53:31,S09,20240321
S09/20240321/00017,5,TAX,1,200.34,TAX,21-03-2024 07:53:31,S09,20240321
S09/20240321/00017,6,TENDER,1,1355.93,TENDER,21-03-2024 07:53:31,S09,20240321
S09/20240321/00018,1,P107449,3,1290.50,SALE,21-03-2024 17:38:35,S09,20240321
S09/20240321/00018,2,P102880,2,547.95,SALE,21-03-2024 17:38:35,S09,20240321
S09/20240321/00018,3,P103424,1,295.58,SALE,21-03-2024 17:38:35,S09,20240321
S09/20240321/00018,4,P102682,3,95.25,SALE,21-03-2024 17:38:35,S09,20240321
S09/20240321/00018,5,P103438,2,187.96,SALE,21-03-2024 17:38:35,S09,20240321
S09/20240321/00018,6,TAX,1,587.93,TAX,21-03-2024 17:38:35,S09,20240321
S09/20240321/00018,7,TENDER,1,6512.58,TENDER,21-03-2024 17:38:35,S09,20240321
S09/20240321/00019,1,P101062,1,47.97,SALE,21-03-2024 13:36:19,S09,20240321
S09/20240321/00019,2,P100921,3,435.95,SALE,21-03-2024 13:36:19,S09,20240321
S09/20240321/00019,3,P106228,3,43.95,SALE,21-03-2024 13:36:19,S09,20240321
S09/20240321/00019,4,TAX,1,261.54,TAX,21-03-2024 13:36:19,S09,20240321
S09/20240321/00019,5,TENDER,1,1749.21,TENDER,21-03-2024 13:36:19,S09,20240321
S09/20240321/00020,1,P102695,3,1254.95,SALE,21-03-2024 14:30:49,S09,20240321
S09/20240321/00020,2,P103496,1,70.71,SALE,21-03-2024 14:30:49,S09,20240321
S09/20240321/00020,3,P106599,2,224.95,SALE,21-03-2024 14:30:49,S09,20240321
S09/20240321/00020,4,P104844,1,530.87,SALE,21-03-2024 14:30:49,S09,20240321
S09/20240321/00020,5,TAX,1,513.55,TAX,21-03-2024 14:30:49,S09,20240321
S09/20240321/00020,6,TENDER,1,5329.88,TENDER,21-03-2024 14:30:49,S09,20240321
S09/20240321/00021,1,P104554,1,437.01,SALE,21-03-2024 12:15:01,S09,20240321
S09/20240321/00021,2,P101481,1,42.95,SALE,21-03-2024 12:15:01,S09,20240321
S09/20240321/00021,3,P102626,3,344.82,SALE,21-03-2024 12:15:01,S09,20240321
S09/20240321/00021,4,P100483,2,819.95,SALE,21-03-2024 12:15:01,S09,20240321
S09/20240321/00021,5,P105365,4,399.23,SALE,21-03-2024 12:15:01,S09,20240321
S09/20240321/00021,6,P102166,1,45.95,SALE,21-03-2024 12:15:01,S09,20240321
S09/20240321/00021,7,TAX,1,378.63,TAX,21-03-2024 12:15:01,S09,20240321
S09/20240321/00021,8,TENDER,1,5175.82,TENDER,21-03-2024 12:15:01,S09,20240321
S09/20240321/00022,1,P105394,-2,335.45,RETURN,21-03-2024 23:39:30,S09,20240321
S09/20240321/00022,2,P106900,-3,179.85,RETURN,21-03-2024 23:39:30,S09,20240321
S09/20240321/00022,3,P107848,-1,267.41,RETURN,21-03-2024 23:39:30,S09,20240321
S09/20240321/00022,4,P102409,-1,381.29,RETURN,21-03-2024 23:39:30,S09,20240321
S09/20240321/00022,5,P101034,-4,85.95,RETURN,21-03-2024 23:39:30,S09,20240321
S09/20240321/00022,6,TAX,1,-221.43,TAX,21-03-2024 23:39:30,S09,20240321
S09/20240321/00022,7,TENDER,1,-2424.38,TENDER,21-03-2024 23:39:30,S09,20240321
S09/20240321/00023,1,P104944,3,42.95,SALE,21-03-2024 13:51:49,S09,20240321
S09/20240321/00023,2,P104739,3,172.21,SALE,21-03-2024 13:51:49,S09,20240321
S09/20240321/00023,3,P103096,1,277.95,SALE,21-03-2024 13:51:49,S09,20240321
S09/20240321/00023,4,P105835,3,243.66,SALE,21-03-2024 13:51:49,S09,20240321
S09/20240321/00023,5,P102975,1,226.32,SALE,21-03-2024 13:51:49,S09,20240321
S09/20240321/00023,6,TAX,1,243.50,TAX,21-03-2024 13:51:49,S09,20240321
S09/20240321/00023,7,TENDER,1,2124.23,TENDER,21-03-2024 13:51:49,S09,20240321
S09/20240321/00024,1,P108179,2,266.27,SALE,21-03-2024 12:12:47,S09,20240321
S09/20240321/00024,2,P106123,1,244.95,SALE,21-03-2024 12:12:47,S09,20240321
S09/20240321/00024,3,P103159,2,1193.28,SALE,21-03-2024 12:12:47,S09,20240321
S09/20240321/00024,4,P101470,1,155.81,SALE,21-03-2024 12:12:47,S09,20240321
S09/20240321/00024,5,P103081,2,480.46,SALE,21-03-2024 12:12:47,S09,20240321
S09/20240321/00024,6,TAX,1,236.87,TAX,21-03-2024 12:12:47,S09,20240321
S09/20240321/00024,7,TENDER,1,4517.65,TENDER,21-03-2024 12:12:47,S09,20240321
S09/20240322/00001,1,P104160,2,258.87,SALE,22-03-2024 15:59:20,S09,20240322
S09/20240322/00001,2,P101440,2,234.68,SALE,22-03-2024 15:59:20,S09,20240322
S09/20240322/00001,3,P101184,2,55.55,SALE,22-03-2024 15:59:20,S09,20240322
S09/20240322/00001,4,TAX,1,13.33,TAX,22-03-2024 15:59:20,S09,20240322
S09/20240322/00001,5,TENDER,1,1111.53,TENDER,22-03-2024 15:59:20,S09,20240322
S09/20240322/00002,1,P100889,2,976.95,SALE,22-03-2024 16:47:04,S09,20240322
S09/20240322/00002,2,P107859,4,130.84,SALE,22-03-2024 16:47:04,S09,20240322
S09/20240322/00002,3,P101134,4,1001.95,SALE,22-03-2024 16:47:04,S09,20240322
S09/20240322/00002,4,P100150,2,280.80,SALE,22-03-2024 16:47:04,S09,20240322
S09/20240322/00002,5,P104600,2,48.49,SALE,22-03-2024 16:47:04,S09,20240322
S09/20240322/00002,6,P104593,3,867.34,SALE,22-03-2024 16:47:04,S09,20240322
S09/20240322/00002,7,P107231,1,1193.22,SALE,22-03-2024 16:47:04,S09,20240322
S09/20240322/00002,8,TAX,1,469.03,TAX,22-03-2024 16:47:04,S09,20240322
S09/20240322/00002,9,TENDER,1,11407.91,TENDER,22-03-2024 16:47:04,S09,20240322
S09/20240322/00003,1,P107925,3,1023.82,SALE,22-03-2024 18:23:37,S09,20240322
S09/20240322/00003,2,P106258,2,423.67,SALE,22-03-2024 18:23:37,S09,20240322
S09/20240322/00003,3,P107822,2,68.95,SALE,22-03-2024 18:23:37,S09,20240322
S09/20240322/00003,4,P101174,1,50.10,SALE,22-03-2024 18:23:37,S09,20240322
S09/20240322/00003,5,TAX,1,223.27,TAX,22-03-2024 18:23:37,S09,20240322
S09/20240322/00003,6,TENDER,1,4330.07,TENDER,22-03-2024 18:23:37,S09,20240322
S09/20240322/00004,1,P104485,1,582.09,SALE,22-03-2024 13:38:32,S09,20240322
S09/20240322/00004,2,P100640,1,330.95,SALE,22-03-2024 13:38:32,S09,20240322
S09/20240322/00004,3,P103074,1,52.85,SALE,22-03-2024 13:38:32,S09,20240322
S09/20240322/00004,4,P108335,1,153.41,SALE,22-03-2024 13:38:32,S09,20240322
S09/20240322/00004,5,P106200,2,117.95,SALE,22-03-2024 13:38:32,S09,20240322
S09/20240322/00004,6,P104435,4,407.95,SALE,22-03-2024 13:38:32,S09,20240322
S09/20240322/00004,7,P102913,2,347.82,SALE,22-03-2024 13:38:32,S09,20240322
S09/20240322/00004,8,P105603,2,193.95,SALE,22-03-2024 13:38:32,S09,20240322
S09/20240322/00004,9,P102321,2,27.09,SALE,22-03-2024 13:38:32,S09,20240322
S09/20240322/00004,10,P107446,1,561.07,SALE,22-03-2024 13:38:32,S09,20240322
S09/20240322/00004,11,TAX,1,603.99,TAX,22-03-2024 13:38:32,S09,20240322
S09/20240322/00004,12,TENDER,1,5289.78,TENDER,22-03-2024 13:38:32,S09,20240322
S09/20240322/00005,1,P105775,1,104.41,SALE,22-03-2024 22:27:37,S09,20240322
S09/20240322/00005,2,P102559,3,86.19,SALE,22-03-2024 22:27:37,S09,20240322
S09/20240322/00005,3,P103542,1,398.89,SALE,22-03-2024 22:27:37,S09,20240322
S09/20240322/00005,4,P103054,1,104.95,SALE,22-03-2024 22:27:37,S09,20240322
S09/20240322/00005,5,TAX,1,60.80,TAX,22-03-2024 22:27:37,S09,20240322
S09/20240322/00005,6,TENDER,1,927.62,TENDER,22-03-2024 22:27:37,S09,20240322
S09/20240322/00006,1,P101515,2,53.95,SALE,22-03-2024 13:32:46,S09,20240322
S09/20240322/00006,2,P101955,1,356.95,SALE,22-03-2024 13:32:46,S09,20240322
S09/20240322/00006,3,TAX,1,64.25,TAX,22-03-2024 13:32:46,S09,20240322
S09/20240322/00006,4,TENDER,1,529.10,TENDER,22-03-2024 13:32:46,S09,20240322
S09/20240322/00007,1,P100791,3,40.18,SALE,22-03-2024 10:16:39,S09,20240322
S09/20240322/00007,2,P105198,2,14.08,SALE,22-03-2024 10:16:39,S09,20240322
S09/20240322/00007,3,P101955,1,356.95,SALE,22-03-2024 10:16:39,S09,20240322
S09/20240322/00007,4,TAX,1,73.66,TAX,22-03-2024 10:16:39,S09,20240322
S09/20240322/00007,5,TENDER,1,579.31,TENDER,22-03-2024 10:16:39,S09,20240322
S09/20240322/00008,1,P103794,2,729.86,SALE,22-03-2024 12:59:03,S09,20240322
S09/20240322/00008,2,TAX,1,72.99,TAX,22-03-2024 12:59:03,S09,20240322
S09/20240322/00008,3,TENDER,1,1532.71,TENDER,22-03-2024 12:59:03,S09,20240322
S09/20240322/00009,1,P106317,-3,423.01,RETURN,22-03-2024 12:20:50,S09,20240322
S09/20240322/00009,2,P103682,-2,372.67,RETURN,22-03-2024 12:20:50,S09,20240322
S09/20240322/00009,3,P105901,-3,73.95,RETURN,22-03-2024 12:20:50,S09,20240322
S09/20240322/00009,4,P107880,-3,307.95,RETURN,22-03-2024 12:20:50,S09,20240322
S09/20240322/00009,5,TAX,1,-359.26,TAX,22-03-2024 12:20:50,S09,20240322
S09/20240322/00009,6,TENDER,1,-3519.33,TENDER,22-03-2024 12:20:50,S09,20240322
S09/20240322/00010,1,P105855,2,128.68,SALE,22-03-2024 11:48:51,S09,20240322
S09/20240322/00010,2,P101925,1,181.41,SALE,22-03-2024 11:48:51,S09,20240322
S09/20240322/00010,3,P106133,4,307.37,SALE,22-03-2024 11:48:51,S09,20240322
S09/20240322/00010,4,P100035,3,1456.57,SALE,22-03-2024 11:48:51,S09,20240322
S09/20240322/00010,5,P107110,2,76.95,SALE,22-03-2024 11:48:51,S09,20240322
S09/20240322/00010,6,P105553,3,739.86,SALE,22-03-2024 11:48:51,S09,20240322
S09/20240322/00010,7,P106679,1,172.95,SALE,22-03-2024 11:48:51,S09,20240322
S09/20240322/00010,8,P102389,2,74.34,SALE,22-03-2024 11:48:51,S09,20240322
S09/20240322/00010,9,P106671,1,101.77,SALE,22-03-2024 11:48:51,S09,20240322
S09/20240322/00010,10,TAX,1,1117.10,TAX,22-03-2024 11:48:51,S09,20240322
S09/20240322/00010,11,TENDER,1,9951.94,TENDER,22-03-2024 11:48:51,S09,20240322
S09/20240322/00011,1,P108008,4,128.46,SALE,22-03-2024 17:05:54,S09,20240322
S09/20240322/00011,2,P106490,2,574.62,SALE,22-03-2024 17:05:54,S09,20240322
S09/20240322/00011,3,P101481,2,42.95,SALE,22-03-2024 17:05:54,S09,20240322
S09/20240322/00011,4,P102993,2,293.96,SALE,22-03-2024 17:05:54,S09,20240322
S09/20240322/00011,5,DISC,1,-111.94,DISCOUNT,22-03-2024 17:05:54,S09,20240322
S09/20240322/00011,6,TAX,1,120.14,TAX,22-03-2024 17:05:54,S09,20240322
S09/20240322/00011,7,TENDER,1,2345.10,TENDER,22-03-2024 17:05:54,S09,20240322
S09/20240322/00012,1,P107872,1,554.95,SALE,22-03-2024 16:44:11,S09,20240322
S09/20240322/00012,2,P106200,2,117.95,SALE,22-03-2024 16:44:11,S09,20240322
S09/20240322/00012,3,P100509,2,143.38,SALE,22-03-2024 16:44:11,S09,20240322
S09/20240322/00012,4,P102886,2,140.12,SALE,22-03-2024 16:44:11,S09,20240322
S09/20240322/00012,5,TAX,1,84.41,TAX,22-03-2024 16:44:11,S09,20240322
S09/20240322/00012,6,TENDER,1,1442.26,TENDER,22-03-2024 16:44:11,S09,20240322
S09/20240322/00013,1,P101813,2,237.06,SALE,22-03-2024 15:35:24,S09,20240322
S09/20240322/00013,2,P101925,1,181.41,SALE,22-03-2024 15:35:24,S09,20240322
S09/20240322/00013,3,P104435,1,407.95,SALE,22-03-2024 15:35:24,S09,20240322
S09/20240322/00013,4,P104533,1,256.47,SALE,22-03-2024 15:35:24,S09,20240322
S09/20240322/00013,5,P101332,3,400.98,SALE,22-03-2024 15:35:24,S09,20240322
S09/20240322/00013,6,P106434,1,165.67,SALE,22-03-2024 15:35:24,S09,20240322
S09/20240322/00013,7,P102581,1,189.36,SALE,22-03-2024 15:35:24,S09,20240322
S09/20240322/00013,8,TAX,1,340.31,TAX,22-03-2024 15:35:24,S09,20240322
S09/20240322/00013,9,TENDER,1,3218.23,TENDER,22-03-2024 15:35:24,S09,20240322
S09/20240322/00014,1,P102566,3,415.94,SALE,22-03-2024 18:57:10,S09,20240322
S09/20240322/00014,2,P100703,1,164.26,SALE,22-03-2024 18:57:10,S09,20240322
S09/20240322/00014,3,P100077,2,181.42,SALE,22-03-2024 18:57:10,S09,20240322
S09/20240322/00014,4,P103922,4,45.95,SALE,22-03-2024 18:57:10,S09,20240322
S09/20240322/00014,5,TAX,1,133.33,TAX,22-03-2024 18:57:10,S09,20240322
S09/20240322/00014,6,TENDER,1,2092.05,TENDER,22-03-2024 18:57:10,S09,20240322
S09/20240322/00015,1,P101904,2,634.24,SALE,22-03-2024 15:38:17,S09,20240322
S09/20240322/00015,2,P102045,2,21.31,SALE,22-03-2024 15:38:17,S09,20240322
S09/20240322/00015,3,P104242,1,275.95,SALE,22-03-2024 15:38:17,S09,20240322
S09/20240322/00015,4,P106844,2,22.95,SALE,22-03-2024 15:38:17,S09,20240322
S09/20240322/00015,5,P104382,1,58.95,SALE,22-03-2024 15:38:17,S09,20240322
S09/20240322/00015,6,TAX,1,280.32,TAX,22-03-2024 15:38:17,S09,20240322
S09/20240322/00015,7,TENDER,1,1972.22,TENDER,22-03-2024 15:38:17,S09,20240322
S09/20240322/00016,1,P102324,2,194.59,SALE,22-03-2024 23:02:03,S09,20240322
S09/20240322/00016,2,P103896,2,200.95,SALE,22-03-2024 23:02:03,S09,20240322
S09/20240322/00016,3,P108379,2,305.48,SALE,22-03-2024 23:02:03,S09,20240322
S09/20240322/00016,4,P100453,3,195.74,SALE,22-03-2024 23:02:03,S09,20240322
S09/20240322/00016,5,TAX,1,235.58,TAX,22-03-2024 23:02:03,S09,20240322
S09/20240322/00016,6,TENDER,1,2224.84,TENDER,22-03-2024 23:02:03,S09,20240322
S09/20240322/00017,1,P107145,3,235.69,SALE,22-03-2024 17:26:04,S09,20240322
S09/20240322/00017,2,P108247,2,242.95,SALE,22-03-2024 17:26:04,S09,20240322
S09/20240322/00017,3,P104541,3,144.95,SALE,22-03-2024 17:26:04,S09,20240322
S09/20240322/00017,4,P101052,3,198.99,SALE,22-03-2024 17:26:04,S09,20240322
S09/20240322/00017,5,TAX,1,301.51,TAX,22-03-2024 17:26:04,S09,20240322
S09/20240322/00017,6,TENDER,1,2526.30,TENDER,22-03-2024 17:26:04,S09,20240322
S09/20240322/00018,1,P103792,1,26.45,SALE,22-03-2024 18:32:50,S09,20240322
S09/20240322/00018,2,P108017,1,103.22,SALE,22-03-2024 18:32:50,S09,20240322
S09/20240322/00018,3,TAX,1,1.32,TAX,22-03-2024 18:32:50,S09,20240322
S09/20240322/00018,4,TENDER,1,130.99,TENDER,22-03-2024 18:32:50,S09,20240322
S09/20240322/00019,1,P104975,2,496.12,SALE,22-03-2024 12:32:04,S09,20240322
S09/20240322/00019,2,P100665,3,281.09,SALE,22-03-2024 12:32:04,S09,20240322
S09/20240322/00019,3,P101279,2,224.83,SALE,22-03-2024 12:32:04,S09,20240322
S09/20240322/00019,4,P103062,1,177.19,SALE,22-03-2024 12:32:04,S09,20240322
S09/20240322/00019,5,P101465,1,550.58,SALE,22-03-2024 12:32:04,S09,20240322
S09/20240322/00019,6,TAX,1,209.16,TAX,22-03-2024 12:32:04,S09,20240322
S09/20240322/00019,7,TENDER,1,3222.10,TENDER,22-03-2024 12:32:04,S09,20240322
S09/20240322/00020,1,P102460,1,548.91,SALE,22-03-2024 13:32:54,S09,20240322
S09/20240322/00020,2,P100736,2,700.87,SALE,22-03-2024 13:32:54,S09,20240322
S09/20240322/00020,3,P105139,2,100.45,SALE,22-03-2024 13:32:54,S09,20240322
S09/20240322/00020,4,P102335,2,94.25,SALE,22-03-2024 13:32:54,S09,20240322
S09/20240322/00020,5,P102460,-1,548.91,VOID,22-03-2024 13:32:54,S09,20240322
S09/20240322/00020,6,P100736,-2,700.87,VOID,22-03-2024 13:32:54,S09,20240322
S09/20240322/00020,7,P105139,-2,100.45,VOID,22-03-2024 13:32:54,S09,20240322
S09/20240322/00020,8,P102335,-2,94.25,VOID,22-03-2024 13:32:54,S09,20240322
S09/20240322/00020,9,TAX,1,0.00,TAX,22-03-2024 13:32:54,S09,20240322
S09/20240322/00020,10,TENDER,1,0.00,TENDER,22-03-2024 13:32:54,S09,20240322
S09/20240322/00021,1,P107775,2,733.56,SALE,22-03-2024 14:20:42,S09,20240322
S09/20240322/00021,2,P107759,1,229.95,SALE,22-03-2024 14:20:42,S09,20240322
S09/20240322/00021,3,TAX,1,73.36,TAX,22-03-2024 14:20:42,S09,20240322
S09/20240322/00021,4,TENDER,1,1770.43,TENDER,22-03-2024 14:20:42,S09,20240322
S09/20240322/00022,1,P102465,1,1321.88,SALE,22-03-2024 15:37:04,S09,20240322
S09/20240322/00022,2,P101766,1,189.95,SALE,22-03-2024 15:37:04,S09,20240322
S09/20240322/00022,3,P100640,2,330.95,SALE,22-03-2024 15:37:04,S09,20240322
S09/20240322/00022,4,P106984,2,26.90,SALE,22-03-2024 15:37:04,S09,20240322
S09/20240322/00022,5,P107449,2,1290.50,SALE,22-03-2024 15:37:04,S09,20240322
S09/20240322/00022,6,DISC,1,-409.36,DISCOUNT,22-03-2024 15:37:04,S09,20240322
S09/20240322/00022,7,TAX,1,439.80,TAX,22-03-2024 15:37:04,S09,20240322
S09/20240322/00022,8,TENDER,1,4838.97,TENDER,22-03-2024 15:37:04,S09,20240322
S09/20240322/00023,1,P100438,4,64.40,SALE,22-03-2024 16:59:27,S09,20240322
S09/20240322/00023,2,P107217,1,259.95,SALE,22-03-2024 16:59:27,S09,20240322
S09/20240322/00023,3,P105614,1,652.27,SALE,22-03-2024 16:59:27,S09,20240322
S09/20240322/00023,4,P106399,3,1107.95,SALE,22-03-2024 16:59:27,S09,20240322
S09/20240322/00023,5,P106731,1,142.59,SALE,22-03-2024 16:59:27,S09,20240322
S09/20240322/00023,6,P102494,2,13.15,SALE,22-03-2024 16:59:27,S09,20240322
S09/20240322/00023,7,TAX,1,565.08,TAX,22-03-2024 16:59:27,S09,20240322
S09/20240322/00023,8,TENDER,1,5227.64,TENDER,22-03-2024 16:59:27,S09,20240322
S09/20240322/00024,1,P104802,2,194.24,SALE,22-03-2024 19:44:56,S09,20240322
S09/20240322/00024,2,P103964,2,129.59,SALE,22-03-2024 19:44:56,S09,20240322
S09/20240322/00024,3,DISC,1,-61.07,DISCOUNT,22-03-2024 19:44:56,S09,20240322
S09/20240322/00024,4,TAX,1,75.07,TAX,22-03-2024 19:44:56,S09,20240322
S09/20240322/00024,5,TENDER,1,661.66,TENDER,22-03-2024 19:44:56,S09,20240322
S09/20240322/00025,1,P107775,1,733.56,SALE,22-03-2024 17:10:20,S09,20240322
S09/20240322/00025,2,P104544,1,93.89,SALE,22-03-2024 17:10:20,S09,20240322
S09/20240322/00025,3,P102409,2,381.29,SALE,22-03-2024 17:10:20,S09,20240322
S09/20240322/00025,4,TAX,1,79.50,TAX,22-03-2024 17:10:20,S09,20240322
S09/20240322/00025,5,TENDER,1,1669.53,TENDER,22-03-2024 17:10:20,S09,20240322
S09/20240322/00026,1,P102096,1,1101.93,SALE,22-03-2024 14:29:46,S09,20240322
S09/20240322/00026,2,P102664,2,256.95,SALE,22-03-2024 14:29:46,S09,20240322
S09/20240322/00026,3,P103222,1,317.95,SALE,22-03-2024 14:29:46,S09,20240322
S09/20240322/00026,4,P100183,1,1426.11,SALE,22-03-2024 14:29:46,S09,20240322
S09/20240322/00026,5,P102761,2,159.81,SALE,22-03-2024 14:29:46,S09,20240322
S09/20240322/00026,6,P100106,2,287.42,SALE,22-03-2024 14:29:46,S09,20240322
S09/20240322/00026,7,TAX,1,537.49,TAX,22-03-2024 14:29:46,S09,20240322
S09/20240322/00026,8,TENDER,1,4791.84,TENDER,22-03-2024 14:29:46,S09,20240322
S09/20240323/00001,1,P100921,1,435.95,SALE,23-03-2024 14:45:59,S09,20240323
S09/20240323/00001,2,P104944,2,42.95,SALE,23-03-2024 14:45:59,S09,20240323
S09/20240323/00001,3,P104872,3,132.95,SALE,23-03-2024 14:45:59,S09,20240323
S09/20240323/00001,4,P101393,2,32.95,SALE,23-03-2024 14:45:59,S09,20240323
S09/20240323/00001,5,P103040,1,402.85,SALE,23-03-2024 14:45:59,S09,20240323
S09/20240323/00001,6,P107231,4,1193.22,SALE,23-03-2024 14:45:59,S09,20240323
S09/20240323/00001,7,TAX,1,217.60,TAX,23-03-2024 14:45:59,S09,20240323
S09/20240323/00001,8,TENDER,1,6379.93,TENDER,23-03-2024 14:45:59,S09,20240323
S09/20240323/00002,1,P103816,2,209.63,SALE,23-03-2024 20:31:05,S09,20240323
S09/20240323/00002,2,P105302,3,258.62,SALE,23-03-2024 20:31:05,S09,20240323
S09/20240323/00002,3,P105988,1,26.95,SALE,23-03-2024 20:31:05,S09,20240323
S09/20240323/00002,4,P108221,2,51.41,SALE,23-03-2024 20:31:05,S09,20240323
S09/20240323/00002,5,P101851,2,1750.29,SALE,23-03-2024 20:31:05,S09,20240323
S09/20240323/00002,6,P101064,3,35.56,SALE,23-03-2024 20:31:05,S09,20240323
S09/20240323/00002,7,P103563,2,21.95,SALE,23-03-2024 20:31:05,S09,20240323
S09/20240323/00002,8,TAX,1,161.22,TAX,23-03-2024 20:31:05,S09,20240323
S09/20240323/00002,9,TENDER,1,5137.27,TENDER,23-03-2024 20:31:05,S09,20240323
S09/20240323/00003,1,P100348,2,478.95,SALE,23-03-2024 17:54:41,S09,20240323
S09/20240323/00003,2,P102236,1,933.52,SALE,23-03-2024 17:54:41,S09,20240323
S09/20240323/00003,3,P105009,2,65.38,SALE,23-03-2024 17:54:41,S09,20240323
S09/20240323/00003,4,P100933,1,257.95,SALE,23-03-2024 17:54:41,S09,20240323
S09/20240323/00003,5,P101859,4,64.92,SALE,23-03-2024 17:54:41,S09,20240323
S09/20240323/00003,6,P104938,3,999.94,SALE,23-03-2024 17:54:41,S09,20240323
S09/20240323/00003,7,TAX,1,555.68,TAX,23-03-2024 17:54:41,S09,20240323
S09/20240323/00003,8,TENDER,1,6095.31,TENDER,23-03-2024 17:54:41,S09,20240323
S09/20240323/00004,1,P106522,1,208.95,SALE,23-03-2024 14:37:05,S09,20240323
S09/20240323/00004,2,P100819,2,1140.00,SALE,23-03-2024 14:37:05,S09,20240323
S09/20240323/00004,3,P108300,1,260.37,SALE,23-03-2024 14:37:05,S09,20240323
S09/20240323/00004,4,P103732,1,94.74,SALE,23-03-2024 14:37:05,S09,20240323
S09/20240323/00004,5,P103530,1,427.69,SALE,23-03-2024 14:37:05,S09,20240323
S09/20240323/00004,6,TAX,1,139.04,TAX,23-03-2024 14:37:05,S09,20240323
S09/20240323/00004,7,TENDER,1,3410.79,TENDER,23-03-2024 14:37:05,S09,20240323
S09/20240323/00005,1,P105479,2,237.28,SALE,23-03-2024 14:33:17,S09,20240323
S09/20240323/00005,2,P101990,1,408.52,SALE,23-03-2024 14:33:17,S09,20240323
S09/20240323/00005,3,P100441,2,419.95,SALE,23-03-2024 14:33:17,S09,20240323
S09/20240323/00005,4,P105069,1,162.60,SALE,23-03-2024 14:33:17,S09,20240323
S09/20240323/00005,5,TAX,1,236.03,TAX,23-03-2024 14:33:17,S09,20240323
S09/20240323/00005,6,TENDER,1,2121.61,TENDER,23-03-2024 14:33:17,S09,20240323
S09/20240323/00006,1,P105490,2,154.49,SALE,23-03-2024 16:55:20,S09,20240323
S09/20240323/00006,2,P101410,1,798.18,SALE,23-03-2024 16:55:20,S09,20240323
S09/20240323/00006,3,P102833,2,680.71,SALE,23-03-2024 16:55:20,S09,20240323
S09/20240323/00006,4,P105772,2,539.31,SALE,23-03-2024 16:55:20,S09,20240323
S09/20240323/00006,5,P105575,2,430.13,SALE,23-03-2024 16:55:20,S09,20240323
S09/20240323/00006,6,TAX,1,456.63,TAX,23-03-2024 16:55:20,S09,20240323
S09/20240323/00006,7,TENDER,1,4864.09,TENDER,23-03-2024 16:55:20,S09,20240323
S09/20240323/00007,1,P103259,5,298.27,SALE,23-03-2024 15:01:03,S09,20240323
S09/20240323/00007,2,P103137,3,218.09,SALE,23-03-2024 15:01:03,S09,20240323
S09/20240323/00007,3,P102982,1,263.07,SALE,23-03-2024 15:01:03,S09,20240323
S09/20240323/00007,4,P103337,5,79.95,SALE,23-03-2024 15:01:03,S09,20240323
S09/20240323/00007,5,TAX,1,145.85,TAX,23-03-2024 15:01:03,S09,20240323
S09/20240323/00007,6,TENDER,1,2954.29,TENDER,23-03-2024 15:01:03,S09,20240323
S09/20240323/00008,1,P101622,3,259.77,SALE,23-03-2024 15:57:31,S09,20240323
S09/20240323/00008,2,P101990,1,408.52,SALE,23-03-2024 15:57:31,S09,20240323
S09/20240323/00008,3,P106592,3,690.17,SALE,23-03-2024 15:57:31,S09,20240323
S09/20240323/00008,4,P106720,2,126.28,SALE,23-03-2024 15:57:31,S09,20240323
S09/20240323/00008,5,TAX,1,236.97,TAX,23-03-2024 15:57:31,S09,20240323
S09/20240323/00008,6,TENDER,1,3747.87,TENDER,23-03-2024 15:57:31,S09,20240323
S09/20240323/00009,1,P105017,2,193.22,SALE,23-03-2024 13:33:35,S09,20240323
S09/20240323/00009,2,P101923,1,484.95,SALE,23-03-2024 13:33:35,S09,20240323
S09/20240323/00009,3,P101305,4,119.82,SALE,23-03-2024 13:33:35,S09,20240323
S09/20240323/00009,4,P105997,2,115.85,SALE,23-03-2024 13:33:35,S09,20240323
S09/20240323/00009,5,P107003,3,1186.93,SALE,23-03-2024 13:33:35,S09,20240323
S09/20240323/00009,6,P102502,3,366.79,SALE,23-03-2024 13:33:35,S09,20240323
S09/20240323/00009,7,TAX,1,452.77,TAX,23-03-2024 13:33:35,S09,20240323
S09/20240323/00009,8,TENDER,1,6696.30,TENDER,23-03-2024 13:33:35,S09,20240323
S09/20240323/00010,1,P104858,2,297.94,SALE,23-03-2024 14:14:05,S09,20240323
S09/20240323/00010,2,P101237,2,260.17,SALE,23-03-2024 14:14:05,S09,20240323
S09/20240323/00010,3,P107848,1,267.41,SALE,23-03-2024 14:14:05,S09,20240323
S09/20240323/00010,4,P107400,5,282.29,SALE,23-03-2024 14:14:05,S09,20240323
S09/20240323/00010,5,TAX,1,401.38,TAX,23-03-2024 14:14:05,S09,20240323
S09/20240323/00010,6,TENDER,1,3196.46,TENDER,23-03-2024 14:14:05,S09,20240323
S09/20240323/00011,1,P107605,2,1290.76,SALE,23-03-2024 18:30:07,S09,20240323
S09/20240323/00011,2,P103406,2,1154.48,SALE,23-03-2024 18:30:07,S09,20240323
S09/20240323/00011,3,P102738,1,481.95,SALE,23-03-2024 18:30:07,S09,20240323
S09/20240323/00011,4,P106367,3,650.25,SALE,23-03-2024 18:30:07,S09,20240323
S09/20240323/00011,5,P102724,4,354.69,SALE,23-03-2024 18:30:07,S09,20240323
S09/20240323/00011,6,P108356,1,189.09,SALE,23-03-2024 18:30:07,S09,20240323
S09/20240323/00011,7,P101751,2,506.12,SALE,23-03-2024 18:30:07,S09,20240323
S09/20240323/00011,8,P102175,3,191.56,SALE,23-03-2024 18:30:07,S09,20240323
S09/20240323/00011,9,P107292,1,324.95,SALE,23-03-2024 18:30:07,S09,20240323
S09/20240323/00011,10,TAX,1,1241.49,TAX,23-03-2024 18:30:07,S09,20240323
S09/20240323/00011,11,TENDER,1,12084.39,TENDER,23-03-2024 18:30:07,S09,20240323
S09/20240323/00012,1,P104401,1,208.95,SALE,23-03-2024 15:39:05,S09,20240323
S09/20240323/00012,2,P100560,4,192.67,SALE,23-03-2024 15:39:05,S09,20240323
S09/20240323/00012,3,DISC,1,-78.15,DISCOUNT,23-03-2024 15:39:05,S09,20240323
S09/20240323/00012,4,TAX,1,108.18,TAX,23-03-2024 15:39:05,S09,20240323
S09/20240323/00012,5,TENDER,1,1009.66,TENDER,23-03-2024 15:39:05,S09,20240323
S09/20240323/00013,1,P106783,2,87.95,SALE,23-03-2024 13:44:04,S09,20240323
S09/20240323/00013,2,P101940,1,185.49,SALE,23-03-2024 13:44:04,S09,20240323
S09/20240323/00013,3,P107815,5,106.85,SALE,23-03-2024 13:44:04,S09,20240323
S09/20240323/00013,4,P101345,1,69.59,SALE,23-03-2024 13:44:04,S09,20240323
S09/20240323/00013,5,TAX,1,121.51,TAX,23-03-2024 13:44:04,S09,20240323
S09/20240323/00013,6,TENDER,1,1086.74,TENDER,23-03-2024 13:44:04,S09,20240323
S09/20240323/00014,1,P105167,4,826.20,SALE,23-03-2024 12:49:18,S09,20240323
S09/20240323/00014,2,P101961,3,679.58,SALE,23-03-2024 12:49:18,S09,20240323
S09/20240323/00014,3,P104842,2,357.87,SALE,23-03-2024 12:49:18,S09,20240323
S09/20240323/00014,4,P103243,2,195.61,SALE,23-03-2024 12:49:18,S09,20240323
S09/20240323/00014,5,P106282,1,440.95,SALE,23-03-2024 12:49:18,S09,20240323
S09/20240323/00014,6,P107472,2,60.81,SALE,23-03-2024 12:49:18,S09,20240323
S09/20240323/00014,7,P101298,1,199.67,SALE,23-03-2024 12:49:18,S09,20240323
S09/20240323/00014,8,P101592,2,280.95,SALE,23-03-2024 12:49:18,S09,20240323
S09/20240323/00014,9,TAX,1,848.22,TAX,23-03-2024 12:49:18,S09,20240323
S09/20240323/00014,10,TENDER,1,8622.86,TENDER,23-03-2024 12:49:18,S09,20240323
S09/20240323/00015,1,P107848,1,267.41,SALE,23-03-2024 10:51:00,S09,20240323
S09/20240323/00015,2,P105288,1,239.51,SALE,23-03-2024 10:51:00,S09,20240323
S09/20240323/00015,3,P106424,2,535.14,SALE,23-03-2024 10:51:00,S09,20240323
S09/20240323/00015,4,P102559,3,86.19,SALE,23-03-2024 10:51:00,S09,20240323
S09/20240323/00015,5,TAX,1,79.81,TAX,23-03-2024 10:51:00,S09,20240323
S09/20240323/00015,6,TENDER,1,1915.58,TENDER,23-03-2024 10:51:00,S09,20240323
S09/20240323/00016,1,P100019,1,62.95,SALE,23-03-2024 12:53:28,S09,20240323
S09/20240323/00016,2,P105882,2,221.21,SALE,23-03-2024 12:53:28,S09,20240323
S09/20240323/00016,3,P105453,2,393.95,SALE,23-03-2024 12:53:28,S09,20240323
S09/20240323/00016,4,P106639,3,415.94,SALE,23-03-2024 12:53:28,S09,20240323
S09/20240323/00016,5,P103012,2,256.77,SALE,23-03-2024 12:53:28,S09,20240323
S09/20240323/00016,6,P105897,1,225.21,SALE,23-03-2024 12:53:28,S09,20240323
S09/20240323/00016,7,P104827,2,164.35,SALE,23-03-2024 12:53:28,S09,20240323
S09/20240323/00016,8,P103144,1,145.27,SALE,23-03-2024 12:53:28,S09,20240323
S09/20240323/00016,9,P106254,1,1135.50,SALE,23-03-2024 12:53:28,S09,20240323
S09/20240323/00016,10,DISC,1,-463.94,DISCOUNT,23-03-2024 12:53:28,S09,20240323
S09/20240323/00016,11,TAX,1,433.04,TAX,23-03-2024 12:53:28,S09,20240323
S09/20240323/00016,12,TENDER,1,4858.41,TENDER,23-03-2024 12:53:28,S09,20240323
S09/20240323/00017,1,P102219,1,726.06,SALE,23-03-2024 18:11:26,S09,20240323
S09/20240323/00017,2,P105106,3,101.21,SALE,23-03-2024 18:11:26,S09,20240323
S09/20240323/00017,3,P106277,2,395.95,SALE,23-03-2024 18:11:26,S09,20240323
S09/20240323/00017,4,P104517,3,1474.90,SALE,23-03-2024 18:11:26,S09,20240323
S09/20240323/00017,5,TAX,1,130.55,TAX,23-03-2024 18:11:26,S09,20240323
S09/20240323/00017,6,TENDER,1,6376.84,TENDER,23-03-2024 18:11:26,S09,20240323
S09/20240323/00018,1,P105531,1,472.66,SALE,23-03-2024 13:29:36,S09,20240323
S09/20240323/00018,2,P105733,1,135.79,SALE,23-03-2024 13:29:36,S09,20240323
S09/20240323/00018,3,P100519,1,365.61,SALE,23-03-2024 13:29:36,S09,20240323
S09/20240323/00018,4,P103465,3,27.30,SALE,23-03-2024 13:29:36,S09,20240323
S09/20240323/00018,5,TAX,1,139.78,TAX,23-03-2024 13:29:36,S09,20240323
S09/20240323/00018,6,TENDER,1,1195.74,TENDER,23-03-2024 13:29:36,S09,20240323
S09/20240323/00019,1,P103461,2,104.95,SALE,23-03-2024 10:12:40,S09,20240323
S09/20240323/00019,2,P108008,2,128.46,SALE,23-03-2024 10:12:40,S09,20240323
S09/20240323/00019,3,P104733,2,627.95,SALE,23-03-2024 10:12:40,S09,20240323
S09/20240323/00019,4,P107630,3,275.41,SALE,23-03-2024 10:12:40,S09,20240323
S09/20240323/00019,5,P104462,1,86.38,SALE,23-03-2024 10:12:40,S09,20240323
S09/20240323/00019,6,TAX,1,450.54,TAX,23-03-2024 10:12:40,S09,20240323
S09/20240323/00019,7,TENDER,1,3085.87,TENDER,23-03-2024 10:12:40,S09,20240323
S09/20240323/00020,1,P102305,2,116.95,SALE,23-03-2024 17:49:16,S09,20240323
S09/20240323/00020,2,P105835,1,243.66,SALE,23-03-2024 17:49:16,S09,20240323
S09/20240323/00020,3,P101421,2,112.02,SALE,23-03-2024 17:49:16,S09,20240323
S09/20240323/00020,4,P103461,3,104.95,SALE,23-03-2024 17:49:16,S09,20240323
S09/20240323/00020,5,P100899,4,131.46,SALE,23-03-2024 17:49:16,S09,20240323
S09/20240323/00020,6,TAX,1,118.36,TAX,23-03-2024 17:49:16,S09,20240323
S09/20240323/00020,7,TENDER,1,1660.65,TENDER,23-03-2024 17:49:16,S09,20240323
S09/20240323/00021,1,P104233,2,1232.09,SALE,23-03-2024 16:24:15,S09,20240323
S09/20240323/00021,2,P108302,1,855.55,SALE,23-03-2024 16:24:15,S09,20240323
S09/20240323/00021,3,P100840,4,248.08,SALE,23-03-2024 16:24:15,S09,20240323
S09/20240323/00021,4,P105246,3,827.34,SALE,23-03-2024 16:24:15,S09,20240323
S09/20240323/00021,5,P102255,3,167.76,SALE,23-03-2024 16:24:15,S09,20240323
S09/20240323/00021,6,DISC,1,-590.11,DISCOUNT,23-03-2024 16:24:15,S09,20240323
S09/20240323/00021,7,TAX,1,430.80,TAX,23-03-2024 16:24:15,S09,20240323
S09/20240323/00021,8,TENDER,1,7138.04,TENDER,23-03-2024 16:24:15,S09,20240323
S09/20240323/00022,1,P102768,1,152.65,SALE,23-03-2024 14:59:20,S09,20240323
S09/20240323/00022,2,P107564,2,303.45,SALE,23-03-2024 14:59:20,S09,20240323
S09/20240323/00022,3,P101842,1,210.53,SALE,23-03-2024 14:59:20,S09,20240323
S09/20240323/00022,4,P100771,4,703.95,SALE,23-03-2024 14:59:20,S09,20240323
S09/20240323/00022,5,P108090,1,129.95,SALE,23-03-2024 14:59:20,S09,20240323
S09/20240323/00022,6,P101990,2,408.52,SALE,23-03-2024 14:59:20,S09,20240323
S09/20240323/00022,7,P102598,1,132.95,SALE,23-03-2024 14:59:20,S09,20240323
S09/20240323/00022,8,P102616,4,81.45,SALE,23-03-2024 14:59:20,S09,20240323
S09/20240323/00022,9,TAX,1,611.91,TAX,23-03-2024 14:59:20,S09,20240323
S09/20240323/00022,10,TENDER,1,5803.53,TENDER,23-03-2024 14:59:20,S09,20240323
S09/20240323/00023,1,P106300,3,426.71,SALE,23-03-2024 18:51:52,S09,20240323
S09/20240323/00023,2,P103682,4,372.67,SALE,23-03-2024 18:51:52,S09,20240323
S09/20240323/00023,3,P103861,3,52.95,SALE,23-03-2024 18:51:52,S09,20240323
S09/20240323/00023,4,P100298,2,47.87,SALE,23-03-2024 18:51:52,S09,20240323
S09/20240323/00023,5,P105331,2,270.95,SALE,23-03-2024 18:51:52,S09,20240323
S09/20240323/00023,6,P100827,2,1218.17,SALE,23-03-2024 18:51:52,S09,20240323
S09/20240323/00023,7,TAX,1,461.76,TAX,23-03-2024 18:51:52,S09,20240323
S09/20240323/00023,8,TENDER,1,6465.40,TENDER,23-03-2024 18:51:52,S09,20240323
S09/20240323/00024,1,P102664,1,256.95,SALE,23-03-2024 17:20:58,S09,20240323
S09/20240323/00024,2,P102682,1,95.25,SALE,23-03-2024 17:20:58,S09,20240323
S09/20240323/00024,3,TAX,1,51.01,TAX,23-03-2024 17:20:58,S09,20240323
S09/20240323/00024,4,TENDER,1,403.21,TENDER,23-03-2024 17:20:58,S09,20240323
S09/20240323/00025,1,P100057,1,215.95,SALE,23-03-2024 20:13:11,S09,20240323
S09/20240323/00025,2,P101218,1,59.95,SALE,23-03-2024 20:13:11,S09,20240323
S09/20240323/00025,3,P106027,3,1436.61,SALE,23-03-2024 20:13:11,S09,20240323
S09/20240323/00025,4,P103328,3,236.27,SALE,23-03-2024 20:13:11,S09,20240323
S09/20240323/00025,5,TAX,1,164.29,TAX,23-03-2024 20:13:11,S09,20240323
S09/20240323/00025,6,TENDER,1,5458.83,TENDER,23-03-2024 20:13:11,S09,20240323
S09/20240323/00026,1,P102857,1,114.95,SALE,23-03-2024 15:35:02,S09,20240323
S09/20240323/00026,2,P108026,3,89.33,SALE,23-03-2024 15:35:02,S09,20240323
S09/20240323/00026,3,P100840,3,248.08,SALE,23-03-2024 15:35:02,S09,20240323
S09/20240323/00026,4,P106512,1,418.86,SALE,23-03-2024 15:35:02,S09,20240323
S09/20240323/00026,5,P104858,1,297.94,SALE,23-03-2024 15:35:02,S09,20240323
S09/20240323/00026,6,P103994,3,134.95,SALE,23-03-2024 15:35:02,S09,20240323
S09/20240323/00026,7,P107414,2,539.23,SALE,23-03-2024 15:35:02,S09,20240323
S09/20240323/00026,8,P101164,1,322.78,SALE,23-03-2024 15:35:02,S09,20240323
S09/20240323/00026,9,TAX,1,426.06,TAX,23-03-2024 15:35:02,S09,20240323
S09/20240323/00026,10,TENDER,1,4076.13,TENDER,23-03-2024 15:35:02,S09,20240323
S09/20240323/00027,1,P107292,2,324.95,SALE,23-03-2024 18:22:18,S09,20240323
S09/20240323/00027,2,P107733,2,55.17,SALE,23-03-2024 18:22:18,S09,20240323
S09/20240323/00027,3,P105252,4,10.57,SALE,23-03-2024 18:22:18,S09,20240323
S09/20240323/00027,4,P101923,3,484.95,SALE,23-03-2024 18:22:18,S09,20240323
S09/20240323/00027,5,P101884,1,352.98,SALE,23-03-2024 18:22:18,S09,20240323
S09/20240323/00027,6,P103777,2,44.82,SALE,23-03-2024 18:22:18,S09,20240323
S09/20240323/00027,7,TAX,1,399.83,TAX,23-03-2024 18:22:18,S09,20240323
S09/20240323/00027,8,TENDER,1,3099.82,TENDER,23-03-2024 18:22:18,S09,20240323
S09/20240323/00028,1,P101802,4,41.95,SALE,23-03-2024 16:21:07,S09,20240323
S09/20240323/00028,2,P100308,1,277.54,SALE,23-03-2024 16:21:07,S09,20240323
S09/20240323/00028,3,P103591,2,102.70,SALE,23-03-2024 16:21:07,S09,20240323
S09/20240323/00028,4,P107053,2,524.95,SALE,23-03-2024 16:21:07,S09,20240323
S09/20240323/00028,5,P102609,2,176.55,SALE,23-03-2024 16:21:07,S09,20240323
S09/20240323/00028,6,P103054,3,104.95,SALE,23-03-2024 16:21:07,S09,20240323
S09/20240323/00028,7,TAX,1,173.53,TAX,23-03-2024 16:21:07,S09,20240323
S09/20240323/00028,8,TENDER,1,2542.12,TENDER,23-03-2024 16:21:07,S09,20240323
S09/20240323/00029,1,P101134,1,1001.95,SALE,23-03-2024 13:07:00,S09,20240323
S09/20240323/00029,2,P101825,1,168.15,SALE,23-03-2024 13:07:00,S09,20240323
S09/20240323/00029,3,P100731,2,268.30,SALE,23-03-2024 13:07:00,S09,20240323
S09/20240323/00029,4,P107555,3,1314.43,SALE,23-03-2024 13:07:00,S09,20240323
S09/20240323/00029,5,P102166,2,45.95,SALE,23-03-2024 13:07:00,S09,20240323
S09/20240323/00029,6,P106373,2,46.84,SALE,23-03-2024 13:07:00,S09,20240323
S09/20240323/00029,7,P101283,1,263.48,SALE,23-03-2024 13:07:00,S09,20240323
S09/20240323/00029,8,P105483,1,168.99,SALE,23-03-2024 13:07:00,S09,20240323
S09/20240323/00029,9,TAX,1,204.07,TAX,23-03-2024 13:07:00,S09,20240323
S09/20240323/00029,10,TENDER,1,6472.11,TENDER,23-03-2024 13:07:00,S09,20240323
S09/20240324/00001,1,P107705,1,706.38,SALE,24-03-2024 20:36:09,S09,20240324
S09/20240324/00001,2,P102691,2,210.63,SALE,24-03-2024 20:36:09,S09,20240324
S09/20240324/00001,3,P105547,2,406.95,SALE,24-03-2024 20:36:09,S09,20240324
S09/20240324/00001,4,P107795,1,286.95,SALE,24-03-2024 20:36:09,S09,20240324
S09/20240324/00001,5,P105713,1,327.34,SALE,24-03-2024 20:36:09,S09,20240324
S09/20240324/00001,6,P102546,1,69.95,SALE,24-03-2024 20:36:09,S09,20240324
S09/20240324/00001,7,P103584,1,402.02,SALE,24-03-2024 20:36:09,S09,20240324
S09/20240324/00001,8,P100198,2,156.66,SALE,24-03-2024 20:36:09,S09,20240324
S09/20240324/00001,9,P102202,1,184.86,SALE,24-03-2024 20:36:09,S09,20240324
S09/20240324/00001,10,DISC,1,-379.55,DISCOUNT,24-03-2024 20:36:09,S09,20240324
S09/20240324/00001,11,TAX,1,346.41,TAX,24-03-2024 20:36:09,S09,20240324
S09/20240324/00001,12,TENDER,1,3492.84,TENDER,24-03-2024 20:36:09,S09,20240324
S09/20240324/00002,1,P102375,2,487.64,SALE,24-03-2024 21:34:37,S09,20240324
S09/20240324/00002,2,P102272,2,373.95,SALE,24-03-2024 21:34:37,S09,20240324
S09/20240324/00002,3,P101827,1,139.26,SALE,24-03-2024 21:34:37,S09,20240324
S09/20240324/00002,4,P104023,2,553.55,SALE,24-03-2024 21:34:37,S09,20240324
S09/20240324/00002,5,P100255,1,1250.31,SALE,24-03-2024 21:34:37,S09,20240324
S09/20240324/00002,6,TAX,1,390.13,TAX,24-03-2024 21:34:37,S09,20240324
S09/20240324/00002,7,TENDER,1,4609.98,TENDER,24-03-2024 21:34:37,S09,20240324
S09/20240324/00003,1,P105003,1,285.67,SALE,24-03-2024 17:50:02,S09,20240324
S09/20240324/00003,2,P103777,4,44.82,SALE,24-03-2024 17:50:02,S09,20240324
S09/20240324/00003,3,P105855,2,128.68,SALE,24-03-2024 17:50:02,S09,20240324
S09/20240324/00003,4,P101766,1,189.95,SALE,24-03-2024 17:50:02,S09,20240324
S09/20240324/00003,5,TAX,1,96.05,TAX,24-03-2024 17:50:02,S09,20240324
S09/20240324/00003,6,TENDER,1,1008.31,TENDER,24-03-2024 17:50:02,S09,20240324
S09/20240324/00004,1,P101500,2,330.53,SALE,24-03-2024 09:19:54,S09,20240324
S09/20240324/00004,2,P101037,1,537.96,SALE,24-03-2024 09:19:54,S09,20240324
S09/20240324/00004,3,P100604,1,154.60,SALE,24-03-2024 09:19:54,S09,20240324
S09/20240324/00004,4,TAX,1,96.83,TAX,24-03-2024 09:19:54,S09,20240324
S09/20240324/00004,5,TENDER,1,1450.45,TENDER,24-03-2024 09:19:54,S09,20240324
S09/20240324/00005,1,P105394,1,335.45,SALE,24-03-2024 13:42:57,S09,20240324
S09/20240324/00005,2,P102609,1,176.55,SALE,24-03-2024 13:42:57,S09,20240324
S09/20240324/00005,3,P100956,2,421.98,SALE,24-03-2024 13:42:57,S09,20240324
S09/20240324/00005,4,DISC,1,-67.07,DISCOUNT,24-03-2024 13:42:57,S09,20240324
S09/20240324/00005,5,TAX,1,117.64,TAX,24-03-2024 13:42:57,S09,20240324
S09/20240324/00005,6,TENDER,1,1406.53,TENDER,24-03-2024 13:42:57,S09,20240324
S09/20240324/00006,1,P104361,1,1350.95,SALE,24-03-2024 15:28:19,S09,20240324
S09/20240324/00006,2,P108135,2,539.95,SALE,24-03-2024 15:28:19,S09,20240324
S09/20240324/00006,3,P108227,1,551.58,SALE,24-03-2024 15:28:19,S09,20240324
S09/20240324/00006,4,P100771,3,703.95,SALE,24-03-2024 15:28:19,S09,20240324
S09/20240324/00006,5,P108131,4,611.06,SALE,24-03-2024 15:28:19,S09,20240324
S09/20240324/00006,6,P103222,1,317.95,SALE,24-03-2024 15:28:19,S09,20240324
S09/20240324/00006,7,P107149,1,145.83,SALE,24-03-2024 15:28:19,S09,20240324
S09/20240324/00006,8,TAX,1,602.15,TAX,24-03-2024 15:28:19,S09,20240324
S09/20240324/00006,9,TENDER,1,8604.45,TENDER,24-03-2024 15:28:19,S09,20240324
S09/20240324/00007,1,P102023,1,425.67,SALE,24-03-2024 15:22:08,S09,20240324
S09/20240324/00007,2,P101690,2,1048.95,SALE,24-03-2024 15:22:08,S09,20240324
S09/20240324/00007,3,TAX,1,155.98,TAX,24-03-2024 15:22:08,S09,20240324
S09/20240324/00007,4,TENDER,1,2679.55,TENDER,24-03-2024 15:22:08,S09,20240324
S09/20240324/00008,1,P105433,2,126.03,SALE,24-03-2024 19:01:23,S09,20240324
S09/20240324/00008,2,P101613,3,109.83,SALE,24-03-2024 19:01:23,S09,20240324
S09/20240324/00008,3,P101127,1,45.95,SALE,24-03-2024 19:01:23,S09,20240324
S09/20240324/00008,4,P106984,1,26.90,SALE,24-03-2024 19:01:23,S09,20240324
S09/20240324/00008,5,P100086,4,88.95,SALE,24-03-2024 19:01:23,S09,20240324
S09/20240324/00008,6,P100999,2,153.43,SALE,24-03-2024 19:01:23,S09,20240324
S09/20240324/00008,7,P104587,2,252.25,SALE,24-03-2024 19:01:23,S09,20240324
S09/20240324/00008,8,P107137,1,31.95,SALE,24-03-2024 19:01:23,S09,20240324
S09/20240324/00008,9,P102371,2,58.36,SALE,24-03-2024 19:01:23,S09,20240324
S09/20240324/00008,10,TAX,1,149.04,TAX,24-03-2024 19:01:23,S09,20240324
S09/20240324/00008,11,TENDER,1,2119.27,TENDER,24-03-2024 19:01:23,S09,20240324
S09/20240324/00009,1,P106877,1,1012.95,SALE,24-03-2024 22:32:21,S09,20240324
S09/20240324/00009,2,P102886,1,140.12,SALE,24-03-2024 22:32:21,S09,20240324
S09/20240324/00009,3,P101272,2,87.22,SALE,24-03-2024 22:32:21,S09,20240324
S09/20240324/00009,4,P103701,2,1171.33,SALE,24-03-2024 22:32:21,S09,20240324
S09/20240324/00009,5,P105198,2,14.08,SALE,24-03-2024 22:32:21,S09,20240324
S09/20240324/00009,6,TAX,1,136.24,TAX,24-03-2024 22:32:21,S09,20240324
S09/20240324/00009,7,TENDER,1,3834.57,TENDER,24-03-2024 22:32:21,S09,20240324
S09/20240324/00010,1,P101774,3,1188.69,SALE,24-03-2024 19:14:41,S09,20240324
S09/20240324/00010,2,P108149,2,985.90,SALE,24-03-2024 19:14:41,S09,20240324
S09/20240324/00010,3,P107542,2,162.57,SALE,24-03-2024 19:14:41,S09,20240324
S09/20240324/00010,4,TAX,1,427.93,TAX,24-03-2024 19:14:41,S09,20240324
S09/20240324/00010,5,TENDER,1,6290.94,TENDER,24-03-2024 19:14:41,S09,20240324
S09/20240324/00011,1,P106577,2,46.90,SALE,24-03-2024 16:57:49,S09,20240324
S09/20240324/00011,2,TAX,1,4.69,TAX,24-03-2024 16:57:49,S09,20240324
S09/20240324/00011,3,TENDER,1,98.49,TENDER,24-03-2024 16:57:49,S09,20240324
S09/20240324/00012,1,P103701,3,1171.33,SALE,24-03-2024 13:12:29,S09,20240324
S09/20240324/00012,2,P101048,1,188.58,SALE,24-03-2024 13:12:29,S09,20240324
S09/20240324/00012,3,P102691,3,210.63,SALE,24-03-2024 13:12:29,S09,20240324
S09/20240324/00012,4,TAX,1,216.72,TAX,24-03-2024 13:12:29,S09,20240324
S09/20240324/00012,5,TENDER,1,4551.18,TENDER,24-03-2024 13:12:29,S09,20240324
S09/20240324/00013,1,P104149,2,85.95,SALE,24-03-2024 18:48:46,S09,20240324
S09/20240324/00013,2,P106373,1,46.84,SALE,24-03-2024 18:48:46,S09,20240324
S09/20240324/00013,3,TAX,1,10.94,TAX,24-03-2024 18:48:46,S09,20240324
S09/20240324/00013,4,TENDER,1,229.68,TENDER,24-03-2024 18:48:46,S09,20240324
S09/20240324/00014,1,P102114,2,128.95,SALE,24-03-2024 15:15:38,S09,20240324
S09/20240324/00014,2,P104168,2,512.27,SALE,24-03-2024 15:15:38,S09,20240324
S09/20240324/00014,3,P107589,2,266.18,SALE,24-03-2024 15:15:38,S09,20240324
S09/20240324/00014,4,P105394,2,335.45,SALE,24-03-2024 15:15:38,S09,20240324
S09/20240324/00014,5,P102593,1,84.95,SALE,24-03-2024 15:15:38,S09,20240324
S09/20240324/00014,6,P101156,1,91.80,SALE,24-03-2024 15:15:38,S09,20240324
S09/20240324/00014,7,TAX,1,300.59,TAX,24-03-2024 15:15:38,S09,20240324
S09/20240324/00014,8,TENDER,1,2963.04,TENDER,24-03-2024 15:15:38,S09,20240324
S09/20240324/00015,1,P106367,3,650.25,SALE,24-03-2024 14:02:06,S09,20240324
S09/20240324/00015,2,P104844,3,530.87,SALE,24-03-2024 14:02:06,S09,20240324
S09/20240324/00015,3,P105167,2,826.20,SALE,24-03-2024 14:02:06,S09,20240324
S09/20240324/00015,4,P105201,2,280.95,SALE,24-03-2024 14:02:06,S09,20240324
S09/20240324/00015,5,P100394,1,320.36,SALE,24-03-2024 14:02:06,S09,20240324
S09/20240324/00015,6,TAX,1,326.33,TAX,24-03-2024 14:02:06,S09,20240324
S09/20240324/00015,7,TENDER,1,6404.35,TENDER,24-03-2024 14:02:06,S09,20240324
S09/20240324/00016,1,P103050,2,543.63,SALE,24-03-2024 13:19:14,S09,20240324
S09/20240324/00016,2,P102230,1,313.70,SALE,24-03-2024 13:19:14,S09,20240324
S09/20240324/00016,3,P105418,1,243.05,SALE,24-03-2024 13:19:14,S09,20240324
S09/20240324/00016,4,P102296,1,43.24,SALE,24-03-2024 13:19:14,S09,20240324
S09/20240324/00016,5,P105784,2,116.81,SALE,24-03-2024 13:19:14,S09,20240324
S09/20240324/00016,6,TAX,1,108.00,TAX,24-03-2024 13:19:14,S09,20240324
S09/20240324/00016,7,TENDER,1,2028.87,TENDER,24-03-2024 13:19:14,S09,20240324
S09/20240324/00017,1,P105450,1,252.15,SALE,24-03-2024 10:14:39,S09,20240324
S09/20240324/00017,2,P102671,3,231.95,SALE,24-03-2024 10:14:39,S09,20240324
S09/20240324/00017,3,P103062,1,177.19,SALE,24-03-2024 10:14:39,S09,20240324
S09/20240324/00017,4,TAX,1,134.11,TAX,24-03-2024 10:14:39,S09,20240324
S09/20240324/00017,5,TENDER,1,1259.30,TENDER,24-03-2024 10:14:39,S09,20240324
S09/20240324/00018,1,P104251,1,79.68,SALE,24-03-2024 18:01:49,S09,20240324
S09/20240324/00018,2,P103416,1,73.27,SALE,24-03-2024 18:01:49,S09,20240324
S09/20240324/00018,3,P101263,2,618.15,SALE,24-03-2024 18:01:49,S09,20240324
S09/20240324/00018,4,P102280,1,561.95,SALE,24-03-2024 18:01:49,S09,20240324
S09/20240324/00018,5,DISC,1,-168.20,DISCOUNT,24-03-2024 18:01:49,S09,20240324
S09/20240324/00018,6,TAX,1,320.94,TAX,24-03-2024 18:01:49,S09,20240324
S09/20240324/00018,7,TENDER,1,2103.94,TENDER,24-03-2024 18:01:49,S09,20240324
S09/20240324/00019,1,P100864,1,193.24,SALE,24-03-2024 21:48:40,S09,20240324
S09/20240324/00019,2,P107495,1,402.26,SALE,24-03-2024 21:48:40,S09,20240324
S09/20240324/00019,3,P104257,6,41.91,SALE,24-03-2024 21:48:40,S09,20240324
S09/20240324/00019,4,P107053,2,524.95,SALE,24-03-2024 21:48:40,S09,20240324
S09/20240324/00019,5,P101740,2,800.86,SALE,24-03-2024 21:48:40,S09,20240324
S09/20240324/00019,6,TAX,1,148.12,TAX,24-03-2024 21:48:40,S09,20240324
S09/20240324/00019,7,TENDER,1,3646.70,TENDER,24-03-2024 21:48:40,S09,20240324
S09/20240324/00020,1,P106282,1,440.95,SALE,24-03-2024 16:44:28,S09,20240324
S09/20240324/00020,2,P107047,5,413.27,SALE,24-03-2024 16:44:28,S09,20240324
S09/20240324/00020,3,P104617,1,101.65,SALE,24-03-2024 16:44:28,S09,20240324
S09/20240324/00020,4,P106169,5,221.03,SALE,24-03-2024 16:44:28,S09,20240324
S09/20240324/00020,5,P106948,3,160.95,SALE,24-03-2024 16:44:28,S09,20240324
S09/20240324/00020,6,P104718,1,364.54,SALE,24-03-2024 16:44:28,S09,20240324
S09/20240324/00020,7,P104933,3,468.07,SALE,24-03-2024 16:44:28,S09,20240324
S09/20240324/00020,8,TAX,1,865.20,TAX,24-03-2024 16:44:28,S09,20240324
S09/20240324/00020,9,TENDER,1,6830.90,TENDER,24-03-2024 16:44:28,S09,20240324
S09/20240324/00021,1,P103452,2,1039.07,SALE,24-03-2024 13:52:29,S09,20240324
S09/20240324/00021,2,P102569,3,119.46,SALE,24-03-2024 13:52:29,S09,20240324
S09/20240324/00021,3,P105845,3,102.36,SALE,24-03-2024 13:52:29,S09,20240324
S09/20240324/00021,4,DISC,1,-205.73,DISCOUNT,24-03-2024 13:52:29,S09,20240324
S09/20240324/00021,5,TAX,1,187.03,TAX,24-03-2024 13:52:29,S09,20240324
S09/20240324/00021,6,TENDER,1,2724.90,TENDER,24-03-2024 13:52:29,S09,20240324
S09/20240324/00022,1,P105643,3,1294.23,SALE,24-03-2024 16:50:59,S09,20240324
S09/20240324/00022,2,P104112,2,425.51,SALE,24-03-2024 16:50:59,S09,20240324
S09/20240324/00022,3,P106353,1,244.95,SALE,24-03-2024 16:50:59,S09,20240324
S09/20240324/00022,4,P108076,1,145.31,SALE,24-03-2024 16:50:59,S09,20240324
S09/20240324/00022,5,P101990,3,408.52,SALE,24-03-2024 16:50:59,S09,20240324
S09/20240324/00022,6,DISC,1,-526.05,DISCOUNT,24-03-2024 16:50:59,S09,20240324
S09/20240324/00022,7,TAX,1,292.97,TAX,24-03-2024 16:50:59,S09,20240324
S09/20240324/00022,8,TENDER,1,6116.45,TENDER,24-03-2024 16:50:59,S09,20240324
S09/20240324/00023,1,P106566,2,229.43,SALE,24-03-2024 17:46:52,S09,20240324
S09/20240324/00023,2,P106434,3,165.67,SALE,24-03-2024 17:46:52,S09,20240324
S09/20240324/00023,3,P103760,1,94.95,SALE,24-03-2024 17:46:52,S09,20240324
S09/20240324/00023,4,P107158,1,142.95,SALE,24-03-2024 17:46:52,S09,20240324
S09/20240324/00023,5,P106162,1,527.95,SALE,24-03-2024 17:46:52,S09,20240324
S09/20240324/00023,6,P100057,4,215.95,SALE,24-03-2024 17:46:52,S09,20240324
S09/20240324/00023,7,TAX,1,288.71,TAX,24-03-2024 17:46:52,S09,20240324
S09/20240324/00023,8,TENDER,1,2874.23,TENDER,24-03-2024 17:46:52,S09,20240324
S09/20240325/00001,1,P107145,1,235.69,SALE,25-03-2024 20:05:06,S09,20240325
S09/20240325/00001,2,P105772,1,539.31,SALE,25-03-2024 20:05:06,S09,20240325
S09/20240325/00001,3,P101389,1,430.39,SALE,25-03-2024 20:05:06,S09,20240325
S09/20240325/00001,4,P107646,3,213.93,SALE,25-03-2024 20:05:06,S09,20240325
S09/20240325/00001,5,P101796,2,990.67,SALE,25-03-2024 20:05:06,S09,20240325
S09/20240325/00001,6,P104986,2,215.50,SALE,25-03-2024 20:05:06,S09,20240325
S09/20240325/00001,7,TAX,1,411.57,TAX,25-03-2024 20:05:06,S09,20240325
S09/20240325/00001,8,TENDER,1,4671.09,TENDER,25-03-2024 20:05:06,S09,20240325
S09/20240325/00002,1,P107872,1,554.95,SALE,25-03-2024 11:52:57,S09,20240325
S09/20240325/00002,2,P108275,3,477.08,SALE,25-03-2024 11:52:57,S09,20240325
S09/20240325/00002,3,P107337,2,324.16,SALE,25-03-2024 11:52:57,S09,20240325
S09/20240325/00002,4,P103206,2,450.05,SALE,25-03-2024 11:52:57,S09,20240325
S09/20240325/00002,5,P100044,2,737.05,SALE,25-03-2024 11:52:57,S09,20240325
S09/20240325/00002,6,TAX,1,656.70,TAX,25-03-2024 11:52:57,S09,20240325
S09/20240325/00002,7,TENDER,1,5665.41,TENDER,25-03-2024 11:52:57,S09,20240325
S09/20240325/00003,1,P105164,1,216.12,SALE,25-03-2024 15:01:59,S09,20240325
S09/20240325/00003,2,P107639,2,128.49,SALE,25-03-2024 15:01:59,S09,20240325
S09/20240325/00003,3,P102219,3,726.06,SALE,25-03-2024 15:01:59,S09,20240325
S09/20240325/00003,4,P104382,1,58.95,SALE,25-03-2024 15:01:59,S09,20240325
S09/20240325/00003,5,P100233,3,67.07,SALE,25-03-2024 15:01:59,S09,20240325
S09/20240325/00003,6,P105164,-1,216.12,VOID,25-03-2024 15:01:59,S09,20240325
S09/20240325/00003,7,P107639,-2,128.49,VOID,25-03-2024 15:01:59,S09,20240325
S09/20240325/00003,8,P102219,-3,726.06,VOID,25-03-2024 15:01:59,S09,20240325
S09/20240325/00003,9,P104382,-1,58.95,VOID,25-03-2024 15:01:59,S09,20240325
S09/20240325/00003,10,P100233,-3,67.07,VOID,25-03-2024 15:01:59,S09,20240325
S09/20240325/00003,11,TAX,1,0.00,TAX,25-03-2024 15:01:59,S09,20240325
S09/20240325/00003,12,TENDER,1,0.00,TENDER,25-03-2024 15:01:59,S09,20240325
S09/20240325/00004,1,P103701,2,1171.33,SALE,26-03-2024 00:35:22,S09,20240325
S09/20240325/00004,2,P101062,2,47.97,SALE,26-03-2024 00:35:22,S09,20240325
S09/20240325/00004,3,P101533,2,1020.37,SALE,26-03-2024 00:35:22,S09,20240325
S09/20240325/00004,4,P100469,2,46.95,SALE,26-03-2024 00:35:22,S09,20240325
S09/20240325/00004,5,TAX,1,371.51,TAX,26-03-2024 00:35:22,S09,20240325
S09/20240325/00004,6,TENDER,1,4944.75,TENDER,26-03-2024 00:35:22,S09,20240325
S09/20240325/00005,1,P105838,3,594.50,SALE,25-03-2024 17:30:40,S09,20240325
S09/20240325/00005,2,P100049,2,66.95,SALE,25-03-2024 17:30:40,S09,20240325
S09/20240325/00005,3,P107708,2,163.95,SALE,25-03-2024 17:30:40,S09,20240325
S09/20240325/00005,4,P106181,1,885.95,SALE,25-03-2024 17:30:40,S09,20240325
S09/20240325/00005,5,TAX,1,24.10,TAX,25-03-2024 17:30:40,S09,20240325
S09/20240325/00005,6,TENDER,1,3155.35,TENDER,25-03-2024 17:30:40,S09,20240325
S09/20240325/00006,1,P100940,1,171.39,SALE,25-03-2024 21:41:34,S09,20240325
S09/20240325/00006,2,P100418,1,204.95,SALE,25-03-2024 21:41:34,S09,20240325
S09/20240325/00006,3,P107246,1,310.13,SALE,25-03-2024 21:41:34,S09,20240325
S09/20240325/00006,4,P104774,4,81.88,SALE,25-03-2024 21:41:34,S09,20240325
S09/20240325/00006,5,P100121,2,102.39,SALE,25-03-2024 21:41:34,S09,20240325
S09/20240325/00006,6,P101421,2,112.02,SALE,25-03-2024 21:41:34,S09,20240325
S09/20240325/00006,7,P105252,3,10.57,SALE,25-03-2024 21:41:34,S09,20240325
S09/20240325/00006,8,TAX,1,159.32,TAX,25-03-2024 21:41:34,S09,20240325
S09/20240325/00006,9,TENDER,1,1633.84,TENDER,25-03-2024 21:41:34,S09,20240325
S09/20240325/00007,1,P102243,1,133.95,SALE,25-03-2024 11:58:32,S09,20240325
S09/20240325/00007,2,P100640,3,330.95,SALE,25-03-2024 11:58:32,S09,20240325
S09/20240325/00007,3,P104579,2,67.48,SALE,25-03-2024 11:58:32,S09,20240325
S09/20240325/00007,4,P106367,1,650.25,SALE,25-03-2024 11:58:32,S09,20240325
S09/20240325/00007,5,P102321,3,27.09,SALE,25-03-2024 11:58:32,S09,20240325
S09/20240325/00007,6,TAX,1,168.10,TAX,25-03-2024 11:58:32,S09,20240325
S09/20240325/00007,7,TENDER,1,2161.38,TENDER,25-03-2024 11:58:32,S09,20240325
S09/20240325/00008,1,P104435,3,407.95,SALE,25-03-2024 17:20:15,S09,20240325
S09/20240325/00008,2,P101076,2,606.89,SALE,25-03-2024 17:20:15,S09,20240325
S09/20240325/00008,3,P108191,2,301.95,SALE,25-03-2024 17:20:15,S09,20240325
S09/20240325/00008,4,P102129,2,252.76,SALE,25-03-2024 17:20:15,S09,20240325
S09/20240325/00008,5,DISC,1,-398.24,DISCOUNT,25-03-2024 17:20:15,S09,20240325
S09/20240325/00008,6,TAX,1,233.49,TAX,25-03-2024 17:20:15,S09,20240325
S09/20240325/00008,7,TENDER,1,3382.30,TENDER,25-03-2024 17:20:15,S09,20240325
S09/20240325/00009,1,P104902,3,445.79,SALE,25-03-2024 19:23:40,S09,20240325
S09/20240325/00009,2,P108017,3,103.22,SALE,25-03-2024 19:23:40,S09,20240325
S09/20240325/00009,3,TAX,1,240.73,TAX,25-03-2024 19:23:40,S09,20240325
S09/20240325/00009,4,TENDER,1,1887.76,TENDER,25-03-2024 19:23:40,S09,20240325
S09/20240325/00010,1,P106373,3,46.84,SALE,25-03-2024 13:15:34,S09,20240325
S09/20240325/00010,2,P107925,1,1023.82,SALE,25-03-2024 13:15:34,S09,20240325
S09/20240325/00010,3,P104986,3,215.50,SALE,25-03-2024 13:15:34,S09,20240325
S09/20240325/00010,4,DISC,1,-128.78,DISCOUNT,25-03-2024 13:15:34,S09,20240325
S09/20240325/00010,5,TAX,1,162.17,TAX,25-03-2024 13:15:34,S09,20240325
S09/20240325/00010,6,TENDER,1,1844.23,TENDER,25-03-2024 13:15:34,S09,20240325
S09/20240325/00011,1,P107654,2,363.70,SALE,25-03-2024 18:34:03,S09,20240325
S09/20240325/00011,2,P101599,4,387.95,SALE,25-03-2024 18:34:03,S09,20240325
S09/20240325/00011,3,P106336,2,456.47,SALE,25-03-2024 18:34:03,S09,20240325
S09/20240325/00011,4,P100044,2,737.05,SALE,25-03-2024 18:34:03,S09,20240325
S09/20240325/00011,5,TAX,1,707.83,TAX,25-03-2024 18:34:03,S09,20240325
S09/20240325/00011,6,TENDER,1,5374.07,TENDER,25-03-2024 18:34:03,S09,20240325
S09/20240325/00012,1,P101564,2,154.29,SALE,25-03-2024 11:38:33,S09,20240325
S09/20240325/00012,2,TAX,1,55.54,TAX,25-03-2024 11:38:33,S09,20240325
S09/20240325/00012,3,TENDER,1,364.12,TENDER,25-03-2024 11:38:33,S09,20240325
S09/20240325/00013,1,P106015,4,147.48,SALE,25-03-2024 13:52:47,S09,20240325
S09/20240325/00013,2,P106415,2,911.99,SALE,25-03-2024 13:52:47,S09,20240325
S09/20240325/00013,3,P103882,2,269.95,SALE,25-03-2024 13:52:47,S09,20240325
S09/20240325/00013,4,P103389,3,251.95,SALE,25-03-2024 13:52:47,S09,20240325
S09/20240325/00013,5,P108272,2,101.95,SALE,25-03-2024 13:52:47,S09,20240325
S09/20240325/00013,6,P105740,1,103.24,SALE,25-03-2024 13:52:47,S09,20240325
S09/20240325/00013,7,TAX,1,565.95,TAX,25-03-2024 13:52:47,S09,20240325
S09/20240325/00013,8,TENDER,1,4582.74,TENDER,25-03-2024 13:52:47,S09,20240325
S09/20240326/00001,1,P102738,2,481.95,SALE,26-03-2024 12:20:36,S09,20240326
S09/20240326/00001,2,P102280,2,561.95,SALE,26-03-2024 12:20:36,S09,20240326
S09/20240326/00001,3,P100380,2,136.58,SALE,26-03-2024 12:20:36,S09,20240326
S09/20240326/00001,4,P105855,4,128.68,SALE,26-03-2024 12:20:36,S09,20240326
S09/20240326/00001,5,DISC,1,-127.51,DISCOUNT,26-03-2024 12:20:36,S09,20240326
S09/20240326/00001,6,TAX,1,359.79,TAX,26-03-2024 12:20:36,S09,20240326
S09/20240326/00001,7,TENDER,1,3107.96,TENDER,26-03-2024 12:20:36,S09,20240326
S09/20240326/00002,1,P102202,2,184.86,SALE,26-03-2024 15:38:14,S09,20240326
S09/20240326/00002,2,P105988,1,26.95,SALE,26-03-2024 15:38:14,S09,20240326
S09/20240326/00002,3,P103178,1,21.49,SALE,26-03-2024 15:38:14,S09,20240326
S09/20240326/00002,4,P104944,2,42.95,SALE,26-03-2024 15:38:14,S09,20240326
S09/20240326/00002,5,P107743,1,206.95,SALE,26-03-2024 15:38:14,S09,20240326
S09/20240326/00002,6,TAX,1,112.06,TAX,26-03-2024 15:38:14,S09,20240326
S09/20240326/00002,7,TENDER,1,823.07,TENDER,26-03-2024 15:38:14,S09,20240326
S09/20240326/00003,1,P104404,2,849.83,SALE,26-03-2024 18:54:24,S09,20240326
S09/20240326/00003,2,P102353,2,139.83,SALE,26-03-2024 18:54:24,S09,20240326
S09/20240326/00003,3,P103843,2,636.12,SALE,26-03-2024 18:54:24,S09,20240326
S09/20240326/00003,4,P104149,4,85.95,SALE,26-03-2024 18:54:24,S09,20240326
S09/20240326/00003,5,P100883,2,723.68,SALE,26-03-2024 18:54:24,S09,20240326
S09/20240326/00003,6,TAX,1,536.50,TAX,26-03-2024 18:54:24,S09,20240326
S09/20240326/00003,7,TENDER,1,5579.22,TENDER,26-03-2024 18:54:24,S09,20240326
S09/20240326/00004,1,P101558,2,44.31,SALE,26-03-2024 20:55:42,S09,20240326
S09/20240326/00004,2,P107056,1,341.76,SALE,26-03-2024 20:55:42,S09,20240326
S09/20240326/00004,3,TAX,1,77.47,TAX,26-03-2024 20:55:42,S09,20240326
S09/20240326/00004,4,TENDER,1,507.85,TENDER,26-03-2024 20:55:42,S09,20240326
S09/20240326/00005,1,P106027,2,1436.61,SALE,26-03-2024 19:16:26,S09,20240326
S09/20240326/00005,2,P102735,3,517.39,SALE,26-03-2024 19:16:26,S09,20240326
S09/20240326/00005,3,P105929,2,11.18,SALE,26-03-2024 19:16:26,S09,20240326
S09/20240326/00005,4,P105827,2,96.95,SALE,26-03-2024 19:16:26,S09,20240326
S09/20240326/00005,5,TAX,1,293.11,TAX,26-03-2024 19:16:26,S09,20240326
S09/20240326/00005,6,TENDER,1,4934.76,TENDER,26-03-2024 19:16:26,S09,20240326
S09/20240326/00006,1,P106783,3,87.95,SALE,26-03-2024 12:23:05,S09,20240326
S09/20240326/00006,2,P107137,3,31.95,SALE,26-03-2024 12:23:05,S09,20240326
S09/20240326/00006,3,P102520,3,564.97,SALE,26-03-2024 12:23:05,S09,20240326
S09/20240326/00006,4,P107197,1,602.03,SALE,26-03-2024 12:23:05,S09,20240326
S09/20240326/00006,5,TAX,1,240.60,TAX,26-03-2024 12:23:05,S09,20240326
S09/20240326/00006,6,TENDER,1,2897.24,TENDER,26-03-2024 12:23:05,S09,20240326
S09/20240326/00007,1,P107667,1,338.95,SALE,26-03-2024 15:28:00,S09,20240326
S09/20240326/00007,2,P102452,4,169.06,SALE,26-03-2024 15:28:00,S09,20240326
S09/20240326/00007,3,P105878,2,268.52,SALE,26-03-2024 15:28:00,S09,20240326
S09/20240326/00007,4,DISC,1,-165.20,DISCOUNT,26-03-2024 15:28:00,S09,20240326
S09/20240326/00007,5,TAX,1,90.55,TAX,26-03-2024 15:28:00,S09,20240326
S09/20240326/00007,6,TENDER,1,1477.58,TENDER,26-03-2024 15:28:00,S09,20240326
S09/20240326/00008,1,P103843,1,636.12,SALE,26-03-2024 18:42:01,S09,20240326
S09/20240326/00008,2,TAX,1,114.50,TAX,26-03-2024 18:42:01,S09,20240326
S09/20240326/00008,3,TENDER,1,750.62,TENDER,26-03-2024 18:42:01,S09,20240326
S09/20240326/00009,1,P103620,3,468.18,SALE,26-03-2024 19:51:41,S09,20240326
S09/20240326/00009,2,P102922,1,120.11,SALE,26-03-2024 19:51:41,S09,20240326
S09/20240326/00009,3,P104160,2,258.87,SALE,26-03-2024 19:51:41,S09,20240326
S09/20240326/00009,4,P100074,2,57.78,SALE,26-03-2024 19:51:41,S09,20240326
S09/20240326/00009,5,TAX,1,27.40,TAX,26-03-2024 19:51:41,S09,20240326
S09/20240326/00009,6,TENDER,1,2185.35,TENDER,26-03-2024 19:51:41,S09,20240326
S09/20240326/00010,1,P104064,1,318.07,SALE,26-03-2024 20:01:19,S09,20240326
S09/20240326/00010,2,P102682,2,95.25,SALE,26-03-2024 20:01:19,S09,20240326
S09/20240326/00010,3,TAX,1,47.69,TAX,26-03-2024 20:01:19,S09,20240326
S09/20240326/00010,4,TENDER,1,556.26,TENDER,26-03-2024 20:01:19,S09,20240326
S09/20240326/00011,1,P107264,1,181.93,SALE,26-03-2024 10:30:34,S09,20240326
S09/20240326/00011,2,P102811,3,199.15,SALE,26-03-2024 10:30:34,S09,20240326
S09/20240326/00011,3,P102166,4,45.95,SALE,26-03-2024 10:30:34,S09,20240326
S09/20240326/00011,4,P101592,2,280.95,SALE,26-03-2024 10:30:34,S09,20240326
S09/20240326/00011,5,P103517,4,160.29,SALE,26-03-2024 10:30:34,S09,20240326
S09/20240326/00011,6,P100156,1,1576.32,SALE,26-03-2024 10:30:34,S09,20240326
S09/20240326/00011,7,TAX,1,196.85,TAX,26-03-2024 10:30:34,S09,20240326
S09/20240326/00011,8,TENDER,1,3939.41,TENDER,26-03-2024 10:30:34,S09,20240326
S09/20240326/00012,1,P106382,3,81.60,SALE,26-03-2024 15:53:36,S09,20240326
S09/20240326/00012,2,P107089,1,192.10,SALE,26-03-2024 15:53:36,S09,20240326
S09/20240326/00012,3,P108041,1,368.87,SALE,26-03-2024 15:53:36,S09,20240326
S09/20240326/00012,4,P106426,4,149.87,SALE,26-03-2024 15:53:36,S09,20240326
S09/20240326/00012,5,P106373,2,46.84,SALE,26-03-2024 15:53:36,S09,20240326
S09/20240326/00012,6,P100959,5,280.97,SALE,26-03-2024 15:53:36,S09,20240326
S09/20240326/00012,7,P102404,2,371.40,SALE,26-03-2024 15:53:36,S09,20240326
S09/20240326/00012,8,TAX,1,419.33,TAX,26-03-2024 15:53:36,S09,20240326
S09/20240326/00012,9,TENDER,1,4065.91,TENDER,26-03-2024 15:53:36,S09,20240326
S09/20240327/00001,1,P101208,2,521.19,SALE,27-03-2024 18:56:01,S09,20240327
S09/20240327/00001,2,P104202,1,132.95,SALE,27-03-2024 18:56:01,S09,20240327
S09/20240327/00001,3,P102000,2,79.16,SALE,27-03-2024 18:56:01,S09,20240327
S09/20240327/00001,4,P106735,3,320.99,SALE,27-03-2024 18:56:01,S09,20240327
S09/20240327/00001,5,P106955,1,203.91,SALE,27-03-2024 18:56:01,S09,20240327
S09/20240327/00001,6,P104285,2,582.95,SALE,27-03-2024 18:56:01,S09,20240327
S09/20240327/00001,7,TAX,1,270.32,TAX,27-03-2024 18:56:01,S09,20240327
S09/20240327/00001,8,TENDER,1,3936.75,TENDER,27-03-2024 18:56:01,S09,20240327
S09/20240327/00002,1,P102096,2,1101.93,SALE,27-03-2024 17:41:30,S09,20240327
S09/20240327/00002,2,P105929,3,11.18,SALE,27-03-2024 17:41:30,S09,20240327
S09/20240327/00002,3,P105139,1,100.45,SALE,27-03-2024 17:41:30,S09,20240327
S09/20240327/00002,4,P102682,2,95.25,SALE,27-03-2024 17:41:30,S09,20240327
S09/20240327/00002,5,P103449,1,381.08,SALE,27-03-2024 17:41:30,S09,20240327
S09/20240327/00002,6,TAX,1,311.13,TAX,27-03-2024 17:41:30,S09,20240327
S09/20240327/00002,7,TENDER,1,3220.56,TENDER,27-03-2024 17:41:30,S09,20240327
S09/20240327/00003,1,P100528,2,623.32,SALE,27-03-2024 10:01:03,S09,20240327
S09/20240327/00003,2,P101052,1,198.99,SALE,27-03-2024 10:01:03,S09,20240327
S09/20240327/00003,3,TAX,1,35.82,TAX,27-03-2024 10:01:03,S09,20240327
S09/20240327/00003,4,TENDER,1,1481.45,TENDER,27-03-2024 10:01:03,S09,20240327
S09/20240327/00004,1,P101225,2,452.38,SALE,27-03-2024 13:19:09,S09,20240327
S09/20240327/00004,2,P100198,2,156.66,SALE,27-03-2024 13:19:09,S09,20240327
S09/20240327/00004,3,P104487,1,359.81,SALE,27-03-2024 13:19:09,S09,20240327
S09/20240327/00004,4,P103927,1,206.11,SALE,27-03-2024 13:19:09,S09,20240327
S09/20240327/00004,5,P101156,5,91.80,SALE,27-03-2024 13:19:09,S09,20240327
S09/20240327/00004,6,P106239,2,803.36,SALE,27-03-2024 13:19:09,S09,20240327
S09/20240327/00004,7,P102695,6,1254.95,SALE,27-03-2024 13:19:09,S09,20240327
S09/20240327/00004,8,P105815,1,320.65,SALE,27-03-2024 13:19:09,S09,20240327
S09/20240327/00004,9,TAX,1,1142.71,TAX,27-03-2024 13:19:09,S09,20240327
S09/20240327/00004,10,TENDER,1,12842.78,TENDER,27-03-2024 13:19:09,S09,20240327
S09/20240327/00005,1,P108275,2,477.08,SALE,27-03-2024 12:41:52,S09,20240327
S09/20240327/00005,2,P102067,3,151.39,SALE,27-03-2024 12:41:52,S09,20240327
S09/20240327/00005,3,P106927,3,140.95,SALE,27-03-2024 12:41:52,S09,20240327
S09/20240327/00005,4,P102184,1,327.95,SALE,27-03-2024 12:41:52,S09,20240327
S09/20240327/00005,5,P101052,1,198.99,SALE,27-03-2024 12:41:52,S09,20240327
S09/20240327/00005,6,P105819,1,66.64,SALE,27-03-2024 12:41:52,S09,20240327
S09/20240327/00005,7,TAX,1,263.41,TAX,27-03-2024 12:41:52,S09,20240327
S09/20240327/00005,8,TENDER,1,2688.17,TENDER,27-03-2024 12:41:52,S09,20240327
S09/20240327/00006,1,P100595,1,388.65,SALE,27-03-2024 15:24:21,S09,20240327
S09/20240327/00006,2,P107784,1,245.59,SALE,27-03-2024 15:24:21,S09,20240327
S09/20240327/00006,3,TAX,1,76.11,TAX,27-03-2024 15:24:21,S09,20240327
S09/20240327/00006,4,TENDER,1,710.35,TENDER,27-03-2024 15:24:21,S09,20240327
S09/20240327/00007,1,P100819,1,1140.00,SALE,27-03-2024 17:09:41,S09,20240327
S09/20240327/00007,2,P105260,1,72.61,SALE,27-03-2024 17:09:41,S09,20240327
S09/20240327/00007,3,P103243,4,195.61,SALE,27-03-2024 17:09:41,S09,20240327
S09/20240327/00007,4,P106989,3,24.76,SALE,27-03-2024 17:09:41,S09,20240327
S09/20240327/00007,5,P107581,5,243.81,SALE,27-03-2024 17:09:41,S09,20240327
S09/20240327/00007,6,TAX,1,207.49,TAX,27-03-2024 17:09:41,S09,20240327
S09/20240327/00007,7,TENDER,1,3495.87,TENDER,27-03-2024 17:09:41,S09,20240327
S09/20240327/00008,1,P102886,2,140.12,SALE,27-03-2024 14:00:43,S09,20240327
S09/20240327/00008,2,P101876,2,71.32,SALE,27-03-2024 14:00:43,S09,20240327
S09/20240327/00008,3,P105003,1,285.67,SALE,27-03-2024 14:00:43,S09,20240327
S09/20240327/00008,4,P104257,4,41.91,SALE,27-03-2024 14:00:43,S09,20240327
S09/20240327/00008,5,P106877,3,1012.95,SALE,27-03-2024 14:00:43,S09,20240327
S09/20240327/00008,6,P104081,1,586.63,SALE,27-03-2024 14:00:43,S09,20240327
S09/20240327/00008,7,P103620,2,468.18,SALE,27-03-2024 14:00:43,S09,20240327
S09/20240327/00008,8,TAX,1,80.95,TAX,27-03-2024 14:00:43,S09,20240327
S09/20240327/00008,9,TENDER,1,5518.98,TENDER,27-03-2024 14:00:43,S09,20240327
S09/20240327/00009,1,P100999,3,153.43,SALE,27-03-2024 16:42:04,S09,20240327
S09/20240327/00009,2,P106282,1,440.95,SALE,27-03-2024 16:42:04,S09,20240327
S09/20240327/00009,3,TAX,1,79.37,TAX,27-03-2024 16:42:04,S09,20240327
S09/20240327/00009,4,TENDER,1,980.61,TENDER,27-03-2024 16:42:04,S09,20240327
S09/20240327/00010,1,P103591,4,102.70,SALE,27-03-2024 14:16:06,S09,20240327
S09/20240327/00010,2,P103986,3,495.05,SALE,27-03-2024 14:16:06,S09,20240327
S09/20240327/00010,3,P107158,2,142.95,SALE,27-03-2024 14:16:06,S09,20240327
S09/20240327/00010,4,P107226,2,86.90,SALE,27-03-2024 14:16:06,S09,20240327
S09/20240327/00010,5,P108335,2,153.41,SALE,27-03-2024 14:16:06,S09,20240327
S09/20240327/00010,6,TAX,1,424.02,TAX,27-03-2024 14:16:06,S09,20240327
S09/20240327/00010,7,TENDER,1,3086.49,TENDER,27-03-2024 14:16:06,S09,20240327
S09/20240327/00011,1,P104270,2,1036.53,SALE,27-03-2024 17:07:35,S09,20240327
S09/20240327/00011,2,P104089,2,316.95,SALE,27-03-2024 17:07:35,S09,20240327
S09/20240327/00011,3,P102014,1,261.84,SALE,27-03-2024 17:07:35,S09,20240327
S09/20240327/00011,4,P105583,2,178.95,SALE,27-03-2024 17:07:35,S09,20240327
S09/20240327/00011,5,P106927,2,133.90,SALE,27-03-2024 17:07:35,S09,20240327
S09/20240327/00011,6,P105400,1,48.10,SALE,27-03-2024 17:07:35,S09,20240327
S09/20240327/00011,7,TAX,1,351.36,TAX,27-03-2024 17:07:35,S09,20240327
S09/20240327/00011,8,TENDER,1,3993.96,TENDER,27-03-2024 17:07:35,S09,20240327
S09/20240327/00012,1,P100479,-3,342.53,RETURN,27-03-2024 16:35:49,S09,20240327
S09/20240327/00012,2,P107743,-2,206.95,RETURN,27-03-2024 16:35:49,S09,20240327
S09/20240327/00012,3,P101796,-2,990.67,RETURN,27-03-2024 16:35:49,S09,20240327
S09/20240327/00012,4,P107695,-1,282.58,RETURN,27-03-2024 16:35:49,S09,20240327
S09/20240327/00012,5,P100677,-2,227.95,RETURN,27-03-2024 16:35:49,S09,20240327
S09/20240327/00012,6,TAX,1,-404.97,TAX,27-03-2024 16:35:49,S09,20240327
S09/20240327/00012,7,TENDER,1,-4566.28,TENDER,27-03-2024 16:35:49,S09,20240327
S09/20240327/00013,1,P100026,3,304.63,SALE,27-03-2024 17:13:04,S09,20240327
S09/20240327/00013,2,P106200,1,117.95,SALE,27-03-2024 17:13:04,S09,20240327
S09/20240327/00013,3,P100403,3,71.73,SALE,27-03-2024 17:13:04,S09,20240327
S09/20240327/00013,4,TAX,1,85.67,TAX,27-03-2024 17:13:04,S09,20240327
S09/20240327/00013,5,TENDER,1,1332.70,TENDER,27-03-2024 17:13:04,S09,20240327
S09/20240327/00014,1,P102779,1,25.62,SALE,27-03-2024 20:22:42,S09,20240327
S09/20240327/00014,2,P102534,2,98.12,SALE,27-03-2024 20:22:42,S09,20240327
S09/20240327/00014,3,TAX,1,38.40,TAX,27-03-2024 20:22:42,S09,20240327
S09/20240327/00014,4,TENDER,1,260.26,TENDER,27-03-2024 20:22:42,S09,20240327
S09/20240327/00015,1,P100767,2,269.95,SALE,27-03-2024 18:20:57,S09,20240327
S09/20240327/00015,2,P105633,1,46.25,SALE,27-03-2024 18:20:57,S09,20240327
S09/20240327/00015,3,P107119,2,15.87,SALE,27-03-2024 18:20:57,S09,20240327
S09/20240327/00015,4,TAX,1,72.81,TAX,27-03-2024 18:20:57,S09,20240327
S09/20240327/00015,5,TENDER,1,690.70,TENDER,27-03-2024 18:20:57,S09,20240327
S09/20240327/00016,1,P106317,2,423.01,SALE,27-03-2024 08:40:43,S09,20240327
S09/20240327/00016,2,P102202,2,184.86,SALE,27-03-2024 08:40:43,S09,20240327
S09/20240327/00016,3,P103348,1,456.57,SALE,27-03-2024 08:40:43,S09,20240327
S09/20240327/00016,4,TAX,1,190.90,TAX,27-03-2024 08:40:43,S09,20240327
S09/20240327/00016,5,TENDER,1,1863.21,TENDER,27-03-2024 08:40:43,S09,20240327
S09/20240327/00017,1,P107542,2,162.57,SALE,27-03-2024 15:13:06,S09,20240327
S09/20240327/00017,2,P105209,1,367.95,SALE,27-03-2024 15:13:06,S09,20240327
S09/20240327/00017,3,P104294,1,115.73,SALE,27-03-2024 15:13:06,S09,20240327
S09/20240327/00017,4,P104112,2,425.51,SALE,27-03-2024 15:13:06,S09,20240327
S09/20240327/00017,5,P103908,2,104.62,SALE,27-03-2024 15:13:06,S09,20240327
S09/20240327/00017,6,TAX,1,207.35,TAX,27-03-2024 15:13:06,S09,20240327
S09/20240327/00017,7,TENDER,1,2076.43,TENDER,27-03-2024 15:13:06,S09,20240327
S09/20240327/00018,1,P106648,4,330.96,SALE,27-03-2024 15:13:03,S09,20240327
S09/20240327/00018,2,TAX,1,66.19,TAX,27-03-2024 15:13:03,S09,20240327
S09/20240327/00018,3,TENDER,1,1390.03,TENDER,27-03-2024 15:13:03,S09,20240327
S09/20240327/00019,1,P103668,1,1530.18,SALE,27-03-2024 13:49:34,S09,20240327
S09/20240327/00019,2,P100810,1,200.65,SALE,27-03-2024 13:49:34,S09,20240327
S09/20240327/00019,3,P101018,2,136.50,SALE,27-03-2024 13:49:34,S09,20240327
S09/20240327/00019,4,P106522,2,208.95,SALE,27-03-2024 13:49:34,S09,20240327
S09/20240327/00019,5,TAX,1,107.44,TAX,27-03-2024 13:49:34,S09,20240327
S09/20240327/00019,6,TENDER,1,2529.17,TENDER,27-03-2024 13:49:34,S09,20240327
S09/20240327/00020,1,P103563,-3,21.95,RETURN,27-03-2024 18:20:45,S09,20240327
S09/20240327/00020,2,TAX,1,-11.85,TAX,27-03-2024 18:20:45,S09,20240327
S09/20240327/00020,3,TENDER,1,-77.70,TENDER,27-03-2024 18:20:45,S09,20240327
S09/20240327/00021,1,P107422,3,193.56,SALE,27-03-2024 18:42:40,S09,20240327
S09/20240327/00021,2,P105541,2,201.95,SALE,27-03-2024 18:42:40,S09,20240327
S09/20240327/00021,3,P101034,2,85.95,SALE,27-03-2024 18:42:40,S09,20240327
S09/20240327/00021,4,TAX,1,122.36,TAX,27-03-2024 18:42:40,S09,20240327
S09/20240327/00021,5,TENDER,1,1278.84,TENDER,27-03-2024 18:42:40,S09,20240327
S09/20240328/00001,1,P102248,3,21.80,SALE,28-03-2024 12:35:24,S09,20240328
S09/20240328/00001,2,P107435,5,549.51,SALE,28-03-2024 12:35:24,S09,20240328
S09/20240328/00001,3,P103843,3,636.12,SALE,28-03-2024 12:35:24,S09,20240328
S09/20240328/00001,4,P105288,2,239.51,SALE,28-03-2024 12:35:24,S09,20240328
S09/20240328/00001,5,P101827,1,139.26,SALE,28-03-2024 12:35:24,S09,20240328
S09/20240328/00001,6,P105323,2,73.95,SALE,28-03-2024 12:35:24,S09,20240328
S09/20240328/00001,7,P106563,1,426.95,SALE,28-03-2024 12:35:24,S09,20240328
S09/20240328/00001,8,TAX,1,903.66,TAX,28-03-2024 12:35:24,S09,20240328
S09/20240328/00001,9,TENDER,1,6818.10,TENDER,28-03-2024 12:35:24,S09,20240328
S09/20240328/00002,1,P104294,3,115.73,SALE,28-03-2024 13:50:36,S09,20240328
S09/20240328/00002,2,P105835,2,243.66,SALE,28-03-2024 13:50:36,S09,20240328
S09/20240328/00002,3,DISC,1,-84.85,DISCOUNT,28-03-2024 13:50:36,S09,20240328
S09/20240328/00002,4,TAX,1,59.32,TAX,28-03-2024 13:50:36,S09,20240328
S09/20240328/00002,5,TENDER,1,808.98,TENDER,28-03-2024 13:50:36,S09,20240328
S09/20240328/00003,1,P103234,1,121.56,SALE,28-03-2024 19:10:31,S09,20240328
S09/20240328/00003,2,P100803,2,262.95,SALE,28-03-2024 19:10:31,S09,20240328
S09/20240328/00003,3,P104072,1,650.20,SALE,28-03-2024 19:10:31,S09,20240328
S09/20240328/00003,4,P103510,3,183.91,SALE,28-03-2024 19:10:31,S09,20240328
S09/20240328/00003,5,P108356,1,189.09,SALE,28-03-2024 19:10:31,S09,20240328
S09/20240328/00003,6,P100999,2,153.43,SALE,28-03-2024 19:10:31,S09,20240328
S09/20240328/00003,7,TAX,1,130.96,TAX,28-03-2024 19:10:31,S09,20240328
S09/20240328/00003,8,TENDER,1,2476.30,TENDER,28-03-2024 19:10:31,S09,20240328
S09/20240328/00004,1,P100731,4,268.30,SALE,28-03-2024 14:48:16,S09,20240328
S09/20240328/00004,2,P105106,2,101.21,SALE,28-03-2024 14:48:16,S09,20240328
S09/20240328/00004,3,P100593,1,29.38,SALE,28-03-2024 14:48:16,S09,20240328
S09/20240328/00004,4,P106975,4,136.95,SALE,28-03-2024 14:48:16,S09,20240328
S09/20240328/00004,5,P107477,2,116.48,SALE,28-03-2024 14:48:16,S09,20240328
S09/20240328/00004,6,P107777,2,222.77,SALE,28-03-2024 14:48:16,S09,20240328
S09/20240328/00004,7,TAX,1,341.33,TAX,28-03-2024 14:48:16,S09,20240328
S09/20240328/00004,8,TENDER,1,2872.63,TENDER,28-03-2024 14:48:16,S09,20240328
S09/20240328/00005,1,P104344,1,407.54,SALE,28-03-2024 15:13:48,S09,20240328
S09/20240328/00005,2,P100511,3,407.54,SALE,28-03-2024 15:13:48,S09,20240328
S09/20240328/00005,3,P101702,2,491.39,SALE,28-03-2024 15:13:48,S09,20240328
S09/20240328/00005,4,TAX,1,396.97,TAX,28-03-2024 15:13:48,S09,20240328
S09/20240328/00005,5,TENDER,1,3009.91,TENDER,28-03-2024 15:13:48,S09,20240328
S09/20240328/00006,1,P105797,3,243.46,SALE,28-03-2024 16:28:57,S09,20240328
S09/20240328/00006,2,P103035,2,1201.33,SALE,28-03-2024 16:28:57,S09,20240328
S09/20240328/00006,3,P102139,4,1231.60,SALE,28-03-2024 16:28:57,S09,20240328
S09/20240328/00006,4,P104277,2,136.95,SALE,28-03-2024 16:28:57,S09,20240328
S09/20240328/00006,5,P101982,1,366.95,SALE,28-03-2024 16:28:57,S09,20240328
S09/20240328/00006,6,P105139,1,100.45,SALE,28-03-2024 16:28:57,S09,20240328
S09/20240328/00006,7,TAX,1,608.89,TAX,28-03-2024 16:28:57,S09,20240328
S09/20240328/00006,8,TENDER,1,9409.63,TENDER,28-03-2024 16:28:57,S09,20240328
S09/20240328/00007,1,P104986,1,215.50,SALE,28-03-2024 16:25:21,S09,20240328
S09/20240328/00007,2,P101048,2,188.58,SALE,28-03-2024 16:25:21,S09,20240328
S09/20240328/00007,3,P108379,3,305.48,SALE,28-03-2024 16:25:21,S09,20240328
S09/20240328/00007,4,P106282,2,440.95,SALE,28-03-2024 16:25:21,S09,20240328
S09/20240328/00007,5,TAX,1,326.36,TAX,28-03-2024 16:25:21,S09,20240328
S09/20240328/00007,6,TENDER,1,2717.36,TENDER,28-03-2024 16:25:21,S09,20240328
S09/20240328/00008,1,P103348,1,456.57,SALE,28-03-2024 19:14:09,S09,20240328
S09/20240328/00008,2,P105707,2,130.64,SALE,28-03-2024 19:14:09,S09,20240328
S09/20240328/00008,3,P103406,2,1154.48,SALE,28-03-2024 19:14:09,S09,20240328
S09/20240328/00008,4,P104446,5,52.95,SALE,28-03-2024 19:14:09,S09,20240328
S09/20240328/00008,5,P105868,2,71.99,SALE,28-03-2024 19:14:09,S09,20240328
S09/20240328/00008,6,TAX,1,386.11,TAX,28-03-2024 19:14:09,S09,20240328
S09/20240328/00008,7,TENDER,1,3821.65,TENDER,28-03-2024 19:14:09,S09,20240328
S09/20240328/00009,1,P105838,2,594.50,SALE,28-03-2024 19:07:36,S09,20240328
S09/20240328/00009,2,P107320,4,223.25,SALE,28-03-2024 19:07:36,S09,20240328
S09/20240328/00009,3,P106288,2,42.41,SALE,28-03-2024 19:07:36,S09,20240328
S09/20240328/00009,4,P100112,2,91.95,SALE,28-03-2024 19:07:36,S09,20240328
S09/20240328/00009,5,P105450,1,252.15,SALE,28-03-2024 19:07:36,S09,20240328
S09/20240328/00009,6,DISC,1,-221.70,DISCOUNT,28-03-2024 19:07:36,S09,20240328
S09/20240328/00009,7,TAX,1,132.19,TAX,28-03-2024 19:07:36,S09,20240328
S09/20240328/00009,8,TENDER,1,2513.36,TENDER,28-03-2024 19:07:36,S09,20240328
S09/20240328/00010,1,P102755,3,68.95,SALE,28-03-2024 15:28:56,S09,20240328
S09/20240328/00010,2,P100260,1,1124.20,SALE,28-03-2024 15:28:56,S09,20240328
S09/20240328/00010,3,P107446,2,561.07,SALE,28-03-2024 15:28:56,S09,20240328
S09/20240328/00010,4,P105345,4,295.95,SALE,28-03-2024 15:28:56,S09,20240328
S09/20240328/00010,5,P100156,2,1576.32,SALE,28-03-2024 15:28:56,S09,20240328
S09/20240328/00010,6,P108017,4,103.22,SALE,28-03-2024 15:28:56,S09,20240328
S09/20240328/00010,7,P101444,1,834.95,SALE,28-03-2024 15:28:56,S09,20240328
S09/20240328/00010,8,TAX,1,313.27,TAX,28-03-2024 15:28:56,S09,20240328
S09/20240328/00010,9,TENDER,1,8350.73,TENDER,28-03-2024 15:28:56,S09,20240328
S09/20240328/00011,1,P101766,1,219.42,SALE,28-03-2024 15:12:23,S09,20240328
S09/20240328/00011,2,P100224,2,78.05,SALE,28-03-2024 15:12:23,S09,20240328
S09/20240328/00011,3,P100731,1,268.30,SALE,28-03-2024 15:12:23,S09,20240328
S09/20240328/00011,4,P106522,1,208.95,SALE,28-03-2024 15:12:23,S09,20240328
S09/20240328/00011,5,TAX,1,92.88,TAX,28-03-2024 15:12:23,S09,20240328
S09/20240328/00011,6,TENDER,1,945.65,TENDER,28-03-2024 15:12:23,S09,20240328
S09/20240328/00012,1,P101279,4,224.83,SALE,28-03-2024 19:08:46,S09,20240328
S09/20240328/00012,2,P100276,4,937.37,SALE,28-03-2024 19:08:46,S09,20240328
S09/20240328/00012,3,P101681,2,139.09,SALE,28-03-2024 19:08:46,S09,20240328
S09/20240328/00012,4,P108335,1,153.41,SALE,28-03-2024 19:08:46,S09,20240328
S09/20240328/00012,5,P101332,4,400.98,SALE,28-03-2024 19:08:46,S09,20240328
S09/20240328/00012,6,TAX,1,509.56,TAX,28-03-2024 19:08:46,S09,20240328
S09/20240328/00012,7,TENDER,1,7193.87,TENDER,28-03-2024 19:08:46,S09,20240328
S09/20240328/00013,1,P104219,1,230.95,SALE,28-03-2024 12:13:24,S09,20240328
S09/20240328/00013,2,P101500,1,330.53,SALE,28-03-2024 12:13:24,S09,20240328
S09/20240328/00013,3,P102045,1,21.31,SALE,28-03-2024 12:13:24,S09,20240328
S09/20240328/00013,4,TAX,1,31.55,TAX,28-03-2024 12:13:24,S09,20240328
S09/20240328/00013,5,TENDER,1,614.34,TENDER,28-03-2024 12:13:24,S09,20240328
S09/20240328/00014,1,P107393,1,413.99,SALE,28-03-2024 19:23:02,S09,20240328
S09/20240328/00014,2,P106506,2,91.95,SALE,28-03-2024 19:23:02,S09,20240328
S09/20240328/00014,3,P102021,4,90.22,SALE,28-03-2024 19:23:02,S09,20240328
S09/20240328/00014,4,P104446,3,52.95,SALE,28-03-2024 19:23:02,S09,20240328
S09/20240328/00014,5,DISC,1,-72.04,DISCOUNT,28-03-2024 19:23:02,S09,20240328
S09/20240328/00014,6,TAX,1,144.71,TAX,28-03-2024 19:23:02,S09,20240328
S09/20240328/00014,7,TENDER,1,1190.29,TENDER,28-03-2024 19:23:02,S09,20240328
S09/20240328/00015,1,P107848,2,267.41,SALE,28-03-2024 22:52:51,S09,20240328
S09/20240328/00015,2,P101955,2,356.95,SALE,28-03-2024 22:52:51,S09,20240328
S09/20240328/00015,3,P105845,2,102.36,SALE,28-03-2024 22:52:51,S09,20240328
S09/20240328/00015,4,P104802,3,194.24,SALE,28-03-2024 22:52:51,S09,20240328
S09/20240328/00015,5,P100033,1,763.12,SALE,28-03-2024 22:52:51,S09,20240328
S09/20240328/00015,6,P101690,2,1048.95,SALE,28-03-2024 22:52:51,S09,20240328
S09/20240328/00015,7,TAX,1,440.03,TAX,28-03-2024 22:52:51,S09,20240328
S09/20240328/00015,8,TENDER,1,5337.21,TENDER,28-03-2024 22:52:51,S09,20240328
S09/20240328/00016,1,P103978,1,347.08,SALE,28-03-2024 14:44:06,S09,20240328
S09/20240328/00016,2,P105377,2,262.95,SALE,28-03-2024 14:44:06,S09,20240328
S09/20240328/00016,3,P100203,5,241.95,SALE,28-03-2024 14:44:06,S09,20240328
S09/20240328/00016,4,P106807,4,322.15,SALE,28-03-2024 14:44:06,S09,20240328
S09/20240328/00016,5,P105937,2,259.08,SALE,28-03-2024 14:44:06,S09,20240328
S09/20240328/00016,6,P108017,2,103.22,SALE,28-03-2024 14:44:06,S09,20240328
S09/20240328/00016,7,P101940,1,185.49,SALE,28-03-2024 14:44:06,S09,20240328
S09/20240328/00016,8,TAX,1,488.43,TAX,28-03-2024 14:44:06,S09,20240328
S09/20240328/00016,9,TENDER,1,4769.85,TENDER,28-03-2024 14:44:06,S09,20240328
S09/20240328/00017,1,P106765,2,270.40,SALE,28-03-2024 18:42:51,S09,20240328
S09/20240328/00017,2,P101156,2,91.80,SALE,28-03-2024 18:42:51,S09,20240328
S09/20240328/00017,3,P102236,3,933.52,SALE,28-03-2024 18:42:51,S09,20240328
S09/20240328/00017,4,P105656,3,438.95,SALE,28-03-2024 18:42:51,S09,20240328
S09/20240328/00017,5,TAX,1,246.55,TAX,28-03-2024 18:42:51,S09,20240328
S09/20240328/00017,6,TENDER,1,5088.36,TENDER,28-03-2024 18:42:51,S09,20240328
S09/20240328/00018,1,P100418,5,204.95,SALE,28-03-2024 13:41:17,S09,20240328
S09/20240328/00018,2,P100711,1,96.75,SALE,28-03-2024 13:41:17,S09,20240328
S09/20240328/00018,3,P102975,2,226.32,SALE,28-03-2024 13:41:17,S09,20240328
S09/20240328/00018,4,P100007,1,129.42,SALE,28-03-2024 13:41:17,S09,20240328
S09/20240328/00018,5,P102364,3,104.57,SALE,28-03-2024 13:41:17,S09,20240328
S09/20240328/00018,6,P106044,1,37.47,SALE,28-03-2024 13:41:17,S09,20240328
S09/20240328/00018,7,TAX,1,185.40,TAX,28-03-2024 13:41:17,S09,20240328
S09/20240328/00018,8,TENDER,1,2240.14,TENDER,28-03-2024 13:41:17,S09,20240328
S09/20240328/00019,1,P101585,1,11.51,SALE,28-03-2024 20:29:31,S09,20240328
S09/20240328/00019,2,P105030,4,211.39,SALE,28-03-2024 20:29:31,S09,20240328
S09/20240328/00019,3,P102975,2,226.32,SALE,28-03-2024 20:29:31,S09,20240328
S09/20240328/00019,4,TAX,1,235.75,TAX,28-03-2024 20:29:31,S09,20240328
S09/20240328/00019,5,TENDER,1,1545.46,TENDER,28-03-2024 20:29:31,S09,20240328
S09/20240328/00020,1,P100406,3,342.13,SALE,28-03-2024 15:47:44,S09,20240328
S09/20240328/00020,2,P103283,1,145.09,SALE,28-03-2024 15:47:44,S09,20240328
S09/20240328/00020,3,P103178,3,21.49,SALE,28-03-2024 15:47:44,S09,20240328
S09/20240328/00020,4,P106367,3,650.25,SALE,28-03-2024 15:47:44,S09,20240328
S09/20240328/00020,5,P104302,4,1205.95,SALE,28-03-2024 15:47:44,S09,20240328
S09/20240328/00020,6,P106907,1,294.95,SALE,28-03-2024 15:47:44,S09,20240328
S09/20240328/00020,7,TAX,1,746.57,TAX,28-03-2024 15:47:44,S09,20240328
S09/20240328/00020,8,TENDER,1,9052.02,TENDER,28-03-2024 15:47:44,S09,20240328
S09/20240328/00021,1,P102502,2,366.79,SALE,28-03-2024 21:52:06,S09,20240328
S09/20240328/00021,2,P106452,1,27.90,SALE,28-03-2024 21:52:06,S09,20240328
S09/20240328/00021,3,P103435,3,434.83,SALE,28-03-2024 21:52:06,S09,20240328
S09/20240328/00021,4,P107253,1,232.65,SALE,28-03-2024 21:52:06,S09,20240328
S09/20240328/00021,5,P105057,2,254.08,SALE,28-03-2024 21:52:06,S09,20240328
S09/20240328/00021,6,P102371,2,58.36,SALE,28-03-2024 21:52:06,S09,20240328
S09/20240328/00021,7,DISC,1,-303.62,DISCOUNT,28-03-2024 21:52:06,S09,20240328
S09/20240328/00021,8,TAX,1,411.97,TAX,28-03-2024 21:52:06,S09,20240328
S09/20240328/00021,9,TENDER,1,3031.85,TENDER,28-03-2024 21:52:06,S09,20240328
S09/20240328/00022,1,P100703,3,164.26,SALE,28-03-2024 15:36:52,S09,20240328
S09/20240328/00022,2,P107026,1,65.23,SALE,28-03-2024 15:36:52,S09,20240328
S09/20240328/00022,3,P103273,1,340.81,SALE,28-03-2024 15:36:52,S09,20240328
S09/20240328/00022,4,P102114,2,128.95,SALE,28-03-2024 15:36:52,S09,20240328
S09/20240328/00022,5,TAX,1,124.67,TAX,28-03-2024 15:36:52,S09,20240328
S09/20240328/00022,6,TENDER,1,1281.39,TENDER,28-03-2024 15:36:52,S09,20240328
S09/20240328/00023,1,P105083,2,245.38,SALE,28-03-2024 10:40:27,S09,20240328
S09/20240328/00023,2,P107477,1,116.48,SALE,28-03-2024 10:40:27,S09,20240328
S09/20240328/00023,3,P108179,1,290.92,SALE,28-03-2024 10:40:27,S09,20240328
S09/20240328/00023,4,P108356,1,189.09,SALE,28-03-2024 10:40:27,S09,20240328
S09/20240328/00023,5,TAX,1,151.76,TAX,28-03-2024 10:40:27,S09,20240328
S09/20240328/00023,6,TENDER,1,1239.01,TENDER,28-03-2024 10:40:27,S09,20240328
S09/20240328/00024,1,P103050,2,516.45,SALE,28-03-2024 14:23:29,S09,20240328
S09/20240328/00024,2,P101747,3,245.75,SALE,28-03-2024 14:23:29,S09,20240328
S09/20240328/00024,3,TAX,1,36.86,TAX,28-03-2024 14:23:29,S09,20240328
S09/20240328/00024,4,TENDER,1,1807.01,TENDER,28-03-2024 14:23:29,S09,20240328
S09/20240329/00001,1,P108262,1,601.82,SALE,29-03-2024 19:56:41,S09,20240329
S09/20240329/00001,2,P101874,3,19.95,SALE,29-03-2024 19:56:41,S09,20240329
S09/20240329/00001,3,P100057,2,215.95,SALE,29-03-2024 19:56:41,S09,20240329
S09/20240329/00001,4,P100406,1,342.13,SALE,29-03-2024 19:56:41,S09,20240329
S09/20240329/00001,5,TAX,1,177.26,TAX,29-03-2024 19:56:41,S09,20240329
S09/20240329/00001,6,TENDER,1,1612.96,TENDER,29-03-2024 19:56:41,S09,20240329
S09/20240329/00002,1,P100469,1,46.95,SALE,29-03-2024 15:29:16,S09,20240329
S09/20240329/00002,2,P102371,2,58.36,SALE,29-03-2024 15:29:16,S09,20240329
S09/20240329/00002,3,P105838,1,564.78,SALE,29-03-2024 15:29:16,S09,20240329
S09/20240329/00002,4,TAX,1,2.35,TAX,29-03-2024 15:29:16,S09,20240329
S09/20240329/00002,5,TENDER,1,730.80,TENDER,29-03-2024 15:29:16,S09,20240329
S09/20240329/00003,1,P100348,1,478.95,SALE,29-03-2024 16:02:53,S09,20240329
S09/20240329/00003,2,P108159,1,457.97,SALE,29-03-2024 16:02:53,S09,20240329
S09/20240329/00003,3,P107822,1,68.95,SALE,29-03-2024 16:02:53,S09,20240329
S09/20240329/00003,4,DISC,1,-42.17,DISCOUNT,29-03-2024 16:02:53,S09,20240329
S09/20240329/00003,5,TAX,1,34.83,TAX,29-03-2024 16:02:53,S09,20240329
S09/20240329/00003,6,TENDER,1,998.53,TENDER,29-03-2024 16:02:53,S09,20240329
S09/20240329/00004,1,P102821,2,1356.95,SALE,29-03-2024 07:55:47,S09,20240329
S09/20240329/00004,2,P107863,1,489.79,SALE,29-03-2024 07:55:47,S09,20240329
S09/20240329/00004,3,P104081,1,586.63,SALE,29-03-2024 07:55:47,S09,20240329
S09/20240329/00004,4,P107520,1,136.95,SALE,29-03-2024 07:55:47,S09,20240329
S09/20240329/00004,5,DISC,1,-286.59,DISCOUNT,29-03-2024 07:55:47,S09,20240329
S09/20240329/00004,6,TAX,1,88.08,TAX,29-03-2024 07:55:47,S09,20240329
S09/20240329/00004,7,TENDER,1,3728.76,TENDER,29-03-2024 07:55:47,S09,20240329
S09/20240329/00005,1,P106522,2,208.95,SALE,29-03-2024 11:27:20,S09,20240329
S09/20240329/00005,2,P100511,2,407.54,SALE,29-03-2024 11:27:20,S09,20240329
S09/20240329/00005,3,P107018,7,179.95,SALE,29-03-2024 11:27:20,S09,20240329
S09/20240329/00005,4,P105772,3,539.31,SALE,29-03-2024 11:27:20,S09,20240329
S09/20240329/00005,5,P107458,1,1239.88,SALE,29-03-2024 11:27:20,S09,20240329
S09/20240329/00005,6,P107920,2,100.63,SALE,29-03-2024 11:27:20,S09,20240329
S09/20240329/00005,7,TAX,1,509.14,TAX,29-03-2024 11:27:20,S09,20240329
S09/20240329/00005,8,TENDER,1,6060.84,TENDER,29-03-2024 11:27:20,S09,20240329
S09/20240329/00006,1,P101751,2,460.11,SALE,29-03-2024 17:17:27,S09,20240329
S09/20240329/00006,2,P108001,1,87.00,SALE,29-03-2024 17:17:27,S09,20240329
S09/20240329/00006,3,P102364,1,104.57,SALE,29-03-2024 17:17:27,S09,20240329
S09/20240329/00006,4,TAX,1,184.46,TAX,29-03-2024 17:17:27,S09,20240329
S09/20240329/00006,5,TENDER,1,1296.25,TENDER,29-03-2024 17:17:27,S09,20240329
S09/20240329/00007,1,P105260,2,72.61,SALE,29-03-2024 13:52:24,S09,20240329
S09/20240329/00007,2,P106522,4,208.95,SALE,29-03-2024 13:52:24,S09,20240329
S09/20240329/00007,3,P100049,1,66.95,SALE,29-03-2024 13:52:24,S09,20240329
S09/20240329/00007,4,P105483,2,153.63,SALE,29-03-2024 13:52:24,S09,20240329
S09/20240329/00007,5,P101010,1,71.39,SALE,29-03-2024 13:52:24,S09,20240329
S09/20240329/00007,6,P101774,3,1121.41,SALE,29-03-2024 13:52:24,S09,20240329
S09/20240329/00007,7,TAX,1,538.85,TAX,29-03-2024 13:52:24,S09,20240329
S09/20240329/00007,8,TENDER,1,5329.70,TENDER,29-03-2024 13:52:24,S09,20240329
S09/20240329/00008,1,P104617,1,101.65,SALE,29-03-2024 18:06:32,S09,20240329
S09/20240329/00008,2,P101827,3,139.26,SALE,29-03-2024 18:06:32,S09,20240329
S09/20240329/00008,3,P103487,3,345.08,SALE,29-03-2024 18:06:32,S09,20240329
S09/20240329/00008,4,P105890,2,1102.54,SALE,29-03-2024 18:06:32,S09,20240329
S09/20240329/00008,5,P103843,2,636.12,SALE,29-03-2024 18:06:32,S09,20240329
S09/20240329/00008,6,TAX,1,502.67,TAX,29-03-2024 18:06:32,S09,20240329
S09/20240329/00008,7,TENDER,1,5534.66,TENDER,29-03-2024 18:06:32,S09,20240329
S09/20240329/00009,1,P103435,2,434.83,SALE,29-03-2024 16:56:11,S09,20240329
S09/20240329/00009,2,TAX,1,156.54,TAX,29-03-2024 16:56:11,S09,20240329
S09/20240329/00009,3,TENDER,1,1026.20,TENDER,29-03-2024 16:56:11,S09,20240329
S09/20240329/00010,1,P102880,1,547.95,SALE,29-03-2024 16:04:50,S09,20240329
S09/20240329/00010,2,P103538,1,265.96,SALE,29-03-2024 16:04:50,S09,20240329
S09/20240329/00010,3,P106550,3,27.06,SALE,29-03-2024 16:04:50,S09,20240329
S09/20240329/00010,4,P101648,1,334.22,SALE,29-03-2024 16:04:50,S09,20240329
S09/20240329/00010,5,P103068,2,137.26,SALE,29-03-2024 16:04:50,S09,20240329
S09/20240329/00010,6,P100604,4,154.60,SALE,29-03-2024 16:04:50,S09,20240329
S09/20240329/00010,7,TAX,1,85.74,TAX,29-03-2024 16:04:50,S09,20240329
S09/20240329/00010,8,TENDER,1,2207.97,TENDER,29-03-2024 16:04:50,S09,20240329
S09/20240329/00011,1,P101533,3,1020.37,SALE,29-03-2024 19:02:43,S09,20240329
S09/20240329/00011,2,P104081,2,586.63,SALE,29-03-2024 19:02:43,S09,20240329
S09/20240329/00011,3,TAX,1,367.33,TAX,29-03-2024 19:02:43,S09,20240329
S09/20240329/00011,4,TENDER,1,4601.70,TENDER,29-03-2024 19:02:43,S09,20240329
S09/20240329/00012,1,P107094,2,87.94,SALE,29-03-2024 18:22:50,S09,20240329
S09/20240329/00012,2,P108131,4,611.06,SALE,29-03-2024 18:22:50,S09,20240329
S09/20240329/00012,3,P104600,1,48.49,SALE,29-03-2024 18:22:50,S09,20240329
S09/20240329/00012,4,P107695,2,282.58,SALE,29-03-2024 18:22:50,S09,20240329
S09/20240329/00012,5,P103785,1,491.90,SALE,29-03-2024 18:22:50,S09,20240329
S09/20240329/00012,6,TAX,1,317.05,TAX,29-03-2024 18:22:50,S09,20240329
S09/20240329/00012,7,TENDER,1,4042.72,TENDER,29-03-2024 18:22:50,S09,20240329
S09/20240329/00013,1,P103958,3,30.95,SALE,29-03-2024 07:52:01,S09,20240329
S09/20240329/00013,2,P107646,4,225.19,SALE,29-03-2024 07:52:01,S09,20240329
S09/20240329/00013,3,P103510,4,183.91,SALE,29-03-2024 07:52:01,S09,20240329
S09/20240329/00013,4,P104956,2,133.95,SALE,29-03-2024 07:52:01,S09,20240329
S09/20240329/00013,5,P105835,2,243.66,SALE,29-03-2024 07:52:01,S09,20240329
S09/20240329/00013,6,P105460,1,143.35,SALE,29-03-2024 07:52:01,S09,20240329
S09/20240329/00013,7,TAX,1,196.92,TAX,29-03-2024 07:52:01,S09,20240329
S09/20240329/00013,8,TENDER,1,2824.74,TENDER,29-03-2024 07:52:01,S09,20240329
S09/20240329/00014,1,P100150,2,280.80,SALE,29-03-2024 14:34:45,S09,20240329
S09/20240329/00014,2,P104410,3,466.86,SALE,29-03-2024 14:34:45,S09,20240329
S09/20240329/00014,3,P106720,1,126.28,SALE,29-03-2024 14:34:45,S09,20240329
S09/20240329/00014,4,P102042,1,540.93,SALE,29-03-2024 14:34:45,S09,20240329
S09/20240329/00014,5,P101638,2,373.95,SALE,29-03-2024 14:34:45,S09,20240329
S09/20240329/00014,6,TAX,1,419.71,TAX,29-03-2024 14:34:45,S09,20240329
S09/20240329/00014,7,TENDER,1,3797.00,TENDER,29-03-2024 14:34:45,S09,20240329
S09/20240329/00015,1,P101585,1,11.51,SALE,29-03-2024 16:49:45,S09,20240329
S09/20240329/00015,2,P106534,2,78.95,SALE,29-03-2024 16:49:45,S09,20240329
S09/20240329/00015,3,P103661,1,118.10,SALE,29-03-2024 16:49:45,S09,20240329
S09/20240329/00015,4,P105740,1,103.24,SALE,29-03-2024 16:49:45,S09,20240329
S09/20240329/00015,5,P100658,2,50.53,SALE,29-03-2024 16:49:45,S09,20240329
S09/20240329/00015,6,P106228,4,43.95,SALE,29-03-2024 16:49:45,S09,20240329
S09/20240329/00015,7,P108216,1,71.71,SALE,29-03-2024 16:49:45,S09,20240329
S09/20240329/00015,8,TAX,1,105.56,TAX,29-03-2024 16:49:45,S09,20240329
S09/20240329/00015,9,TENDER,1,844.88,TENDER,29-03-2024 16:49:45,S09,20240329
S09/20240329/00016,1,P106473,2,298.68,SALE,29-03-2024 14:09:29,S09,20240329
S09/20240329/00016,2,P103424,2,295.58,SALE,29-03-2024 14:09:29,S09,20240329
S09/20240329/00016,3,P102404,2,371.40,SALE,29-03-2024 14:09:29,S09,20240329
S09/20240329/00016,4,P108101,1,1603.81,SALE,29-03-2024 14:09:29,S09,20240329
S09/20240329/00016,5,P105944,1,985.47,SALE,29-03-2024 14:09:29,S09,20240329
S09/20240329/00016,6,TAX,1,489.18,TAX,29-03-2024 14:09:29,S09,20240329
S09/20240329/00016,7,TENDER,1,5009.78,TENDER,29-03-2024 14:09:29,S09,20240329
S09/20240329/00017,1,P106534,4,78.95,SALE,29-03-2024 18:03:42,S09,20240329
S09/20240329/00017,2,P102305,1,116.95,SALE,29-03-2024 18:03:42,S09,20240329
S09/20240329/00017,3,P100682,1,325.28,SALE,29-03-2024 18:03:42,S09,20240329
S09/20240329/00017,4,P101613,2,109.83,SALE,29-03-2024 18:03:42,S09,20240329
S09/20240329/00017,5,TAX,1,149.45,TAX,29-03-2024 18:03:42,S09,20240329
S09/20240329/00017,6,TENDER,1,1127.14,TENDER,29-03-2024 18:03:42,S09,20240329
S09/20240329/00018,1,P108026,2,89.33,SALE,29-03-2024 14:24:45,S09,20240329
S09/20240329/00018,2,P107208,3,302.95,SALE,29-03-2024 14:24:45,S09,20240329
S09/20240329/00018,3,P107246,2,310.13,SALE,29-03-2024 14:24:45,S09,20240329
S09/20240329/00018,4,P107446,1,561.07,SALE,29-03-2024 14:24:45,S09,20240329
S09/20240329/00018,5,P101481,1,42.95,SALE,29-03-2024 14:24:45,S09,20240329
S09/20240329/00018,6,P101697,1,85.25,SALE,29-03-2024 14:24:45,S09,20240329
S09/20240329/00018,7,DISC,1,-257.77,DISCOUNT,29-03-2024 14:24:45,S09,20240329
S09/20240329/00018,8,TAX,1,260.95,TAX,29-03-2024 14:24:45,S09,20240329
S09/20240329/00018,9,TENDER,1,2400.22,TENDER,29-03-2024 14:24:45,S09,20240329
S09/20240330/00001,1,P102248,2,21.80,SALE,30-03-2024 09:14:13,S09,20240330
S09/20240330/00001,2,P108272,2,101.95,SALE,30-03-2024 09:14:13,S09,20240330
S09/20240330/00001,3,P101076,4,606.89,SALE,30-03-2024 09:14:13,S09,20240330
S09/20240330/00001,4,P105698,1,165.72,SALE,30-03-2024 09:14:13,S09,20240330
S09/20240330/00001,5,P103525,1,219.41,SALE,30-03-2024 09:14:13,S09,20240330
S09/20240330/00001,6,TAX,1,186.65,TAX,30-03-2024 09:14:13,S09,20240330
S09/20240330/00001,7,TENDER,1,3246.84,TENDER,30-03-2024 09:14:13,S09,20240330
S09/20240330/00002,1,P103035,2,1201.33,SALE,30-03-2024 14:47:07,S09,20240330
S09/20240330/00002,2,P102947,2,59.21,SALE,30-03-2024 14:47:07,S09,20240330
S09/20240330/00002,3,P106602,1,120.10,SALE,30-03-2024 14:47:07,S09,20240330
S09/20240330/00002,4,P100348,3,478.95,SALE,30-03-2024 14:47:07,S09,20240330
S09/20240330/00002,5,P102335,2,94.25,SALE,30-03-2024 14:47:07,S09,20240330
S09/20240330/00002,6,TAX,1,231.91,TAX,30-03-2024 14:47:07,S09,20240330
S09/20240330/00002,7,TENDER,1,4498.44,TENDER,30-03-2024 14:47:07,S09,20240330
S09/20240330/00003,1,P101095,3,205.38,SALE,30-03-2024 20:58:52,S09,20240330
S09/20240330/00003,2,P107903,1,144.89,SALE,30-03-2024 20:58:52,S09,20240330
S09/20240330/00003,3,P104533,2,256.47,SALE,30-03-2024 20:58:52,S09,20240330
S09/20240330/00003,4,P103918,2,534.07,SALE,30-03-2024 20:58:52,S09,20240330
S09/20240330/00003,5,P104155,3,137.26,SALE,30-03-2024 20:58:52,S09,20240330
S09/20240330/00003,6,TAX,1,105.13,TAX,30-03-2024 20:58:52,S09,20240330
S09/20240330/00003,7,TENDER,1,2859.02,TENDER,30-03-2024 20:58:52,S09,20240330
S09/20240330/00004,1,P105413,2,1243.79,SALE,30-03-2024 18:24:06,S09,20240330
S09/20240330/00004,2,P102892,3,220.95,SALE,30-03-2024 18:24:06,S09,20240330
S09/20240330/00004,3,P106234,1,78.81,SALE,30-03-2024 18:24:06,S09,20240330
S09/20240330/00004,4,P100406,2,342.13,SALE,30-03-2024 18:24:06,S09,20240330
S09/20240330/00004,5,P100354,3,182.63,SALE,30-03-2024 18:24:06,S09,20240330
S09/20240330/00004,6,P103452,1,1039.07,SALE,30-03-2024 18:24:06,S09,20240330
S09/20240330/00004,7,P104756,1,334.95,SALE,30-03-2024 18:24:06,S09,20240330
S09/20240330/00004,8,P104277,6,136.79,SALE,30-03-2024 18:24:06,S09,20240330
S09/20240330/00004,9,P107863,2,489.79,SALE,30-03-2024 18:24:06,S09,20240330
S09/20240330/00004,10,P105450,3,252.15,SALE,30-03-2024 18:24:06,S09,20240330
S09/20240330/00004,11,TAX,1,894.20,TAX,30-03-2024 18:24:06,S09,20240330
S09/20240330/00004,12,TENDER,1,9286.38,TENDER,30-03-2024 18:24:06,S09,20240330
S09/20240330/00005,1,P107925,2,1023.82,SALE,30-03-2024 17:26:27,S09,20240330
S09/20240330/00005,2,P100178,2,427.16,SALE,30-03-2024 17:26:27,S09,20240330
S09/20240330/00005,3,P106592,1,690.17,SALE,30-03-2024 17:26:27,S09,20240330
S09/20240330/00005,4,P100260,1,1124.20,SALE,30-03-2024 17:26:27,S09,20240330
S09/20240330/00005,5,TAX,1,290.67,TAX,30-03-2024 17:26:27,S09,20240330
S09/20240330/00005,6,TENDER,1,5007.00,TENDER,30-03-2024 17:26:27,S09,20240330
S09/20240330/00006,1,P107354,1,205.43,SALE,30-03-2024 16:12:20,S09,20240330
S09/20240330/00006,2,TAX,1,24.65,TAX,30-03-2024 16:12:20,S09,20240330
S09/20240330/00006,3,TENDER,1,230.08,TENDER,30-03-2024 16:12:20,S09,20240330
S09/20240330/00007,1,P106989,1,24.76,SALE,30-03-2024 19:20:25,S09,20240330
S09/20240330/00007,2,P102559,1,86.19,SALE,30-03-2024 19:20:25,S09,20240330
S09/20240330/00007,3,P108302,2,855.55,SALE,30-03-2024 19:20:25,S09,20240330
S09/20240330/00007,4,P102175,2,191.56,SALE,30-03-2024 19:20:25,S09,20240330
S09/20240330/00007,5,P100456,1,982.47,SALE,30-03-2024 19:20:25,S09,20240330
S09/20240330/00007,6,P102480,4,198.67,SALE,30-03-2024 19:20:25,S09,20240330
S09/20240330/00007,7,P107581,1,243.81,SALE,30-03-2024 19:20:25,S09,20240330
S09/20240330/00007,8,TAX,1,212.44,TAX,30-03-2024 19:20:25,S09,20240330
S09/20240330/00007,9,TENDER,1,4438.57,TENDER,30-03-2024 19:20:25,S09,20240330
S09/20240330/00008,1,P105772,1,539.31,SALE,30-03-2024 15:16:40,S09,20240330
S09/20240330/00008,2,P102160,1,221.62,SALE,30-03-2024 15:16:40,S09,20240330
S09/20240330/00008,3,P102714,2,80.41,SALE,30-03-2024 15:16:40,S09,20240330
S09/20240330/00008,4,P102972,1,212.89,SALE,30-03-2024 15:16:40,S09,20240330
S09/20240330/00008,5,P108302,2,855.55,SALE,30-03-2024 15:16:40,S09,20240330
S09/20240330/00008,6,DISC,1,-101.48,DISCOUNT,30-03-2024 15:16:40,S09,20240330
S09/20240330/00008,7,TAX,1,245.01,TAX,30-03-2024 15:16:40,S09,20240330
S09/20240330/00008,8,TENDER,1,2989.27,TENDER,30-03-2024 15:16:40,S09,20240330
S09/20240330/00009,1,P101766,2,207.00,SALE,30-03-2024 19:38:55,S09,20240330
S09/20240330/00009,2,P104435,1,407.95,SALE,30-03-2024 19:38:55,S09,20240330
S09/20240330/00009,3,TAX,1,98.63,TAX,30-03-2024 19:38:55,S09,20240330
S09/20240330/00009,4,TENDER,1,920.58,TENDER,30-03-2024 19:38:55,S09,20240330
S09/20240330/00010,1,P101359,2,403.35,SALE,30-03-2024 17:45:34,S09,20240330
S09/20240330/00010,2,P102761,3,159.81,SALE,30-03-2024 17:45:34,S09,20240330
S09/20240330/00010,3,DISC,1,-29.90,DISCOUNT,30-03-2024 17:45:34,S09,20240330
S09/20240330/00010,4,TAX,1,141.83,TAX,30-03-2024 17:45:34,S09,20240330
S09/20240330/00010,5,TENDER,1,1398.06,TENDER,30-03-2024 17:45:34,S09,20240330
S09/20240330/00011,1,P107848,2,267.41,SALE,30-03-2024 16:27:41,S09,20240330
S09/20240330/00011,2,P103517,1,152.28,SALE,30-03-2024 16:27:41,S09,20240330
S09/20240330/00011,3,P104139,2,202.92,SALE,30-03-2024 16:27:41,S09,20240330
S09/20240330/00011,4,P107759,3,229.95,SALE,30-03-2024 16:27:41,S09,20240330
S09/20240330/00011,5,TAX,1,26.74,TAX,30-03-2024 16:27:41,S09,20240330
S09/20240330/00011,6,TENDER,1,1809.53,TENDER,30-03-2024 16:27:41,S09,20240330
S09/20240330/00012,1,P106207,2,459.95,SALE,30-03-2024 11:05:33,S09,20240330
S09/20240330/00012,2,P102849,1,641.17,SALE,30-03-2024 11:05:33,S09,20240330
S09/20240330/00012,3,TAX,1,242.52,TAX,30-03-2024 11:05:33,S09,20240330
S09/20240330/00012,4,TENDER,1,1803.59,TENDER,30-03-2024 11:05:33,S09,20240330
S09/20240330/00013,1,P101272,2,87.22,SALE,30-03-2024 11:01:11,S09,20240330
S09/20240330/00013,2,P102695,1,1254.95,SALE,30-03-2024 11:01:11,S09,20240330
S09/20240330/00013,3,TAX,1,159.32,TAX,30-03-2024 11:01:11,S09,20240330
S09/20240330/00013,4,TENDER,1,1588.71,TENDER,30-03-2024 11:01:11,S09,20240330
S09/20240330/00014,1,P100463,1,281.78,SALE,30-03-2024 13:16:34,S09,20240330
S09/20240330/00014,2,P100736,3,700.87,SALE,30-03-2024 13:16:34,S09,20240330
S09/20240330/00014,3,P101974,2,302.00,SALE,30-03-2024 13:16:34,S09,20240330
S09/20240330/00014,4,P102626,1,344.82,SALE,30-03-2024 13:16:34,S09,20240330
S09/20240330/00014,5,P102738,1,531.89,SALE,30-03-2024 13:16:34,S09,20240330
S09/20240330/00014,6,DISC,1,-385.40,DISCOUNT,30-03-2024 13:16:34,S09,20240330
S09/20240330/00014,7,TAX,1,450.19,TAX,30-03-2024 13:16:34,S09,20240330
S09/20240330/00014,8,TENDER,1,3929.89,TENDER,30-03-2024 13:16:34,S09,20240330
S09/20240330/00015,1,P100367,1,537.90,SALE,30-03-2024 10:12:19,S09,20240330
S09/20240330/00015,2,P107925,2,1023.82,SALE,30-03-2024 10:12:19,S09,20240330
S09/20240330/00015,3,TAX,1,199.20,TAX,30-03-2024 10:12:19,S09,20240330
S09/20240330/00015,4,TENDER,1,2784.74,TENDER,30-03-2024 10:12:19,S09,20240330
S09/20240330/00016,1,P106577,2,46.90,SALE,30-03-2024 23:43:25,S09,20240330
S09/20240330/00016,2,P102954,1,119.54,SALE,30-03-2024 23:43:25,S09,20240330
S09/20240330/00016,3,TAX,1,19.03,TAX,30-03-2024 23:43:25,S09,20240330
S09/20240330/00016,4,TENDER,1,232.37,TENDER,30-03-2024 23:43:25,S09,20240330
S09/20240330/00017,1,P106162,2,527.95,SALE,30-03-2024 18:03:58,S09,20240330
S09/20240330/00017,2,P100784,2,210.00,SALE,30-03-2024 18:03:58,S09,20240330
S09/20240330/00017,3,P100100,2,374.32,SALE,30-03-2024 18:03:58,S09,20240330
S09/20240330/00017,4,P106123,1,244.95,SALE,30-03-2024 18:03:58,S09,20240330
S09/20240330/00017,5,P105450,3,252.15,SALE,30-03-2024 18:03:58,S09,20240330
S09/20240330/00017,6,P107047,2,413.27,SALE,30-03-2024 18:03:58,S09,20240330
S09/20240330/00017,7,TAX,1,264.62,TAX,30-03-2024 18:03:58,S09,20240330
S09/20240330/00017,8,TENDER,1,4317.10,TENDER,30-03-2024 18:03:58,S09,20240330
S09/20240330/00018,1,P108247,1,242.95,SALE,30-03-2024 12:38:39,S09,20240330
S09/20240330/00018,2,P101076,1,606.89,SALE,30-03-2024 12:38:39,S09,20240330
S09/20240330/00018,3,P103727,2,116.88,SALE,30-03-2024 12:38:39,S09,20240330
S09/20240330/00018,4,P101374,2,49.36,SALE,30-03-2024 12:38:39,S09,20240330
S09/20240330/00018,5,TAX,1,119.90,TAX,30-03-2024 12:38:39,S09,20240330
S09/20240330/00018,6,TENDER,1,1302.22,TENDER,30-03-2024 12:38:39,S09,20240330
S09/20240330/00019,1,P100224,1,78.05,SALE,30-03-2024 15:47:31,S09,20240330
S09/20240330/00019,2,P103159,3,1193.28,SALE,30-03-2024 15:47:31,S09,20240330
S09/20240330/00019,3,P104270,2,1036.53,SALE,30-03-2024 15:47:31,S09,20240330
S09/20240330/00019,4,P104242,1,275.95,SALE,30-03-2024 15:47:31,S09,20240330
S09/20240330/00019,5,P104909,1,334.66,SALE,30-03-2024 15:47:31,S09,20240330
S09/20240330/00019,6,P102972,3,212.89,SALE,30-03-2024 15:47:31,S09,20240330
S09/20240330/00019,7,P103259,2,298.27,SALE,30-03-2024 15:47:31,S09,20240330
S09/20240330/00019,8,TAX,1,217.31,TAX,30-03-2024 15:47:31,S09,20240330
S09/20240330/00019,9,TENDER,1,7794.08,TENDER,30-03-2024 15:47:31,S09,20240330
S09/20240330/00020,1,P100889,1,976.95,SALE,30-03-2024 20:58:30,S09,20240330
S09/20240330/00020,2,DISC,1,-92.50,DISCOUNT,30-03-2024 20:58:30,S09,20240330
S09/20240330/00020,3,TAX,1,44.22,TAX,30-03-2024 20:58:30,S09,20240330
S09/20240330/00020,4,TENDER,1,928.67,TENDER,30-03-2024 20:58:30,S09,20240330
S09/20240330/00021,1,P106399,3,1107.95,SALE,30-03-2024 16:33:49,S09,20240330
S09/20240330/00021,2,P108101,2,1603.81,SALE,30-03-2024 16:33:49,S09,20240330
S09/20240330/00021,3,P100380,2,136.58,SALE,30-03-2024 16:33:49,S09,20240330
S09/20240330/00021,4,P108162,1,221.93,SALE,30-03-2024 16:33:49,S09,20240330
S09/20240330/00021,5,P100511,1,407.54,SALE,30-03-2024 16:33:49,S09,20240330
S09/20240330/00021,6,P102886,6,140.12,SALE,30-03-2024 16:33:49,S09,20240330
S09/20240330/00021,7,P102581,3,189.36,SALE,30-03-2024 16:33:49,S09,20240330
S09/20240330/00021,8,DISC,1,-301.20,DISCOUNT,30-03-2024 16:33:49,S09,20240330
S09/20240330/00021,9,TAX,1,914.74,TAX,30-03-2024 16:33:49,S09,20240330
S09/20240330/00021,10,TENDER,1,9456.44,TENDER,30-03-2024 16:33:49,S09,20240330
S09/20240330/00022,1,P107952,2,1852.40,SALE,30-03-2024 15:28:36,S09,20240330
S09/20240330/00022,2,P103124,1,478.95,SALE,30-03-2024 15:28:36,S09,20240330
S09/20240330/00022,3,P106958,2,120.44,SALE,30-03-2024 15:28:36,S09,20240330
S09/20240330/00022,4,P105106,1,101.21,SALE,30-03-2024 15:28:36,S09,20240330
S09/20240330/00022,5,P102485,1,202.08,SALE,30-03-2024 15:28:36,S09,20240330
S09/20240330/00022,6,P105119,1,91.19,SALE,30-03-2024 15:28:36,S09,20240330
S09/20240330/00022,7,P107903,1,144.89,SALE,30-03-2024 15:28:36,S09,20240330
S09/20240330/00022,8,P101258,1,208.34,SALE,30-03-2024 15:28:36,S09,20240330
S09/20240330/00022,9,DISC,1,-216.17,DISCOUNT,30-03-2024 15:28:36,S09,20240330
S09/20240330/00022,10,TAX,1,227.94,TAX,30-03-2024 15:28:36,S09,20240330
S09/20240330/00022,11,TENDER,1,5184.11,TENDER,30-03-2024 15:28:36,S09,20240330
S09/20240330/00023,1,P101940,4,185.49,SALE,30-03-2024 18:16:34,S09,20240330
S09/20240330/00023,2,P102296,2,43.24,SALE,30-03-2024 18:16:34,S09,20240330
S09/20240330/00023,3,P106958,3,120.44,SALE,30-03-2024 18:16:34,S09,20240330
S09/20240330/00023,4,P106848,2,16.02,SALE,30-03-2024 18:16:34,S09,20240330
S09/20240330/00023,5,P101458,3,1309.22,SALE,30-03-2024 18:16:34,S09,20240330
S09/20240330/00023,6,TAX,1,169.64,TAX,30-03-2024 18:16:34,S09,20240330
S09/20240330/00023,7,TENDER,1,5319.10,TENDER,30-03-2024 18:16:34,S09,20240330
S09/20240330/00024,1,P107197,4,602.03,SALE,30-03-2024 16:22:59,S09,20240330
S09/20240330/00024,2,P103364,1,105.92,SALE,30-03-2024 16:22:59,S09,20240330
S09/20240330/00024,3,P108041,3,368.87,SALE,30-03-2024 16:22:59,S09,20240330
S09/20240330/00024,4,TAX,1,566.25,TAX,30-03-2024 16:22:59,S09,20240330
S09/20240330/00024,5,TENDER,1,4186.90,TENDER,30-03-2024 16:22:59,S09,20240330
S09/20240330/00025,1,P102623,2,110.85,SALE,30-03-2024 15:48:56,S09,20240330
S09/20240330/00025,2,P107190,4,223.50,SALE,30-03-2024 15:48:56,S09,20240330
S09/20240330/00025,3,P102903,1,51.46,SALE,30-03-2024 15:48:56,S09,20240330
S09/20240330/00025,4,P101156,2,91.80,SALE,30-03-2024 15:48:56,S09,20240330
S09/20240330/00025,5,P103155,2,243.23,SALE,30-03-2024 15:48:56,S09,20240330
S09/20240330/00025,6,P108374,2,1247.39,SALE,30-03-2024 15:48:56,S09,20240330
S09/20240330/00025,7,P107662,3,312.42,SALE,30-03-2024 15:48:56,S09,20240330
S09/20240330/00025,8,TAX,1,462.24,TAX,30-03-2024 15:48:56,S09,20240330
S09/20240330/00025,9,TENDER,1,5731.50,TENDER,30-03-2024 15:48:56,S09,20240330
S09/20240330/00026,1,P101949,3,857.51,SALE,30-03-2024 20:03:44,S09,20240330
S09/20240330/00026,2,P104665,3,217.71,SALE,30-03-2024 20:03:44,S09,20240330
S09/20240330/00026,3,P103871,1,198.67,SALE,30-03-2024 20:03:44,S09,20240330
S09/20240330/00026,4,P104277,1,136.79,SALE,30-03-2024 20:03:44,S09,20240330
S09/20240330/00026,5,P101933,2,1288.17,SALE,30-03-2024 20:03:44,S09,20240330
S09/20240330/00026,6,DISC,1,-210.75,DISCOUNT,30-03-2024 20:03:44,S09,20240330
S09/20240330/00026,7,TAX,1,523.88,TAX,30-03-2024 20:03:44,S09,20240330
S09/20240330/00026,8,TENDER,1,6450.59,TENDER,30-03-2024 20:03:44,S09,20240330
S09/20240330/00027,1,P108282,1,360.34,SALE,30-03-2024 14:09:30,S09,20240330
S09/20240330/00027,2,P102516,3,1272.67,SALE,30-03-2024 14:09:30,S09,20240330
S09/20240330/00027,3,P102648,2,435.00,SALE,30-03-2024 14:09:30,S09,20240330
S09/20240330/00027,4,P108346,1,478.23,SALE,30-03-2024 14:09:30,S09,20240330
S09/20240330/00027,5,TAX,1,389.43,TAX,30-03-2024 14:09:30,S09,20240330
S09/20240330/00027,6,TENDER,1,5916.01,TENDER,30-03-2024 14:09:30,S09,20240330
S09/20240330/00028,1,P107715,2,241.95,SALE,30-03-2024 23:18:27,S09,20240330
S09/20240330/00028,2,P100855,2,345.07,SALE,30-03-2024 23:18:27,S09,20240330
S09/20240330/00028,3,TAX,1,211.33,TAX,30-03-2024 23:18:27,S09,20240330
S09/20240330/00028,4,TENDER,1,1385.37,TENDER,30-03-2024 23:18:27,S09,20240330
S09/20240330/00029,1,P101052,2,198.99,SALE,30-03-2024 13:29:37,S09,20240330
S09/20240330/00029,2,P101444,1,834.95,SALE,30-03-2024 13:29:37,S09,20240330
S09/20240330/00029,3,P107890,2,133.07,SALE,30-03-2024 13:29:37,S09,20240330
S09/20240330/00029,4,P108135,1,539.95,SALE,30-03-2024 13:29:37,S09,20240330
S09/20240330/00029,5,P107337,1,365.85,SALE,30-03-2024 13:29:37,S09,20240330
S09/20240330/00029,6,P104401,1,208.95,SALE,30-03-2024 13:29:37,S09,20240330
S09/20240330/00029,7,P101720,1,43.95,SALE,30-03-2024 13:29:37,S09,20240330
S09/20240330/00029,8,P102243,4,133.95,SALE,30-03-2024 13:29:37,S09,20240330
S09/20240330/00029,9,TAX,1,199.04,TAX,30-03-2024 13:29:37,S09,20240330
S09/20240330/00029,10,TENDER,1,3392.61,TENDER,30-03-2024 13:29:37,S09,20240330
S09/20240330/00030,1,P108144,2,257.95,SALE,30-03-2024 13:27:12,S09,20240330
S09/20240330/00030,2,P106844,2,22.95,SALE,30-03-2024 13:27:12,S09,20240330
S09/20240330/00030,3,P101421,6,112.02,SALE,30-03-2024 13:27:12,S09,20240330
S09/20240330/00030,4,P106522,1,208.95,SALE,30-03-2024 13:27:12,S09,20240330
S09/20240330/00030,5,P105119,1,91.19,SALE,30-03-2024 13:27:12,S09,20240330
S09/20240330/00030,6,DISC,1,-170.93,DISCOUNT,30-03-2024 13:27:12,S09,20240330
S09/20240330/00030,7,TAX,1,193.72,TAX,30-03-2024 13:27:12,S09,20240330
S09/20240330/00030,8,TENDER,1,1556.85,TENDER,30-03-2024 13:27:12,S09,20240330
S09/20240330/00031,1,P104695,2,66.60,SALE,30-03-2024 13:47:40,S09,20240330
S09/20240330/00031,2,P107681,2,184.66,SALE,30-03-2024 13:47:40,S09,20240330
S09/20240330/00031,3,TAX,1,73.14,TAX,30-03-2024 13:47:40,S09,20240330
S09/20240330/00031,4,TENDER,1,575.66,TENDER,30-03-2024 13:47:40,S09,20240330
S09/20240330/00032,1,P101690,1,1048.95,SALE,30-03-2024 16:37:58,S09,20240330
S09/20240330/00032,2,P100652,1,43.95,SALE,30-03-2024 16:37:58,S09,20240330
S09/20240330/00032,3,TAX,1,60.36,TAX,30-03-2024 16:37:58,S09,20240330
S09/20240330/00032,4,TENDER,1,1153.26,TENDER,30-03-2024 16:37:58,S09,20240330
S09/20240330/00033,1,P106181,1,885.95,SALE,30-03-2024 14:08:59,S09,20240330
S09/20240330/00033,2,P103029,2,11.28,SALE,30-03-2024 14:08:59,S09,20240330
S09/20240330/00033,3,P105127,2,62.95,SALE,30-03-2024 14:08:59,S09,20240330
S09/20240330/00033,4,P107488,2,303.21,SALE,30-03-2024 14:08:59,S09,20240330
S09/20240330/00033,5,P107863,1,489.79,SALE,30-03-2024 14:08:59,S09,20240330
S09/20240330/00033,6,P107536,2,1495.35,SALE,30-03-2024 14:08:59,S09,20240330
S09/20240330/00033,7,TAX,1,207.67,TAX,30-03-2024 14:08:59,S09,20240330
S09/20240330/00033,8,TENDER,1,5328.99,TENDER,30-03-2024 14:08:59,S09,20240330
S09/20240331/00001,1,P102324,2,194.59,SALE,31-03-2024 15:58:36,S09,20240331
S09/20240331/00001,2,P106353,2,244.95,SALE,31-03-2024 15:58:36,S09,20240331
S09/20240331/00001,3,P106059,1,292.81,SALE,31-03-2024 15:58:36,S09,20240331
S09/20240331/00001,4,P100305,2,771.81,SALE,31-03-2024 15:58:36,S09,20240331
S09/20240331/00001,5,P106169,1,221.03,SALE,31-03-2024 15:58:36,S09,20240331
S09/20240331/00001,6,TAX,1,200.13,TAX,31-03-2024 15:58:36,S09,20240331
S09/20240331/00001,7,TENDER,1,3136.67,TENDER,31-03-2024 15:58:36,S09,20240331
S09/20240331/00002,1,P103591,2,102.70,SALE,31-03-2024 16:56:07,S09,20240331
S09/20240331/00002,2,P104175,2,846.06,SALE,31-03-2024 16:56:07,S09,20240331
S09/20240331/00002,3,P100869,2,56.95,SALE,31-03-2024 16:56:07,S09,20240331
S09/20240331/00002,4,P102114,2,128.95,SALE,31-03-2024 16:56:07,S09,20240331
S09/20240331/00002,5,P105707,2,130.64,SALE,31-03-2024 16:56:07,S09,20240331
S09/20240331/00002,6,P107884,1,29.54,SALE,31-03-2024 16:56:07,S09,20240331
S09/20240331/00002,7,P104844,2,530.87,SALE,31-03-2024 16:56:07,S09,20240331
S09/20240331/00002,8,P107308,3,207.74,SALE,31-03-2024 16:56:07,S09,20240331
S09/20240331/00002,9,TAX,1,265.47,TAX,31-03-2024 16:56:07,S09,20240331
S09/20240331/00002,10,TENDER,1,4510.57,TENDER,31-03-2024 16:56:07,S09,20240331
S09/20240331/00003,1,P100595,1,388.65,SALE,31-03-2024 16:24:18,S09,20240331
S09/20240331/00003,2,P106093,6,315.93,SALE,31-03-2024 16:24:18,S09,20240331
S09/20240331/00003,3,P103438,3,187.96,SALE,31-03-2024 16:24:18,S09,20240331
S09/20240331/00003,4,P103171,3,56.95,SALE,31-03-2024 16:24:18,S09,20240331
S09/20240331/00003,5,P106757,1,398.95,SALE,31-03-2024 16:24:18,S09,20240331
S09/20240331/00003,6,P104933,1,468.07,SALE,31-03-2024 16:24:18,S09,20240331
S09/20240331/00003,7,DISC,1,-136.43,DISCOUNT,31-03-2024 16:24:18,S09,20240331
S09/20240331/00003,8,TAX,1,400.47,TAX,31-03-2024 16:24:18,S09,20240331
S09/20240331/00003,9,TENDER,1,4150.02,TENDER,31-03-2024 16:24:18,S09,20240331
S09/20240331/00004,1,P100499,2,234.95,SALE,31-03-2024 16:18:56,S09,20240331
S09/20240331/00004,2,P106357,2,1078.45,SALE,31-03-2024 16:18:56,S09,20240331
S09/20240331/00004,3,P107414,1,539.23,SALE,31-03-2024 16:18:56,S09,20240331
S09/20240331/00004,4,P107040,2,474.18,SALE,31-03-2024 16:18:56,S09,20240331
S09/20240331/00004,5,P105594,2,317.30,SALE,31-03-2024 16:18:56,S09,20240331
S09/20240331/00004,6,TAX,1,465.75,TAX,31-03-2024 16:18:56,S09,20240331
S09/20240331/00004,7,TENDER,1,5214.74,TENDER,31-03-2024 16:18:56,S09,20240331
S09/20240331/00005,1,P107925,1,1023.82,SALE,31-03-2024 18:15:18,S09,20240331
S09/20240331/00005,2,P108041,1,368.87,SALE,31-03-2024 18:15:18,S09,20240331
S09/20240331/00005,3,P104558,2,396.14,SALE,31-03-2024 18:15:18,S09,20240331
S09/20240331/00005,4,P106927,2,140.95,SALE,31-03-2024 18:15:18,S09,20240331
S09/20240331/00005,5,P105260,1,72.61,SALE,31-03-2024 18:15:18,S09,20240331
S09/20240331/00005,6,P103035,1,1201.33,SALE,31-03-2024 18:15:18,S09,20240331
S09/20240331/00005,7,TAX,1,273.40,TAX,31-03-2024 18:15:18,S09,20240331
S09/20240331/00005,8,TENDER,1,4014.21,TENDER,31-03-2024 18:15:18,S09,20240331
S09/20240331/00006,1,P106282,1,440.95,SALE,31-03-2024 18:52:39,S09,20240331
S09/20240331/00006,2,P102998,3,145.74,SALE,31-03-2024 18:52:39,S09,20240331
S09/20240331/00006,3,P103029,2,11.28,SALE,31-03-2024 18:52:39,S09,20240331
S09/20240331/00006,4,TAX,1,162.13,TAX,31-03-2024 18:52:39,S09,20240331
S09/20240331/00006,5,TENDER,1,1062.86,TENDER,31-03-2024 18:52:39,S09,20240331
S09/20240331/00007,1,P100604,1,154.60,SALE,31-03-2024 18:13:39,S09,20240331
S09/20240331/00007,2,P106228,2,43.95,SALE,31-03-2024 18:13:39,S09,20240331
S09/20240331/00007,3,P102982,2,263.07,SALE,31-03-2024 18:13:39,S09,20240331
S09/20240331/00007,4,TAX,1,110.53,TAX,31-03-2024 18:13:39,S09,20240331
S09/20240331/00007,5,TENDER,1,879.17,TENDER,31-03-2024 18:13:39,S09,20240331
S09/20240331/00008,1,P105092,3,421.74,SALE,31-03-2024 17:09:55,S09,20240331
S09/20240331/00008,2,P107354,1,205.43,SALE,31-03-2024 17:09:55,S09,20240331
S09/20240331/00008,3,P106473,4,298.68,SALE,31-03-2024 17:09:55,S09,20240331
S09/20240331/00008,4,P100049,1,66.95,SALE,31-03-2024 17:09:55,S09,20240331
S09/20240331/00008,5,P105337,1,31.85,SALE,31-03-2024 17:09:55,S09,20240331
S09/20240331/00008,6,P106686,2,275.45,SALE,31-03-2024 17:09:55,S09,20240331
S09/20240331/00008,7,P100375,2,163.45,SALE,31-03-2024 17:09:55,S09,20240331
S09/20240331/00008,8,P105666,3,1064.29,SALE,31-03-2024 17:09:55,S09,20240331
S09/20240331/00008,9,TAX,1,524.97,TAX,31-03-2024 17:09:55,S09,20240331
S09/20240331/00008,10,TENDER,1,7359.81,TENDER,31-03-2024 17:09:55,S09,20240331
S09/20240331/00009,1,P103372,3,43.95,SALE,31-03-2024 17:11:33,S09,20240331
S09/20240331/00009,2,TAX,1,23.73,TAX,31-03-2024 17:11:33,S09,20240331
S09/20240331/00009,3,TENDER,1,155.58,TENDER,31-03-2024 17:11:33,S09,20240331
S09/20240331/00010,1,P106984,3,26.90,SALE,31-03-2024 11:00:40,S09,20240331
S09/20240331/00010,2,P103137,4,218.09,SALE,31-03-2024 11:00:40,S09,20240331
S09/20240331/00010,3,P107320,1,223.25,SALE,31-03-2024 11:00:40,S09,20240331
S09/20240331/00010,4,P101669,1,45.80,SALE,31-03-2024 11:00:40,S09,20240331
S09/20240331/00010,5,P100406,1,342.13,SALE,31-03-2024 11:00:40,S09,20240331
S09/20240331/00010,6,P103732,2,94.74,SALE,31-03-2024 11:00:40,S09,20240331
S09/20240331/00010,7,P104168,1,512.27,SALE,31-03-2024 11:00:40,S09,20240331
S09/20240331/00010,8,DISC,1,-169.14,DISCOUNT,31-03-2024 11:00:40,S09,20240331
S09/20240331/00010,9,TAX,1,175.81,TAX,31-03-2024 11:00:40,S09,20240331
S09/20240331/00010,10,TENDER,1,2272.66,TENDER,31-03-2024 11:00:40,S09,20240331
S09/20240331/00011,1,P103647,2,37.95,SALE,31-03-2024 21:51:12,S09,20240331
S09/20240331/00011,2,TAX,1,0.00,TAX,31-03-2024 21:51:12,S09,20240331
S09/20240331/00011,3,TENDER,1,75.90,TENDER,31-03-2024 21:51:12,S09,20240331
S09/20240331/00012,1,P102755,2,68.95,SALE,31-03-2024 20:20:27,S09,20240331
S09/20240331/00012,2,P105656,3,438.95,SALE,31-03-2024 20:20:27,S09,20240331
S09/20240331/00012,3,P107708,2,163.95,SALE,31-03-2024 20:20:27,S09,20240331
S09/20240331/00012,4,TAX,1,6.90,TAX,31-03-2024 20:20:27,S09,20240331
S09/20240331/00012,5,TENDER,1,1789.55,TENDER,31-03-2024 20:20:27,S09,20240331
S09/20240331/00013,1,P100665,2,281.09,SALE,31-03-2024 19:24:53,S09,20240331
S09/20240331/00013,2,P106584,4,235.23,SALE,31-03-2024 19:24:53,S09,20240331
S09/20240331/00013,3,P106277,2,395.95,SALE,31-03-2024 19:24:53,S09,20240331
S09/20240331/00013,4,P101842,1,210.53,SALE,31-03-2024 19:24:53,S09,20240331
S09/20240331/00013,5,DISC,1,-148.17,DISCOUNT,31-03-2024 19:24:53,S09,20240331
S09/20240331/00013,6,TAX,1,110.63,TAX,31-03-2024 19:24:53,S09,20240331
S09/20240331/00013,7,TENDER,1,2467.99,TENDER,31-03-2024 19:24:53,S09,20240331
S09/20240331/00014,1,P106891,2,642.78,SALE,31-03-2024 13:04:30,S09,20240331
S09/20240331/00014,2,P101321,3,24.76,SALE,31-03-2024 13:04:30,S09,20240331
S09/20240331/00014,3,P104389,2,169.98,SALE,31-03-2024 13:04:30,S09,20240331
S09/20240331/00014,4,P107925,1,1023.82,SALE,31-03-2024 13:04:30,S09,20240331
S09/20240331/00014,5,P104026,3,152.97,SALE,31-03-2024 13:04:30,S09,20240331
S09/20240331/00014,6,TAX,1,212.98,TAX,31-03-2024 13:04:30,S09,20240331
S09/20240331/00014,7,TENDER,1,3395.51,TENDER,31-03-2024 13:04:30,S09,20240331
S09/20240331/00015,1,P106207,2,459.95,SALE,31-03-2024 23:17:12,S09,20240331
S09/20240331/00015,2,P104487,3,359.81,SALE,31-03-2024 23:17:12,S09,20240331
S09/20240331/00015,3,P104944,2,42.95,SALE,31-03-2024 23:17:12,S09,20240331
S09/20240331/00015,4,TAX,1,310.58,TAX,31-03-2024 23:17:12,S09,20240331
S09/20240331/00015,5,TENDER,1,2395.81,TENDER,31-03-2024 23:17:12,S09,20240331
S09/20240331/00016,1,P105815,2,320.65,SALE,31-03-2024 18:37:03,S09,20240331
S09/20240331/00016,2,P106098,3,362.95,SALE,31-03-2024 18:37:03,S09,20240331
S09/20240331/00016,3,P103465,2,27.30,SALE,31-03-2024 18:37:03,S09,20240331
S09/20240331/00016,4,P106254,1,1135.50,SALE,31-03-2024 18:37:03,S09,20240331
S09/20240331/00016,5,TAX,1,217.45,TAX,31-03-2024 18:37:03,S09,20240331
S09/20240331/00016,6,TENDER,1,3137.70,TENDER,31-03-2024 18:37:03,S09,20240331
S09/20240331/00017,1,P105365,1,393.76,SALE,31-03-2024 21:57:07,S09,20240331
S09/20240331/00017,2,P105636,1,526.95,SALE,31-03-2024 21:57:07,S09,20240331
S09/20240331/00017,3,P107775,6,755.55,SALE,31-03-2024 21:57:07,S09,20240331
S09/20240331/00017,4,P102290,2,547.95,SALE,31-03-2024 21:57:07,S09,20240331
S09/20240331/00017,5,P106900,2,179.85,SALE,31-03-2024 21:57:07,S09,20240331
S09/20240331/00017,6,P107278,2,57.40,SALE,31-03-2024 21:57:07,S09,20240331
S09/20240331/00017,7,TAX,1,437.19,TAX,31-03-2024 21:57:07,S09,20240331
S09/20240331/00017,8,TENDER,1,7461.60,TENDER,31-03-2024 21:57:07,S09,20240331
S09/20240331/00018,1,P107301,1,893.95,SALE,31-03-2024 17:45:05,S09,20240331
S09/20240331/00018,2,P107933,4,1175.95,SALE,31-03-2024 17:45:05,S09,20240331
S09/20240331/00018,3,P108144,2,257.95,SALE,31-03-2024 17:45:05,S09,20240331
S09/20240331/00018,4,TAX,1,626.36,TAX,31-03-2024 17:45:05,S09,20240331
S09/20240331/00018,5,TENDER,1,6740.01,TENDER,31-03-2024 17:45:05,S09,20240331
S09/20240331/00019,1,P102724,1,354.69,SALE,31-03-2024 13:48:30,S09,20240331
S09/20240331/00019,2,P100838,2,37.95,SALE,31-03-2024 13:48:30,S09,20240331
S09/20240331/00019,3,P103159,3,1193.28,SALE,31-03-2024 13:48:30,S09,20240331
S09/20240331/00019,4,P103262,2,54.76,SALE,31-03-2024 13:48:30,S09,20240331
S09/20240331/00019,5,P104410,4,466.86,SALE,31-03-2024 13:48:30,S09,20240331
S09/20240331/00019,6,P102569,2,119.46,SALE,31-03-2024 13:48:30,S09,20240331
S09/20240331/00019,7,P108060,3,217.09,SALE,31-03-2024 13:48:30,S09,20240331
S09/20240331/00019,8,P102821,2,1356.95,SALE,31-03-2024 13:48:30,S09,20240331
S09/20240331/00019,9,P102502,2,366.79,SALE,31-03-2024 13:48:30,S09,20240331
S09/20240331/00019,10,TAX,1,687.20,TAX,31-03-2024 13:48:30,S09,20240331
S09/20240331/00019,11,TENDER,1,11012.26,TENDER,31-03-2024 13:48:30,S09,20240331
S09/20240331/00020,1,P102718,1,287.95,SALE,31-03-2024 17:31:56,S09,20240331
S09/20240331/00020,2,P104854,1,35.76,SALE,31-03-2024 17:31:56,S09,20240331
S09/20240331/00020,3,P104517,1,1474.90,SALE,31-03-2024 17:31:56,S09,20240331
S09/20240331/00020,4,TAX,1,51.83,TAX,31-03-2024 17:31:56,S09,20240331
S09/20240331/00020,5,TENDER,1,1850.44,TENDER,31-03-2024 17:31:56,S09,20240331
S09/20240331/00021,1,P105562,1,141.85,SALE,31-03-2024 12:11:32,S09,20240331
S09/20240331/00021,2,P105351,3,102.95,SALE,31-03-2024 12:11:32,S09,20240331
S09/20240331/00021,3,TAX,1,72.62,TAX,31-03-2024 12:11:32,S09,20240331
S09/20240331/00021,4,TENDER,1,523.32,TENDER,31-03-2024 12:11:32,S09,20240331
S09/20240331/00022,1,P104617,1,101.65,SALE,31-03-2024 17:09:17,S09,20240331
S09/20240331/00022,2,P101393,1,32.95,SALE,31-03-2024 17:09:17,S09,20240331
S09/20240331/00022,3,P104123,1,340.95,SALE,31-03-2024 17:09:17,S09,20240331
S09/20240331/00022,4,P102042,1,540.93,SALE,31-03-2024 17:09:17,S09,20240331
S09/20240331/00022,5,P107063,4,374.87,SALE,31-03-2024 17:09:17,S09,20240331
S09/20240331/00022,6,P107914,1,231.95,SALE,31-03-2024 17:09:17,S09,20240331
S09/20240331/00022,7,TAX,1,309.59,TAX,31-03-2024 17:09:17,S09,20240331
S09/20240331/00022,8,TENDER,1,3057.50,TENDER,31-03-2024 17:09:17,S09,20240331
S09/20240331/00023,1,P104149,2,85.95,SALE,31-03-2024 16:46:55,S09,20240331
S09/20240331/00023,2,P107231,2,1193.22,SALE,31-03-2024 16:46:55,S09,20240331
S09/20240331/00023,3,P100924,2,49.24,SALE,31-03-2024 16:46:55,S09,20240331
S09/20240331/00023,4,TAX,1,26.32,TAX,31-03-2024 16:46:55,S09,20240331
S09/20240331/00023,5,TENDER,1,2683.14,TENDER,31-03-2024 16:46:55,S09,20240331
S09/20240331/00024,1,P105460,1,143.35,SALE,31-03-2024 11:07:32,S09,20240331
S09/20240331/00024,2,P101622,2,259.77,SALE,31-03-2024 11:07:32,S09,20240331
S09/20240331/00024,3,P103111,3,40.41,SALE,31-03-2024 11:07:32,S09,20240331
S09/20240331/00024,4,P100268,2,197.00,SALE,31-03-2024 11:07:32,S09,20240331
S09/20240331/00024,5,P104026,3,152.97,SALE,31-03-2024 11:07:32,S09,20240331
S09/20240331/00024,6,TAX,1,100.49,TAX,31-03-2024 11:07:32,S09,20240331
S09/20240331/00024,7,TENDER,1,1737.52,TENDER,31-03-2024 11:07:32,S09,20240331
S09/20240331/00025,1,P101810,3,757.60,SALE,31-03-2024 18:29:38,S09,20240331
S09/20240331/00025,2,P108090,2,129.95,SALE,31-03-2024 18:29:38,S09,20240331
S09/20240331/00025,3,P105882,3,221.21,SALE,31-03-2024 18:29:38,S09,20240331
S09/20240331/00025,4,P107294,2,83.95,SALE,31-03-2024 18:29:38,S09,20240331
S09/20240331/00025,5,TAX,1,413.58,TAX,31-03-2024 18:29:38,S09,20240331
S09/20240331/00025,6,TENDER,1,3777.81,TENDER,31-03-2024 18:29:38,S09,20240331
S09/20240331/00026,1,P101190,1,84.60,SALE,31-03-2024 15:27:51,S09,20240331
S09/20240331/00026,2,P107472,2,60.81,SALE,31-03-2024 15:27:51,S09,20240331
S09/20240331/00026,3,TAX,1,21.31,TAX,31-03-2024 15:27:51,S09,20240331
S09/20240331/00026,4,TENDER,1,227.53,TENDER,31-03-2024 15:27:51,S09,20240331
