bill_no,line_no,product_code,qty,unit_price,line_type,ts,store_id,business_date
S01/20241201/00001,1,P104155,2,144.69,SALE,2024-12-01T10:23:38,S01,20241201
S01/20241201/00001,2,P102415,3,1245.81,SALE,2024-12-01T10:23:38,S01,20241201
S01/20241201/00001,3,P105075,2,49.58,SALE,2024-12-01T10:23:38,S01,20241201
S01/20241201/00001,4,P104064,1,326.15,SALE,2024-12-01T10:23:38,S01,20241201
S01/20241201/00001,5,P103743,2,1117.90,SALE,2024-12-01T10:23:38,S01,20241201
S01/20241201/00001,6,P103105,5,34.12,SALE,2024-12-01T10:23:38,S01,20241201
S01/20241201/00001,7,P106391,4,795.61,SALE,2024-12-01T10:23:38,S01,20241201
S01/20241201/00001,8,TAX,1,433.69,TAX,2024-12-01T10:23:38,S01,20241201
S01/20241201/00001,9,TENDER,1,10474.65,TENDER,2024-12-01T10:23:38,S01,20241201
S01/20241201/00002,1,P100380,1,136.58,SALE,2024-12-01T18:13:25,S01,20241201
S01/20241201/00002,2,P101904,2,607.91,SALE,2024-12-01T18:13:25,S01,20241201
S01/20241201/00002,3,P103994,1,148.39,SALE,2024-12-01T18:13:25,S01,20241201
S01/20241201/00002,4,P103281,2,172.43,SALE,2024-12-01T18:13:25,S01,20241201
S01/20241201/00002,5,TAX,1,297.31,TAX,2024-12-01T18:13:25,S01,20241201
S01/20241201/00002,6,TENDER,1,2142.96,TENDER,2024-12-01T18:13:25,S01,20241201
S01/20241201/00003,1,P105119,1,106.45,SALE,2024-12-01T19:32:23,S01,20241201
S01/20241201/00003,2,P103316,1,1774.02,SALE,2024-12-01T19:32:23,S01,20241201
S01/20241201/00003,3,P104233,1,1271.89,SALE,2024-12-01T19:32:23,S01,20241201
S01/20241201/00003,4,P106452,2,31.15,SALE,2024-12-01T19:32:23,S01,20241201
S01/20241201/00003,5,P106244,1,73.94,SALE,2024-12-01T19:32:23,S01,20241201
S01/20241201/00003,6,TAX,1,307.63,TAX,2024-12-01T19:32:23,S01,20241201
S01/20241201/00003,7,TENDER,1,3596.23,TENDER,2024-12-01T19:32:23,S01,20241201
S01/20241201/00004,1,P106651,2,900.59,SALE,2024-12-01T13:04:49,S01,20241201
S01/20241201/00004,2,P105252,1,12.09,SALE,2024-12-01T13:04:49,S01,20241201
S01/20241201/00004,3,P101458,3,1365.07,SALE,2024-12-01T13:04:49,S01,20241201
S01/20241201/00004,4,TAX,1,2.18,TAX,2024-12-01T13:04:49,S01,20241201
S01/20241201/00004,5,TENDER,1,5910.66,TENDER,2024-12-01T13:04:49,S01,20241201
S01/20241201/00005,1,P103785,2,606.71,SALE,2024-12-01T14:56:37,S01,20241201
S01/20241201/00005,2,P104645,2,1052.62,SALE,2024-12-01T14:56:37,S01,20241201
S01/20241201/00005,3,P106534,4,96.00,SALE,2024-12-01T14:56:37,S01,20241201
S01/20241201/00005,4,P107943,1,252.32,SALE,2024-12-01T14:56:37,S01,20241201
S01/20241201/00005,5,P101465,3,573.89,SALE,2024-12-01T14:56:37,S01,20241201
S01/20241201/00005,6,TAX,1,570.05,TAX,2024-12-01T14:56:37,S01,20241201
S01/20241201/00005,7,TENDER,1,6246.70,TENDER,2024-12-01T14:56:37,S01,20241201
S01/20241201/00006,1,P105083,2,245.38,SALE,2024-12-01T12:45:26,S01,20241201
S01/20241201/00006,2,P100665,3,305.11,SALE,2024-12-01T12:45:26,S01,20241201
S01/20241201/00006,3,P101292,3,380.75,SALE,2024-12-01T12:45:26,S01,20241201
S01/20241201/00006,4,P101774,2,1168.66,SALE,2024-12-01T12:45:26,S01,20241201
S01/20241201/00006,5,P105440,1,107.89,SALE,2024-12-01T12:45:26,S01,20241201
S01/20241201/00006,6,P101470,2,196.94,SALE,2024-12-01T12:45:26,S01,20241201
S01/20241201/00006,7,P100767,2,277.22,SALE,2024-12-01T12:45:26,S01,20241201
S01/20241201/00006,8,P101419,1,202.93,SALE,2024-12-01T12:45:26,S01,20241201
S01/20241201/00006,9,TAX,1,632.05,TAX,2024-12-01T12:45:26,S01,20241201
S01/20241201/00006,10,TENDER,1,6776.85,TENDER,2024-12-01T12:45:26,S01,20241201
S01/20241201/00007,1,P108097,3,93.69,SALE,2024-12-01T11:23:05,S01,20241201
S01/20241201/00007,2,P105965,2,66.08,SALE,2024-12-01T11:23:05,S01,20241201
S01/20241201/00007,3,P104756,2,373.50,SALE,2024-12-01T11:23:05,S01,20241201
S01/20241201/00007,4,TAX,1,129.98,TAX,2024-12-01T11:23:05,S01,20241201
S01/20241201/00007,5,TENDER,1,1290.21,TENDER,2024-12-01T11:23:05,S01,20241201
S01/20241201/00008,1,P100203,-2,272.10,RETURN,2024-12-01T22:15:41,S01,20241201
S01/20241201/00008,2,P102609,-2,183.47,RETURN,2024-12-01T22:15:41,S01,20241201
S01/20241201/00008,3,P107182,-5,112.81,RETURN,2024-12-01T22:15:41,S01,20241201
S01/20241201/00008,4,P107843,-2,486.47,RETURN,2024-12-01T22:15:41,S01,20241201
S01/20241201/00008,5,TAX,1,-347.90,TAX,2024-12-01T22:15:41,S01,20241201
S01/20241201/00008,6,TENDER,1,-2796.03,TENDER,2024-12-01T22:15:41,S01,20241201
S01/20241201/00009,1,P101911,1,1431.80,SALE,2024-12-01T12:35:30,S01,20241201
S01/20241201/00009,2,P101305,1,114.22,SALE,2024-12-01T12:35:30,S01,20241201
S01/20241201/00009,3,P107654,2,409.57,SALE,2024-12-01T12:35:30,S01,20241201
S01/20241201/00009,4,P108275,3,504.53,SALE,2024-12-01T12:35:30,S01,20241201
S01/20241201/00009,5,P104139,4,249.08,SALE,2024-12-01T12:35:30,S01,20241201
S01/20241201/00009,6,P103871,1,220.55,SALE,2024-12-01T12:35:30,S01,20241201
S01/20241201/00009,7,TAX,1,402.33,TAX,2024-12-01T12:35:30,S01,20241201
S01/20241201/00009,8,TENDER,1,5497.95,TENDER,2024-12-01T12:35:30,S01,20241201
S01/20241201/00010,1,P108017,3,105.98,SALE,2024-12-01T15:17:33,S01,20241201
S01/20241201/00010,2,P101982,4,428.91,SALE,2024-12-01T15:17:33,S01,20241201
S01/20241201/00010,3,P100406,2,435.20,SALE,2024-12-01T15:17:33,S01,20241201
S01/20241201/00010,4,P106133,2,370.91,SALE,2024-12-01T15:17:33,S01,20241201
S01/20241201/00010,5,P105180,1,102.63,SALE,2024-12-01T15:17:33,S01,20241201
S01/20241201/00010,6,P105272,2,351.65,SALE,2024-12-01T15:17:33,S01,20241201
S01/20241201/00010,7,P102096,2,982.72,SALE,2024-12-01T15:17:33,S01,20241201
S01/20241201/00010,8,P107753,3,67.72,SALE,2024-12-01T15:17:33,S01,20241201
S01/20241201/00010,9,P102833,2,680.71,SALE,2024-12-01T15:17:33,S01,20241201
S01/20241201/00010,10,DISC,1,-177.46,DISCOUNT,2024-12-01T15:17:33,S01,20241201
S01/20241201/00010,11,TAX,1,872.81,TAX,2024-12-01T15:17:33,S01,20241201
S01/20241201/00010,12,TENDER,1,8677.10,TENDER,2024-12-01T15:17:33,S01,20241201
S01/20241201/00011,1,P108191,3,309.71,SALE,2024-12-01T14:52:03,S01,20241201
S01/20241201/00011,2,P107639,1,128.49,SALE,2024-12-01T14:52:03,S01,20241201
S01/20241201/00011,3,P100035,3,1810.38,SALE,2024-12-01T14:52:03,S01,20241201
S01/20241201/00011,4,TAX,1,713.61,TAX,2024-12-01T14:52:03,S01,20241201
S01/20241201/00011,5,TENDER,1,7202.37,TENDER,2024-12-01T14:52:03,S01,20241201
S01/20241201/00012,1,P105923,1,245.29,SALE,2024-12-01T08:36:27,S01,20241201
S01/20241201/00012,2,P105460,1,148.47,SALE,2024-12-01T08:36:27,S01,20241201
S01/20241201/00012,3,P103299,4,238.05,SALE,2024-12-01T08:36:27,S01,20241201
S01/20241201/00012,4,P106234,3,79.42,SALE,2024-12-01T08:36:27,S01,20241201
S01/20241201/00012,5,P104950,1,91.01,SALE,2024-12-01T08:36:27,S01,20241201
S01/20241201/00012,6,P100991,3,173.46,SALE,2024-12-01T08:36:27,S01,20241201
S01/20241201/00012,7,TAX,1,281.38,TAX,2024-12-01T08:36:27,S01,20241201
S01/20241201/00012,8,TENDER,1,2476.99,TENDER,2024-12-01T08:36:27,S01,20241201
S01/20241201/00013,1,P107526,1,54.94,SALE,2024-12-01T21:19:18,S01,20241201
S01/20241201/00013,2,P106048,2,310.59,SALE,2024-12-01T21:19:18,S01,20241201
S01/20241201/00013,3,P102324,2,194.59,SALE,2024-12-01T21:19:18,S01,20241201
S01/20241201/00013,4,P108135,3,562.62,SALE,2024-12-01T21:19:18,S01,20241201
S01/20241201/00013,5,P105553,3,764.76,SALE,2024-12-01T21:19:18,S01,20241201
S01/20241201/00013,6,TAX,1,379.20,TAX,2024-12-01T21:19:18,S01,20241201
S01/20241201/00013,7,TENDER,1,5426.64,TENDER,2024-12-01T21:19:18,S01,20241201
S01/20241201/00014,1,P107282,-1,1189.20,RETURN,2024-12-01T19:57:47,S01,20241201
S01/20241201/00014,2,P106388,-1,1120.55,RETURN,2024-12-01T19:57:47,S01,20241201
S01/20241201/00014,3,P103999,-1,120.61,RETURN,2024-12-01T19:57:47,S01,20241201
S01/20241201/00014,4,P104854,-4,35.80,RETURN,2024-12-01T19:57:47,S01,20241201
S01/20241201/00014,5,P101177,-3,166.36,RETURN,2024-12-01T19:57:47,S01,20241201
S01/20241201/00014,6,P103171,-3,68.42,RETURN,2024-12-01T19:57:47,S01,20241201
S01/20241201/00014,7,P100095,-1,100.57,RETURN,2024-12-01T19:57:47,S01,20241201
S01/20241201/00014,8,TAX,1,-46.28,TAX,2024-12-01T19:57:47,S01,20241201
S01/20241201/00014,9,TENDER,1,-3424.75,TENDER,2024-12-01T19:57:47,S01,20241201
S01/20241201/00015,1,P105209,1,399.92,SALE,2024-12-01T08:00:46,S01,20241201
S01/20241201/00015,2,P107003,1,1218.85,SALE,2024-12-01T08:00:46,S01,20241201
S01/20241201/00015,3,P101720,2,44.26,SALE,2024-12-01T08:00:46,S01,20241201
S01/20241201/00015,4,P104772,2,342.57,SALE,2024-12-01T08:00:46,S01,20241201
S01/20241201/00015,5,TAX,1,199.74,TAX,2024-12-01T08:00:46,S01,20241201
S01/20241201/00015,6,TENDER,1,2592.17,TENDER,2024-12-01T08:00:46,S01,20241201
S01/20241201/00016,1,P107373,3,96.28,SALE,2024-12-01T15:54:23,S01,20241201
S01/20241201/00016,2,P106648,2,339.01,SALE,2024-12-01T15:54:23,S01,20241201
S01/20241201/00016,3,P105209,3,367.93,SALE,2024-12-01T15:54:23,S01,20241201
S01/20241201/00016,4,P105201,5,365.02,SALE,2024-12-01T15:54:23,S01,20241201
S01/20241201/00016,5,TAX,1,323.84,TAX,2024-12-01T15:54:23,S01,20241201
S01/20241201/00016,6,TENDER,1,4219.59,TENDER,2024-12-01T15:54:23,S01,20241201
S01/20241201/00017,1,P106907,1,321.26,SALE,2024-12-01T22:41:08,S01,20241201
S01/20241201/00017,2,TAX,1,0.00,TAX,2024-12-01T22:41:08,S01,20241201
S01/20241201/00017,3,TENDER,1,321.26,TENDER,2024-12-01T22:41:08,S01,20241201
S01/20241201/00018,1,P104032,-3,603.87,RETURN,2024-12-01T17:20:34,S01,20241201
S01/20241201/00018,2,P108338,-1,218.68,RETURN,2024-12-01T17:20:34,S01,20241201
S01/20241201/00018,3,P104784,-1,370.89,RETURN,2024-12-01T17:20:34,S01,20241201
S01/20241201/00018,4,P102091,-2,87.97,RETURN,2024-12-01T17:20:34,S01,20241201
S01/20241201/00018,5,P100924,-1,50.37,RETURN,2024-12-01T17:20:34,S01,20241201
S01/20241201/00018,6,P107676,-2,213.04,RETURN,2024-12-01T17:20:34,S01,20241201
S01/20241201/00018,7,TAX,1,-440.33,TAX,2024-12-01T17:20:34,S01,20241201
S01/20241201/00018,8,TENDER,1,-3493.90,TENDER,2024-12-01T17:20:34,S01,20241201
S01/20241201/00019,1,P106833,2,446.47,SALE,2024-12-01T15:06:09,S01,20241201
S01/20241201/00019,2,P104462,2,86.38,SALE,2024-12-01T15:06:09,S01,20241201
S01/20241201/00019,3,P100658,2,50.53,SALE,2024-12-01T15:06:09,S01,20241201
S01/20241201/00019,4,P105479,2,253.92,SALE,2024-12-01T15:06:09,S01,20241201
S01/20241201/00019,5,TAX,1,230.31,TAX,2024-12-01T15:06:09,S01,20241201
S01/20241201/00019,6,TENDER,1,1904.91,TENDER,2024-12-01T15:06:09,S01,20241201
S01/20241201/00020,1,P103222,1,427.41,SALE,2024-12-01T17:04:10,S01,20241201
S01/20241201/00020,2,P107231,2,1193.22,SALE,2024-12-01T17:04:10,S01,20241201
S01/20241201/00020,3,P103760,4,103.67,SALE,2024-12-01T17:04:10,S01,20241201
S01/20241201/00020,4,P104485,3,643.04,SALE,2024-12-01T17:04:10,S01,20241201
S01/20241201/00020,5,P101052,2,212.18,SALE,2024-12-01T17:04:10,S01,20241201
S01/20241201/00020,6,TAX,1,433.81,TAX,2024-12-01T17:04:10,S01,20241201
S01/20241201/00020,7,TENDER,1,6015.82,TENDER,2024-12-01T17:04:10,S01,20241201
S01/20241201/00021,1,P107549,1,47.87,SALE,2024-12-01T17:03:34,S01,20241201
S01/20241201/00021,2,P104089,3,358.58,SALE,2024-12-01T17:03:34,S01,20241201
S01/20241201/00021,3,P102913,3,375.37,SALE,2024-12-01T17:03:34,S01,20241201
S01/20241201/00021,4,P101332,1,400.98,SALE,2024-12-01T17:03:34,S01,20241201
S01/20241201/00021,5,P103029,5,11.28,SALE,2024-12-01T17:03:34,S01,20241201
S01/20241201/00021,6,P101940,1,201.44,SALE,2024-12-01T17:03:34,S01,20241201
S01/20241201/00021,7,TAX,1,443.88,TAX,2024-12-01T17:03:34,S01,20241201
S01/20241201/00021,8,TENDER,1,3352.42,TENDER,2024-12-01T17:03:34,S01,20241201
S01/20241201/00022,1,P105918,1,294.44,SALE,2024-12-01T19:01:30,S01,20241201
S01/20241201/00022,2,P105765,1,529.25,SALE,2024-12-01T19:01:30,S01,20241201
S01/20241201/00022,3,P100711,3,101.23,SALE,2024-12-01T19:01:30,S01,20241201
S01/20241201/00022,4,TAX,1,202.93,TAX,2024-12-01T19:01:30,S01,20241201
S01/20241201/00022,5,TENDER,1,1330.31,TENDER,2024-12-01T19:01:30,S01,20241201
S01/20241201/00023,1,P105483,3,160.65,SALE,2024-12-01T15:12:43,S01,20241201
S01/20241201/00023,2,P101213,3,232.84,SALE,2024-12-01T15:12:43,S01,20241201
S01/20241201/00023,3,P103563,1,26.76,SALE,2024-12-01T15:12:43,S01,20241201
S01/20241201/00023,4,TAX,1,217.30,TAX,2024-12-01T15:12:43,S01,20241201
S01/20241201/00023,5,TENDER,1,1424.53,TENDER,2024-12-01T15:12:43,S01,20241201
S01/20241201/00024,1,P100744,3,67.07,SALE,2024-12-01T15:46:45,S01,20241201
S01/20241201/00024,2,P102598,1,133.17,SALE,2024-12-01T15:46:45,S01,20241201
S01/20241201/00024,3,P104844,1,553.13,SALE,2024-12-01T15:46:45,S01,20241201
S01/20241201/00024,4,TAX,1,37.72,TAX,2024-12-01T15:46:45,S01,20241201
S01/20241201/00024,5,TENDER,1,925.23,TENDER,2024-12-01T15:46:45,S01,20241201
S01/20241201/00025,1,P100421,2,121.56,SALE,2024-12-01T16:16:01,S01,20241201
S01/20241201/00025,2,P108067,4,640.50,SALE,2024-12-01T16:16:01,S01,20241201
S01/20241201/00025,3,P103785,2,606.71,SALE,2024-12-01T16:16:01,S01,20241201
S01/20241201/00025,4,TAX,1,145.61,TAX,2024-12-01T16:16:01,S01,20241201
S01/20241201/00025,5,TENDER,1,4164.15,TENDER,2024-12-01T16:16:01,S01,20241201
S01/20241201/00026,1,P103637,1,338.13,SALE,2024-12-01T19:46:05,S01,20241201
S01/20241201/00026,2,P101813,2,273.64,SALE,2024-12-01T19:46:05,S01,20241201
S01/20241201/00026,3,P101520,1,187.47,SALE,2024-12-01T19:46:05,S01,20241201
S01/20241201/00026,4,P106858,2,281.23,SALE,2024-12-01T19:46:05,S01,20241201
S01/20241201/00026,5,P103654,2,481.76,SALE,2024-12-01T19:46:05,S01,20241201
S01/20241201/00026,6,DISC,1,-156.03,DISCOUNT,2024-12-01T19:46:05,S01,20241201
S01/20241201/00026,7,TAX,1,206.47,TAX,2024-12-01T19:46:05,S01,20241201
S01/20241201/00026,8,TENDER,1,2649.30,TENDER,2024-12-01T19:46:05,S01,20241201
S01/20241201/00027,1,P107301,3,945.94,SALE,2024-12-01T14:03:17,S01,20241201
S01/20241201/00027,2,P107373,1,96.28,SALE,2024-12-01T14:03:17,S01,20241201
S01/20241201/00027,3,P100819,3,1109.59,SALE,2024-12-01T14:03:17,S01,20241201
S01/20241201/00027,4,P105268,1,300.66,SALE,2024-12-01T14:03:17,S01,20241201
S01/20241201/00027,5,P102193,2,343.13,SALE,2024-12-01T14:03:17,S01,20241201
S01/20241201/00027,6,P103682,3,372.67,SALE,2024-12-01T14:03:17,S01,20241201
S01/20241201/00027,7,P104462,1,86.38,SALE,2024-12-01T14:03:17,S01,20241201
S01/20241201/00027,8,DISC,1,-683.84,DISCOUNT,2024-12-01T14:03:17,S01,20241201
S01/20241201/00027,9,TAX,1,352.21,TAX,2024-12-01T14:03:17,S01,20241201
S01/20241201/00027,10,TENDER,1,8122.55,TENDER,2024-12-01T14:03:17,S01,20241201
S01/20241201/00028,1,P107676,2,213.04,SALE,2024-12-01T19:33:51,S01,20241201
S01/20241201/00028,2,P104404,1,890.27,SALE,2024-12-01T19:33:51,S01,20241201
S01/20241201/00028,3,P102255,2,167.76,SALE,2024-12-01T19:33:51,S01,20241201
S01/20241201/00028,4,P103701,2,1171.33,SALE,2024-12-01T19:33:51,S01,20241201
S01/20241201/00028,5,P104933,3,560.59,SALE,2024-12-01T19:33:51,S01,20241201
S01/20241201/00028,6,P105684,3,1114.27,SALE,2024-12-01T19:33:51,S01,20241201
S01/20241201/00028,7,P105835,1,238.39,SALE,2024-12-01T19:33:51,S01,20241201
S01/20241201/00028,8,P100771,2,820.85,SALE,2024-12-01T19:33:51,S01,20241201
S01/20241201/00028,9,TAX,1,924.05,TAX,2024-12-01T19:33:51,S01,20241201
S01/20241201/00028,10,TENDER,1,11823.25,TENDER,2024-12-01T19:33:51,S01,20241201
S01/20241201/00029,1,P103918,4,527.10,SALE,2024-12-01T16:25:05,S01,20241201
S01/20241201/00029,2,P100509,2,143.57,SALE,2024-12-01T16:25:05,S01,20241201
S01/20241201/00029,3,TAX,1,119.78,TAX,2024-12-01T16:25:05,S01,20241201
S01/20241201/00029,4,TENDER,1,2515.32,TENDER,2024-12-01T16:25:05,S01,20241201
S01/20241201/00030,1,P104512,2,94.53,SALE,2024-12-01T14:27:31,S01,20241201
S01/20241201/00030,2,P108159,2,488.81,SALE,2024-12-01T14:27:31,S01,20241201
S01/20241201/00030,3,TAX,1,9.45,TAX,2024-12-01T14:27:31,S01,20241201
S01/20241201/00030,4,TENDER,1,1176.13,TENDER,2024-12-01T14:27:31,S01,20241201
S01/20241201/00031,1,P104485,2,643.04,SALE,2024-12-02T00:24:27,S01,20241201
S01/20241201/00031,2,P106566,1,251.68,SALE,2024-12-02T00:24:27,S01,20241201
S01/20241201/00031,3,P101740,1,855.00,SALE,2024-12-02T00:24:27,S01,20241201
S01/20241201/00031,4,P102892,1,227.52,SALE,2024-12-02T00:24:27,S01,20241201
S01/20241201/00031,5,P101465,1,573.89,SALE,2024-12-02T00:24:27,S01,20241201
S01/20241201/00031,6,TAX,1,343.89,TAX,2024-12-02T00:24:27,S01,20241201
S01/20241201/00031,7,TENDER,1,3538.06,TENDER,2024-12-02T00:24:27,S01,20241201
S01/20241201/00032,1,P103785,4,606.71,SALE,2024-12-01T15:59:28,S01,20241201
S01/20241201/00032,2,P108186,1,324.50,SALE,2024-12-01T15:59:28,S01,20241201
S01/20241201/00032,3,P107623,2,468.34,SALE,2024-12-01T15:59:28,S01,20241201
S01/20241201/00032,4,P103882,3,273.56,SALE,2024-12-01T15:59:28,S01,20241201
S01/20241201/00032,5,TAX,1,646.49,TAX,2024-12-01T15:59:28,S01,20241201
S01/20241201/00032,6,TENDER,1,5155.19,TENDER,2024-12-01T15:59:28,S01,20241201
S01/20241201/00033,1,P101904,3,607.91,SALE,2024-12-01T18:49:05,S01,20241201
S01/20241201/00033,2,P102006,1,1553.68,SALE,2024-12-01T18:49:05,S01,20241201
S01/20241201/00033,3,P104155,2,144.69,SALE,2024-12-01T18:49:05,S01,20241201
S01/20241201/00033,4,TAX,1,328.27,TAX,2024-12-01T18:49:05,S01,20241201
S01/20241201/00033,5,TENDER,1,3995.06,TENDER,2024-12-01T18:49:05,S01,20241201
S01/20241201/00034,1,P101564,4,172.72,SALE,2024-12-01T15:29:07,S01,20241201
S01/20241201/00034,2,P105643,4,1294.23,SALE,2024-12-01T15:29:07,S01,20241201
S01/20241201/00034,3,P106703,3,76.83,SALE,2024-12-01T15:29:07,S01,20241201
S01/20241201/00034,4,P104454,2,49.63,SALE,2024-12-01T15:29:07,S01,20241201
S01/20241201/00034,5,TAX,1,140.85,TAX,2024-12-01T15:29:07,S01,20241201
S01/20241201/00034,6,TENDER,1,6338.40,TENDER,2024-12-01T15:29:07,S01,20241201
S01/20241201/00035,1,P103364,2,118.90,SALE,2024-12-01T19:24:50,S01,20241201
S01/20241201/00035,2,P102772,2,151.97,SALE,2024-12-01T19:24:50,S01,20241201
S01/20241201/00035,3,P104916,3,340.18,SALE,2024-12-01T19:24:50,S01,20241201
S01/20241201/00035,4,TAX,1,198.89,TAX,2024-12-01T19:24:50,S01,20241201
S01/20241201/00035,5,TENDER,1,1761.17,TENDER,2024-12-01T19:24:50,S01,20241201
S01/20241201/00036,1,P103382,1,196.46,SALE,2024-12-01T16:06:55,S01,20241201
S01/20241201/00036,2,P106317,2,485.55,SALE,2024-12-01T16:06:55,S01,20241201
S01/20241201/00036,3,P104202,1,166.10,SALE,2024-12-01T16:06:55,S01,20241201
S01/20241201/00036,4,P107253,2,249.41,SALE,2024-12-01T16:06:55,S01,20241201
S01/20241201/00036,5,P102559,2,86.19,SALE,2024-12-01T16:06:55,S01,20241201
S01/20241201/00036,6,P107308,1,226.19,SALE,2024-12-01T16:06:55,S01,20241201
S01/20241201/00036,7,TAX,1,175.69,TAX,2024-12-01T16:06:55,S01,20241201
S01/20241201/00036,8,TENDER,1,2406.74,TENDER,2024-12-01T16:06:55,S01,20241201
S01/20241201/00037,1,P101201,2,48.42,SALE,2024-12-01T21:00:41,S01,20241201
S01/20241201/00037,2,P101248,4,497.50,SALE,2024-12-01T21:00:41,S01,20241201
S01/20241201/00037,3,P104867,3,190.50,SALE,2024-12-01T21:00:41,S01,20241201
S01/20241201/00037,4,P103668,2,1530.18,SALE,2024-12-01T21:00:41,S01,20241201
S01/20241201/00037,5,TAX,1,544.64,TAX,2024-12-01T21:00:41,S01,20241201
S01/20241201/00037,6,TENDER,1,6263.34,TENDER,2024-12-01T21:00:41,S01,20241201
S01/20241201/00038,1,P107171,3,335.20,SALE,2024-12-01T14:17:44,S01,20241201
S01/20241201/00038,2,P106833,3,446.47,SALE,2024-12-01T14:17:44,S01,20241201
S01/20241201/00038,3,P105100,1,270.01,SALE,2024-12-01T14:17:44,S01,20241201
S01/20241201/00038,4,TAX,1,410.37,TAX,2024-12-01T14:17:44,S01,20241201
S01/20241201/00038,5,TENDER,1,3025.39,TENDER,2024-12-01T14:17:44,S01,20241201
S01/20241201/00039,1,P106169,2,221.89,SALE,2024-12-01T19:16:27,S01,20241201
S01/20241201/00039,2,P103159,2,1193.28,SALE,2024-12-01T19:16:27,S01,20241201
S01/20241201/00039,3,TAX,1,79.88,TAX,2024-12-01T19:16:27,S01,20241201
S01/20241201/00039,4,TENDER,1,2910.22,TENDER,2024-12-01T19:16:27,S01,20241201
S01/20241201/00040,1,P107190,3,223.50,SALE,2024-12-01T17:53:40,S01,20241201
S01/20241201/00040,2,P103577,1,100.44,SALE,2024-12-01T17:53:40,S01,20241201
S01/20241201/00040,3,DISC,1,-24.77,DISCOUNT,2024-12-01T17:53:40,S01,20241201
S01/20241201/00040,4,TAX,1,128.48,TAX,2024-12-01T17:53:40,S01,20241201
S01/20241201/00040,5,TENDER,1,874.65,TENDER,2024-12-01T17:53:40,S01,20241201
S01/20241201/00041,1,P100819,3,1220.55,SALE,2024-12-01T14:21:53,S01,20241201
S01/20241201/00041,2,P107654,1,409.57,SALE,2024-12-01T14:21:53,S01,20241201
S01/20241201/00041,3,P104854,2,35.80,SALE,2024-12-01T14:21:53,S01,20241201
S01/20241201/00041,4,P102389,1,84.91,SALE,2024-12-01T14:21:53,S01,20241201
S01/20241201/00041,5,TAX,1,64.43,TAX,2024-12-01T14:21:53,S01,20241201
S01/20241201/00041,6,TENDER,1,4292.16,TENDER,2024-12-01T14:21:53,S01,20241201
S01/20241201/00042,1,P102424,3,333.88,SALE,2024-12-01T11:38:06,S01,20241201
S01/20241201/00042,2,P105775,3,104.41,SALE,2024-12-01T11:38:06,S01,20241201
S01/20241201/00042,3,P102794,4,416.24,SALE,2024-12-01T11:38:06,S01,20241201
S01/20241201/00042,4,P106718,1,525.27,SALE,2024-12-01T11:38:06,S01,20241201
S01/20241201/00042,5,TAX,1,144.63,TAX,2024-12-01T11:38:06,S01,20241201
S01/20241201/00042,6,TENDER,1,3649.73,TENDER,2024-12-01T11:38:06,S01,20241201
S01/20241201/00043,1,P103124,4,523.92,SALE,2024-12-01T15:34:06,S01,20241201
S01/20241201/00043,2,P106426,2,154.27,SALE,2024-12-01T15:34:06,S01,20241201
S01/20241201/00043,3,P102768,3,158.73,SALE,2024-12-01T15:34:06,S01,20241201
S01/20241201/00043,4,P103473,1,428.66,SALE,2024-12-01T15:34:06,S01,20241201
S01/20241201/00043,5,P102788,3,920.26,SALE,2024-12-01T15:34:06,S01,20241201
S01/20241201/00043,6,P105092,1,57.00,SALE,2024-12-01T15:34:06,S01,20241201
S01/20241201/00043,7,P108110,2,16.57,SALE,2024-12-01T15:34:06,S01,20241201
S01/20241201/00043,8,TAX,1,724.18,TAX,2024-12-01T15:34:06,S01,20241201
S01/20241201/00043,9,TENDER,1,6884.17,TENDER,2024-12-01T15:34:06,S01,20241201
S01/20241201/00044,1,P105636,1,558.71,SALE,2024-12-01T18:54:14,S01,20241201
S01/20241201/00044,2,P105017,3,220.46,SALE,2024-12-01T18:54:14,S01,20241201
S01/20241201/00044,3,P107003,1,1218.85,SALE,2024-12-01T18:54:14,S01,20241201
S01/20241201/00044,4,P105636,-1,558.71,VOID,2024-12-01T18:54:14,S01,20241201
S01/20241201/00044,5,P105017,-3,220.46,VOID,2024-12-01T18:54:14,S01,20241201
S01/20241201/00044,6,P107003,-1,1218.85,VOID,2024-12-01T18:54:14,S01,20241201
S01/20241201/00044,7,TAX,1,0.00,TAX,2024-12-01T18:54:14,S01,20241201
S01/20241201/00044,8,TENDER,1,0.00,TENDER,2024-12-01T18:54:14,S01,20241201
S01/20241201/00045,1,P105453,3,465.18,SALE,2024-12-01T17:00:09,S01,20241201
S01/20241201/00045,2,P107581,2,287.09,SALE,2024-12-01T17:00:09,S01,20241201
S01/20241201/00045,3,P106067,2,444.09,SALE,2024-12-01T17:00:09,S01,20241201
S01/20241201/00045,4,TAX,1,364.51,TAX,2024-12-01T17:00:09,S01,20241201
S01/20241201/00045,5,TENDER,1,3222.41,TENDER,2024-12-01T17:00:09,S01,20241201
S01/20241201/00046,1,P103833,2,1136.81,SALE,2024-12-01T12:05:16,S01,20241201
S01/20241201/00046,2,P101481,3,55.03,SALE,2024-12-01T12:05:16,S01,20241201
S01/20241201/00046,3,P100509,2,143.57,SALE,2024-12-01T12:05:16,S01,20241201
S01/20241201/00046,4,TAX,1,136.29,TAX,2024-12-01T12:05:16,S01,20241201
S01/20241201/00046,5,TENDER,1,2862.14,TENDER,2024-12-01T12:05:16,S01,20241201
S01/20241201/00047,1,P104219,1,249.74,SALE,2024-12-01T21:03:55,S01,20241201
S01/20241201/00047,2,P106920,2,1398.34,SALE,2024-12-01T21:03:55,S01,20241201
S01/20241201/00047,3,P102623,4,107.54,SALE,2024-12-01T21:03:55,S01,20241201
S01/20241201/00047,4,P101440,2,253.26,SALE,2024-12-01T21:03:55,S01,20241201
S01/20241201/00047,5,P108369,1,343.20,SALE,2024-12-01T21:03:55,S01,20241201
S01/20241201/00047,6,P106098,2,334.84,SALE,2024-12-01T21:03:55,S01,20241201
S01/20241201/00047,7,TAX,1,223.73,TAX,2024-12-01T21:03:55,S01,20241201
S01/20241201/00047,8,TENDER,1,5219.71,TENDER,2024-12-01T21:03:55,S01,20241201
S01/20241201/00048,1,P104417,2,332.65,SALE,2024-12-01T16:08:07,S01,20241201
S01/20241201/00048,2,P100494,3,67.32,SALE,2024-12-01T16:08:07,S01,20241201
S01/20241201/00048,3,P104933,1,560.59,SALE,2024-12-01T16:08:07,S01,20241201
S01/20241201/00048,4,P107217,2,293.45,SALE,2024-12-01T16:08:07,S01,20241201
S01/20241201/00048,5,P103864,5,540.44,SALE,2024-12-01T16:08:07,S01,20241201
S01/20241201/00048,6,TAX,1,422.63,TAX,2024-12-01T16:08:07,S01,20241201
S01/20241201/00048,7,TENDER,1,5139.58,TENDER,2024-12-01T16:08:07,S01,20241201
S01/20241201/00049,1,P105201,3,365.02,SALE,2024-12-01T17:12:53,S01,20241201
S01/20241201/00049,2,P107686,1,347.22,SALE,2024-12-01T17:12:53,S01,20241201
S01/20241201/00049,3,P100784,2,319.36,SALE,2024-12-01T17:12:53,S01,20241201
S01/20241201/00049,4,P106891,3,642.78,SALE,2024-12-01T17:12:53,S01,20241201
S01/20241201/00049,5,TAX,1,290.32,TAX,2024-12-01T17:12:53,S01,20241201
S01/20241201/00049,6,TENDER,1,4299.66,TENDER,2024-12-01T17:12:53,S01,20241201
S01/20241201/00050,1,P107536,1,1613.47,SALE,2024-12-01T14:49:57,S01,20241201
S01/20241201/00050,2,P101134,1,1071.76,SALE,2024-12-01T14:49:57,S01,20241201
S01/20241201/00050,3,P101842,2,227.96,SALE,2024-12-01T14:49:57,S01,20241201
S01/20241201/00050,4,P107362,3,75.90,SALE,2024-12-01T14:49:57,S01,20241201
S01/20241201/00050,5,TAX,1,63.78,TAX,2024-12-01T14:49:57,S01,20241201
S01/20241201/00050,6,TENDER,1,3432.63,TENDER,2024-12-01T14:49:57,S01,20241201
S01/20241201/00051,1,P104149,2,88.07,SALE,2024-12-01T16:31:17,S01,20241201
S01/20241201/00051,2,P100077,1,184.39,SALE,2024-12-01T16:31:17,S01,20241201
S01/20241201/00051,3,P107880,3,347.04,SALE,2024-12-01T16:31:17,S01,20241201
S01/20241201/00051,4,P107621,1,119.64,SALE,2024-12-01T16:31:17,S01,20241201
S01/20241201/00051,5,TAX,1,70.08,TAX,2024-12-01T16:31:17,S01,20241201
S01/20241201/00051,6,TENDER,1,1591.37,TENDER,2024-12-01T16:31:17,S01,20241201
S01/20241201/00052,1,P105145,3,763.65,SALE,2024-12-01T17:26:52,S01,20241201
S01/20241201/00052,2,P101489,3,555.59,SALE,2024-12-01T17:26:52,S01,20241201
S01/20241201/00052,3,P100899,2,131.46,SALE,2024-12-01T17:26:52,S01,20241201
S01/20241201/00052,4,TAX,1,0.00,TAX,2024-12-01T17:26:52,S01,20241201
S01/20241201/00052,5,TENDER,1,4220.64,TENDER,2024-12-01T17:26:52,S01,20241201
S01/20241201/00053,1,P108125,2,129.06,SALE,2024-12-01T15:31:23,S01,20241201
S01/20241201/00053,2,P103530,3,427.69,SALE,2024-12-01T15:31:23,S01,20241201
S01/20241201/00053,3,P105433,3,144.32,SALE,2024-12-01T15:31:23,S01,20241201
S01/20241201/00053,4,P107320,2,231.92,SALE,2024-12-01T15:31:23,S01,20241201
S01/20241201/00053,5,P101634,6,25.05,SALE,2024-12-01T15:31:23,S01,20241201
S01/20241201/00053,6,TAX,1,391.60,TAX,2024-12-01T15:31:23,S01,20241201
S01/20241201/00053,7,TENDER,1,2979.89,TENDER,2024-12-01T15:31:23,S01,20241201
S01/20241201/00054,1,P100956,2,421.98,SALE,2024-12-01T15:10:09,S01,20241201
S01/20241201/00054,2,P106833,4,446.47,SALE,2024-12-01T15:10:09,S01,20241201
S01/20241201/00054,3,P105950,2,1356.49,SALE,2024-12-01T15:10:09,S01,20241201
S01/20241201/00054,4,P105918,3,294.44,SALE,2024-12-01T15:10:09,S01,20241201
S01/20241201/00054,5,P107163,4,187.11,SALE,2024-12-01T15:10:09,S01,20241201
S01/20241201/00054,6,TAX,1,560.08,TAX,2024-12-01T15:10:09,S01,20241201
S01/20241201/00054,7,TENDER,1,7534.66,TENDER,2024-12-01T15:10:09,S01,20241201
S01/20241201/00055,1,P103749,1,17.91,SALE,2024-12-01T19:15:21,S01,20241201
S01/20241201/00055,2,P104089,4,358.58,SALE,2024-12-01T19:15:21,S01,20241201
S01/20241201/00055,3,P102868,1,471.29,SALE,2024-12-01T19:15:21,S01,20241201
S01/20241201/00055,4,P101558,1,52.58,SALE,2024-12-01T19:15:21,S01,20241201
S01/20241201/00055,5,P101904,1,607.91,SALE,2024-12-01T19:15:21,S01,20241201
S01/20241201/00055,6,DISC,1,-234.87,DISCOUNT,2024-12-01T19:15:21,S01,20241201
S01/20241201/00055,7,TAX,1,422.85,TAX,2024-12-01T19:15:21,S01,20241201
S01/20241201/00055,8,TENDER,1,2771.99,TENDER,2024-12-01T19:15:21,S01,20241201
S01/20241201/00056,1,P103484,3,109.59,SALE,2024-12-01T14:13:31,S01,20241201
S01/20241201/00056,2,P107063,2,387.93,SALE,2024-12-01T14:13:31,S01,20241201
S01/20241201/00056,3,P107549,2,47.87,SALE,2024-12-01T14:13:31,S01,20241201
S01/20241201/00056,4,P100499,3,258.12,SALE,2024-12-01T14:13:31,S01,20241201
S01/20241201/00056,5,P108319,1,262.79,SALE,2024-12-01T14:13:31,S01,20241201
S01/20241201/00056,6,P108159,1,488.81,SALE,2024-12-01T14:13:31,S01,20241201
S01/20241201/00056,7,TAX,1,275.58,TAX,2024-12-01T14:13:31,S01,20241201
S01/20241201/00056,8,TENDER,1,3001.91,TENDER,2024-12-01T14:13:31,S01,20241201
S01/20241201/00057,1,P104139,2,249.08,SALE,2024-12-01T14:41:04,S01,20241201
S01/20241201/00057,2,P107880,2,347.04,SALE,2024-12-01T14:41:04,S01,20241201
S01/20241201/00057,3,P100077,2,173.95,SALE,2024-12-01T14:41:04,S01,20241201
S01/20241201/00057,4,P107795,1,284.47,SALE,2024-12-01T14:41:04,S01,20241201
S01/20241201/00057,5,P103118,4,47.89,SALE,2024-12-01T14:41:04,S01,20241201
S01/20241201/00057,6,P106629,3,63.24,SALE,2024-12-01T14:41:04,S01,20241201
S01/20241201/00057,7,P104454,1,49.63,SALE,2024-12-01T14:41:04,S01,20241201
S01/20241201/00057,8,TAX,1,132.44,TAX,2024-12-01T14:41:04,S01,20241201
S01/20241201/00057,9,TENDER,1,2387.96,TENDER,2024-12-01T14:41:04,S01,20241201
S01/20241201/00058,1,P106191,2,1230.97,SALE,2024-12-01T12:11:04,S01,20241201
S01/20241201/00058,2,P101789,2,391.48,SALE,2024-12-01T12:11:04,S01,20241201
S01/20241201/00058,3,P101356,1,1264.05,SALE,2024-12-01T12:11:04,S01,20241201
S01/20241201/00058,4,P105547,2,431.77,SALE,2024-12-01T12:11:04,S01,20241201
S01/20241201/00058,5,P104026,3,152.97,SALE,2024-12-01T12:11:04,S01,20241201
S01/20241201/00058,6,P100717,2,561.52,SALE,2024-12-01T12:11:04,S01,20241201
S01/20241201/00058,7,P106624,1,98.44,SALE,2024-12-01T12:11:04,S01,20241201
S01/20241201/00058,8,P100135,1,72.29,SALE,2024-12-01T12:11:04,S01,20241201
S01/20241201/00058,9,P100528,4,595.90,SALE,2024-12-01T12:11:04,S01,20241201
S01/20241201/00058,10,TAX,1,434.68,TAX,2024-12-01T12:11:04,S01,20241201
S01/20241201/00058,11,TENDER,1,9943.45,TENDER,2024-12-01T12:11:04,S01,20241201
S01/20241201/00059,1,P102286,2,281.91,SALE,2024-12-01T19:32:34,S01,20241201
S01/20241201/00059,2,P104417,1,332.65,SALE,2024-12-01T19:32:34,S01,20241201
S01/20241201/00059,3,P101201,1,48.42,SALE,2024-12-01T19:32:34,S01,20241201
S01/20241201/00059,4,P105313,2,51.83,SALE,2024-12-01T19:32:34,S01,20241201
S01/20241201/00059,5,P105155,2,350.84,SALE,2024-12-01T19:32:34,S01,20241201
S01/20241201/00059,6,TAX,1,178.91,TAX,2024-12-01T19:32:34,S01,20241201
S01/20241201/00059,7,TENDER,1,1929.14,TENDER,2024-12-01T19:32:34,S01,20241201
S01/20241201/00060,1,P104579,3,67.48,SALE,2024-12-01T12:48:56,S01,20241201
S01/20241201/00060,2,P104410,1,541.11,SALE,2024-12-01T12:48:56,S01,20241201
S01/20241201/00060,3,P103168,1,980.21,SALE,2024-12-01T12:48:56,S01,20241201
S01/20241201/00060,4,P106629,2,57.49,SALE,2024-12-01T12:48:56,S01,20241201
S01/20241201/00060,5,P106872,2,73.12,SALE,2024-12-01T12:48:56,S01,20241201
S01/20241201/00060,6,P102656,2,194.33,SALE,2024-12-01T12:48:56,S01,20241201
S01/20241201/00060,7,P105139,2,119.64,SALE,2024-12-01T12:48:56,S01,20241201
S01/20241201/00060,8,P105815,4,320.65,SALE,2024-12-01T12:48:56,S01,20241201
S01/20241201/00060,9,DISC,1,-174.98,DISCOUNT,2024-12-01T12:48:56,S01,20241201
S01/20241201/00060,10,TAX,1,443.26,TAX,2024-12-01T12:48:56,S01,20241201
S01/20241201/00060,11,TENDER,1,4163.80,TENDER,2024-12-01T12:48:56,S01,20241201
S01/20241201/00061,1,P106367,3,650.25,SALE,2024-12-01T19:08:21,S01,20241201
S01/20241201/00061,2,P105112,3,194.64,SALE,2024-12-01T19:08:21,S01,20241201
S01/20241201/00061,3,P106773,2,397.71,SALE,2024-12-01T19:08:21,S01,20241201
S01/20241201/00061,4,P101802,1,44.15,SALE,2024-12-01T19:08:21,S01,20241201
S01/20241201/00061,5,TAX,1,272.12,TAX,2024-12-01T19:08:21,S01,20241201
S01/20241201/00061,6,TENDER,1,3646.36,TENDER,2024-12-01T19:08:21,S01,20241201
S01/20241201/00062,1,P105268,3,300.66,SALE,2024-12-01T20:23:11,S01,20241201
S01/20241201/00062,2,P105707,3,130.64,SALE,2024-12-01T20:23:11,S01,20241201
S01/20241201/00062,3,P101311,3,481.74,SALE,2024-12-01T20:23:11,S01,20241201
S01/20241201/00062,4,TAX,1,281.65,TAX,2024-12-01T20:23:11,S01,20241201
S01/20241201/00062,5,TENDER,1,3020.77,TENDER,2024-12-01T20:23:11,S01,20241201
S01/20241201/00063,1,P103908,3,104.62,SALE,2024-12-01T21:04:09,S01,20241201
S01/20241201/00063,2,P106317,3,485.55,SALE,2024-12-01T21:04:09,S01,20241201
S01/20241201/00063,3,P106965,5,89.01,SALE,2024-12-01T21:04:09,S01,20241201
S01/20241201/00063,4,DISC,1,-87.52,DISCOUNT,2024-12-01T21:04:09,S01,20241201
S01/20241201/00063,5,TAX,1,225.44,TAX,2024-12-01T21:04:09,S01,20241201
S01/20241201/00063,6,TENDER,1,2353.48,TENDER,2024-12-01T21:04:09,S01,20241201
S01/20241201/00064,1,P104089,1,358.58,SALE,2024-12-01T22:35:20,S01,20241201
S01/20241201/00064,2,P102833,3,680.71,SALE,2024-12-01T22:35:20,S01,20241201
S01/20241201/00064,3,P107568,2,140.27,SALE,2024-12-01T22:35:20,S01,20241201
S01/20241201/00064,4,P103964,1,134.21,SALE,2024-12-01T22:35:20,S01,20241201
S01/20241201/00064,5,DISC,1,-147.57,DISCOUNT,2024-12-01T22:35:20,S01,20241201
S01/20241201/00064,6,TAX,1,177.57,TAX,2024-12-01T22:35:20,S01,20241201
S01/20241201/00064,7,TENDER,1,2845.46,TENDER,2024-12-01T22:35:20,S01,20241201
S01/20241201/00065,1,P100033,2,828.62,SALE,2024-12-01T11:02:40,S01,20241201
S01/20241201/00065,2,P108149,3,1073.33,SALE,2024-12-01T11:02:40,S01,20241201
S01/20241201/00065,3,TAX,1,82.86,TAX,2024-12-01T11:02:40,S01,20241201
S01/20241201/00065,4,TENDER,1,4960.09,TENDER,2024-12-01T11:02:40,S01,20241201
S01/20241201/00066,1,P101122,1,69.38,SALE,2024-12-01T17:41:35,S01,20241201
S01/20241201/00066,2,P103647,1,42.08,SALE,2024-12-01T17:41:35,S01,20241201
S01/20241201/00066,3,P104501,5,413.53,SALE,2024-12-01T17:41:35,S01,20241201
S01/20241201/00066,4,P102903,1,51.46,SALE,2024-12-01T17:41:35,S01,20241201
S01/20241201/00066,5,TAX,1,21.75,TAX,2024-12-01T17:41:35,S01,20241201
S01/20241201/00066,6,TENDER,1,2252.32,TENDER,2024-12-01T17:41:35,S01,20241201
S01/20241201/00067,1,P103792,1,25.06,SALE,2024-12-01T15:18:18,S01,20241201
S01/20241201/00067,2,P108200,1,333.41,SALE,2024-12-01T15:18:18,S01,20241201
S01/20241201/00067,3,P106258,4,423.67,SALE,2024-12-01T15:18:18,S01,20241201
S01/20241201/00067,4,P102436,2,243.03,SALE,2024-12-01T15:18:18,S01,20241201
S01/20241201/00067,5,P104501,1,413.53,SALE,2024-12-01T15:18:18,S01,20241201
S01/20241201/00067,6,TAX,1,213.49,TAX,2024-12-01T15:18:18,S01,20241201
S01/20241201/00067,7,TENDER,1,3166.23,TENDER,2024-12-01T15:18:18,S01,20241201
S01/20241201/00068,1,P104572,1,182.16,SALE,2024-12-01T15:24:11,S01,20241201
S01/20241201/00068,2,P108110,1,16.57,SALE,2024-12-01T15:24:11,S01,20241201
S01/20241201/00068,3,P104236,5,289.43,SALE,2024-12-01T15:24:11,S01,20241201
S01/20241201/00068,4,P106254,1,1282.79,SALE,2024-12-01T15:24:11,S01,20241201
S01/20241201/00068,5,P107933,2,1146.02,SALE,2024-12-01T15:24:11,S01,20241201
S01/20241201/00068,6,P105838,3,594.50,SALE,2024-12-01T15:24:11,S01,20241201
S01/20241201/00068,7,P104842,2,352.80,SALE,2024-12-01T15:24:11,S01,20241201
S01/20241201/00068,8,P106793,3,303.65,SALE,2024-12-01T15:24:11,S01,20241201
S01/20241201/00068,9,P101298,2,224.87,SALE,2024-12-01T15:24:11,S01,20241201
S01/20241201/00068,10,P105100,5,270.01,SALE,2024-12-01T15:24:11,S01,20241201
S01/20241201/00068,11,TAX,1,974.82,TAX,2024-12-01T15:24:11,S01,20241201
S01/20241201/00068,12,TENDER,1,11395.37,TENDER,2024-12-01T15:24:11,S01,20241201
S01/20241201/00069,1,P102772,3,151.97,SALE,2024-12-01T19:17:39,S01,20241201
S01/20241201/00069,2,P100131,1,667.83,SALE,2024-12-01T19:17:39,S01,20241201
S01/20241201/00069,3,TAX,1,102.94,TAX,2024-12-01T19:17:39,S01,20241201
S01/20241201/00069,4,TENDER,1,1226.68,TENDER,2024-12-01T19:17:39,S01,20241201
S01/20241202/00001,1,P100899,2,131.46,SALE,2024-12-02T12:14:47,S01,20241202
S01/20241202/00001,2,P105307,5,818.25,SALE,2024-12-02T12:14:47,S01,20241202
S01/20241202/00001,3,P100121,3,113.08,SALE,2024-12-02T12:14:47,S01,20241202
S01/20241202/00001,4,TAX,1,221.52,TAX,2024-12-02T12:14:47,S01,20241202
S01/20241202/00001,5,TENDER,1,4914.93,TENDER,2024-12-02T12:14:47,S01,20241202
S01/20241202/00002,1,P104372,2,105.38,SALE,2024-12-02T15:14:47,S01,20241202
S01/20241202/00002,2,P106528,2,832.82,SALE,2024-12-02T15:14:47,S01,20241202
S01/20241202/00002,3,P106731,2,153.24,SALE,2024-12-02T15:14:47,S01,20241202
S01/20241202/00002,4,TAX,1,210.41,TAX,2024-12-02T15:14:47,S01,20241202
S01/20241202/00002,5,TENDER,1,2393.29,TENDER,2024-12-02T15:14:47,S01,20241202
S01/20241202/00003,1,P105209,1,399.92,SALE,2024-12-02T18:22:35,S01,20241202
S01/20241202/00003,2,P107740,5,1366.88,SALE,2024-12-02T18:22:35,S01,20241202
S01/20241202/00003,3,P105980,2,288.70,SALE,2024-12-02T18:22:35,S01,20241202
S01/20241202/00003,4,DISC,1,-654.96,DISCOUNT,2024-12-02T18:22:35,S01,20241202
S01/20241202/00003,5,TAX,1,880.79,TAX,2024-12-02T18:22:35,S01,20241202
S01/20241202/00003,6,TENDER,1,8037.55,TENDER,2024-12-02T18:22:35,S01,20241202
S01/20241202/00004,1,P103202,1,295.26,SALE,2024-12-02T17:32:33,S01,20241202
S01/20241202/00004,2,P100767,1,277.22,SALE,2024-12-02T17:32:33,S01,20241202
S01/20241202/00004,3,P102581,3,185.56,SALE,2024-12-02T17:32:33,S01,20241202
S01/20241202/00004,4,P107182,1,112.81,SALE,2024-12-02T17:32:33,S01,20241202
S01/20241202/00004,5,P107695,2,271.01,SALE,2024-12-02T17:32:33,S01,20241202
S01/20241202/00004,6,P100519,1,365.61,SALE,2024-12-02T17:32:33,S01,20241202
S01/20241202/00004,7,TAX,1,258.27,TAX,2024-12-02T17:32:33,S01,20241202
S01/20241202/00004,8,TENDER,1,2407.87,TENDER,2024-12-02T17:32:33,S01,20241202
S01/20241202/00005,1,P102993,1,318.19,SALE,2024-12-02T14:17:41,S01,20241202
S01/20241202/00005,2,P108292,2,104.02,SALE,2024-12-02T14:17:41,S01,20241202
S01/20241202/00005,3,P103004,4,77.99,SALE,2024-12-02T14:17:41,S01,20241202
S01/20241202/00005,4,P105021,3,1246.70,SALE,2024-12-02T14:17:41,S01,20241202
S01/20241202/00005,5,P102160,3,221.62,SALE,2024-12-02T14:17:41,S01,20241202
S01/20241202/00005,6,P103504,2,366.55,SALE,2024-12-02T14:17:41,S01,20241202
S01/20241202/00005,7,TAX,1,648.07,TAX,2024-12-02T14:17:41,S01,20241202
S01/20241202/00005,8,TENDER,1,6624.32,TENDER,2024-12-02T14:17:41,S01,20241202
S01/20241202/00006,1,P107190,2,223.50,SALE,2024-12-02T15:51:28,S01,20241202
S01/20241202/00006,2,P100855,1,345.07,SALE,2024-12-02T15:51:28,S01,20241202
S01/20241202/00006,3,P106566,2,251.68,SALE,2024-12-02T15:51:28,S01,20241202
S01/20241202/00006,4,DISC,1,-153.90,DISCOUNT,2024-12-02T15:51:28,S01,20241202
S01/20241202/00006,5,TAX,1,205.48,TAX,2024-12-02T15:51:28,S01,20241202
S01/20241202/00006,6,TENDER,1,1347.01,TENDER,2024-12-02T15:51:28,S01,20241202
S01/20241202/00007,1,P103538,2,265.96,SALE,2024-12-02T14:34:54,S01,20241202
S01/20241202/00007,2,P105971,1,1150.46,SALE,2024-12-02T14:34:54,S01,20241202
S01/20241202/00007,3,P102821,1,1314.43,SALE,2024-12-02T14:34:54,S01,20241202
S01/20241202/00007,4,P104733,3,669.60,SALE,2024-12-02T14:34:54,S01,20241202
S01/20241202/00007,5,P105201,1,365.02,SALE,2024-12-02T14:34:54,S01,20241202
S01/20241202/00007,6,P100711,2,101.23,SALE,2024-12-02T14:34:54,S01,20241202
S01/20241202/00007,7,P108319,4,262.79,SALE,2024-12-02T14:34:54,S01,20241202
S01/20241202/00007,8,P105672,2,69.48,SALE,2024-12-02T14:34:54,S01,20241202
S01/20241202/00007,9,DISC,1,-366.82,DISCOUNT,2024-12-02T14:34:54,S01,20241202
S01/20241202/00007,10,TAX,1,522.96,TAX,2024-12-02T14:34:54,S01,20241202
S01/20241202/00007,11,TENDER,1,6919.35,TENDER,2024-12-02T14:34:54,S01,20241202
S01/20241202/00008,1,P107231,2,1264.81,SALE,2024-12-02T12:24:34,S01,20241202
S01/20241202/00008,2,P104149,2,88.07,SALE,2024-12-02T12:24:34,S01,20241202
S01/20241202/00008,3,P107581,1,287.09,SALE,2024-12-02T12:24:34,S01,20241202
S01/20241202/00008,4,TAX,1,43.26,TAX,2024-12-02T12:24:34,S01,20241202
S01/20241202/00008,5,TENDER,1,3036.11,TENDER,2024-12-02T12:24:34,S01,20241202
S01/20241202/00009,1,P105268,2,300.66,SALE,2024-12-02T10:11:03,S01,20241202
S01/20241202/00009,2,P102181,3,1615.15,SALE,2024-12-02T10:11:03,S01,20241202
S01/20241202/00009,3,P102236,2,928.51,SALE,2024-12-02T10:11:03,S01,20241202
S01/20241202/00009,4,P106592,4,815.90,SALE,2024-12-02T10:11:03,S01,20241202
S01/20241202/00009,5,P105405,2,430.78,SALE,2024-12-02T10:11:03,S01,20241202
S01/20241202/00009,6,TAX,1,407.35,TAX,2024-12-02T10:11:03,S01,20241202
S01/20241202/00009,7,TENDER,1,11836.30,TENDER,2024-12-02T10:11:03,S01,20241202
S01/20241202/00010,1,P107605,2,1129.73,SALE,2024-12-03T00:18:39,S01,20241202
S01/20241202/00010,2,P100057,3,233.39,SALE,2024-12-03T00:18:39,S01,20241202
S01/20241202/00010,3,P107996,3,224.54,SALE,2024-12-03T00:18:39,S01,20241202
S01/20241202/00010,4,P105918,4,294.44,SALE,2024-12-03T00:18:39,S01,20241202
S01/20241202/00010,5,TAX,1,600.83,TAX,2024-12-03T00:18:39,S01,20241202
S01/20241202/00010,6,TENDER,1,5411.84,TENDER,2024-12-03T00:18:39,S01,20241202
S01/20241202/00011,1,P108275,1,504.53,SALE,2024-12-02T12:43:34,S01,20241202
S01/20241202/00011,2,P102947,4,59.21,SALE,2024-12-02T12:43:34,S01,20241202
S01/20241202/00011,3,P106181,2,778.60,SALE,2024-12-02T12:43:34,S01,20241202
S01/20241202/00011,4,TAX,1,90.82,TAX,2024-12-02T12:43:34,S01,20241202
S01/20241202/00011,5,TENDER,1,2389.39,TENDER,2024-12-02T12:43:34,S01,20241202
S01/20241202/00012,1,P103129,1,84.49,SALE,2024-12-02T14:06:46,S01,20241202
S01/20241202/00012,2,P107414,1,565.57,SALE,2024-12-02T14:06:46,S01,20241202
S01/20241202/00012,3,P107119,2,18.29,SALE,2024-12-02T14:06:46,S01,20241202
S01/20241202/00012,4,P107996,1,224.54,SALE,2024-12-02T14:06:46,S01,20241202
S01/20241202/00012,5,TAX,1,61.30,TAX,2024-12-02T14:06:46,S01,20241202
S01/20241202/00012,6,TENDER,1,972.48,TENDER,2024-12-02T14:06:46,S01,20241202
S01/20241202/00013,1,P101599,3,417.76,SALE,2024-12-02T13:19:44,S01,20241202
S01/20241202/00013,2,P107488,1,303.21,SALE,2024-12-02T13:19:44,S01,20241202
S01/20241202/00013,3,P107242,1,635.24,SALE,2024-12-02T13:19:44,S01,20241202
S01/20241202/00013,4,P103382,2,196.46,SALE,2024-12-02T13:19:44,S01,20241202
S01/20241202/00013,5,P105698,2,194.14,SALE,2024-12-02T13:19:44,S01,20241202
S01/20241202/00013,6,P104898,2,181.50,SALE,2024-12-02T13:19:44,S01,20241202
S01/20241202/00013,7,TAX,1,419.62,TAX,2024-12-02T13:19:44,S01,20241202
S01/20241202/00013,8,TENDER,1,3755.55,TENDER,2024-12-02T13:19:44,S01,20241202
S01/20241202/00014,1,P104155,2,144.69,SALE,2024-12-02T17:51:45,S01,20241202
S01/20241202/00014,2,P107837,1,104.51,SALE,2024-12-02T17:51:45,S01,20241202
S01/20241202/00014,3,P107264,1,190.99,SALE,2024-12-02T17:51:45,S01,20241202
S01/20241202/00014,4,TAX,1,53.19,TAX,2024-12-02T17:51:45,S01,20241202
S01/20241202/00014,5,TENDER,1,638.07,TENDER,2024-12-02T17:51:45,S01,20241202
S01/20241202/00015,1,P100066,1,251.22,SALE,2024-12-02T17:55:44,S01,20241202
S01/20241202/00015,2,P100479,3,342.92,SALE,2024-12-02T17:55:44,S01,20241202
S01/20241202/00015,3,P101419,3,202.93,SALE,2024-12-02T17:55:44,S01,20241202
S01/20241202/00015,4,TAX,1,241.73,TAX,2024-12-02T17:55:44,S01,20241202
S01/20241202/00015,5,TENDER,1,2130.50,TENDER,2024-12-02T17:55:44,S01,20241202
S01/20241202/00016,1,P107145,2,235.69,SALE,2024-12-02T13:07:48,S01,20241202
S01/20241202/00016,2,P100131,1,667.83,SALE,2024-12-02T13:07:48,S01,20241202
S01/20241202/00016,3,P102738,2,236.55,SALE,2024-12-02T13:07:48,S01,20241202
S01/20241202/00016,4,P103777,3,44.82,SALE,2024-12-02T13:07:48,S01,20241202
S01/20241202/00016,5,P105246,1,840.69,SALE,2024-12-02T13:07:48,S01,20241202
S01/20241202/00016,6,P103620,1,474.03,SALE,2024-12-02T13:07:48,S01,20241202
S01/20241202/00016,7,P103743,3,1117.90,SALE,2024-12-02T13:07:48,S01,20241202
S01/20241202/00016,8,P106344,2,801.30,SALE,2024-12-02T13:07:48,S01,20241202
S01/20241202/00016,9,P104212,1,426.07,SALE,2024-12-02T13:07:48,S01,20241202
S01/20241202/00016,10,DISC,1,-644.15,DISCOUNT,2024-12-02T13:07:48,S01,20241202
S01/20241202/00016,11,TAX,1,294.60,TAX,2024-12-02T13:07:48,S01,20241202
S01/20241202/00016,12,TENDER,1,8094.31,TENDER,2024-12-02T13:07:48,S01,20241202
S01/20241202/00017,1,P105747,3,287.56,SALE,2024-12-02T15:03:35,S01,20241202
S01/20241202/00017,2,P105918,1,294.44,SALE,2024-12-02T15:03:35,S01,20241202
S01/20241202/00017,3,TAX,1,208.28,TAX,2024-12-02T15:03:35,S01,20241202
S01/20241202/00017,4,TENDER,1,1365.40,TENDER,2024-12-02T15:03:35,S01,20241202
S01/20241202/00018,1,P106900,3,179.85,SALE,2024-12-02T12:15:34,S01,20241202
S01/20241202/00018,2,P100940,2,199.52,SALE,2024-12-02T12:15:34,S01,20241202
S01/20241202/00018,3,P100483,3,933.37,SALE,2024-12-02T12:15:34,S01,20241202
S01/20241202/00018,4,P106323,3,218.99,SALE,2024-12-02T12:15:34,S01,20241202
S01/20241202/00018,5,P101064,4,33.84,SALE,2024-12-02T12:15:34,S01,20241202
S01/20241202/00018,6,TAX,1,156.02,TAX,2024-12-02T12:15:34,S01,20241202
S01/20241202/00018,7,TENDER,1,4687.05,TENDER,2024-12-02T12:15:34,S01,20241202
S01/20241202/00019,1,P100744,1,67.07,SALE,2024-12-02T15:20:30,S01,20241202
S01/20241202/00019,2,P104446,2,66.45,SALE,2024-12-02T15:20:30,S01,20241202
S01/20241202/00019,3,P103188,2,30.16,SALE,2024-12-02T15:20:30,S01,20241202
S01/20241202/00019,4,P108131,1,627.37,SALE,2024-12-02T15:20:30,S01,20241202
S01/20241202/00019,5,P108110,3,16.57,SALE,2024-12-02T15:20:30,S01,20241202
S01/20241202/00019,6,P103538,2,265.96,SALE,2024-12-02T15:20:30,S01,20241202
S01/20241202/00019,7,TAX,1,105.05,TAX,2024-12-02T15:20:30,S01,20241202
S01/20241202/00019,8,TENDER,1,1574.34,TENDER,2024-12-02T15:20:30,S01,20241202
S01/20241202/00020,1,P106501,2,164.07,SALE,2024-12-02T17:51:19,S01,20241202
S01/20241202/00020,2,P100571,1,134.98,SALE,2024-12-02T17:51:19,S01,20241202
S01/20241202/00020,3,P106731,3,153.24,SALE,2024-12-02T17:51:19,S01,20241202
S01/20241202/00020,4,P101779,3,209.76,SALE,2024-12-02T17:51:19,S01,20241202
S01/20241202/00020,5,P104628,2,196.55,SALE,2024-12-02T17:51:19,S01,20241202
S01/20241202/00020,6,TAX,1,185.58,TAX,2024-12-02T17:51:19,S01,20241202
S01/20241202/00020,7,TENDER,1,2130.80,TENDER,2024-12-02T17:51:19,S01,20241202
S01/20241202/00021,1,P103719,4,957.52,SALE,2024-12-02T13:34:35,S01,20241202
S01/20241202/00021,2,P102674,1,515.88,SALE,2024-12-02T13:34:35,S01,20241202
S01/20241202/00021,3,P104554,2,437.01,SALE,2024-12-02T13:34:35,S01,20241202
S01/20241202/00021,4,P103197,3,339.40,SALE,2024-12-02T13:34:35,S01,20241202
S01/20241202/00021,5,P103864,3,540.44,SALE,2024-12-02T13:34:35,S01,20241202
S01/20241202/00021,6,P101634,2,25.05,SALE,2024-12-02T13:34:35,S01,20241202
S01/20241202/00021,7,P106592,3,815.90,SALE,2024-12-02T13:34:35,S01,20241202
S01/20241202/00021,8,P104658,2,75.90,SALE,2024-12-02T13:34:35,S01,20241202
S01/20241202/00021,9,P105377,2,275.11,SALE,2024-12-02T13:34:35,S01,20241202
S01/20241202/00021,10,TAX,1,1065.62,TAX,2024-12-02T13:34:35,S01,20241202
S01/20241202/00021,11,TENDER,1,12124.94,TENDER,2024-12-02T13:34:35,S01,20241202
S01/20241202/00022,1,P101762,1,528.36,SALE,2024-12-02T15:55:56,S01,20241202
S01/20241202/00022,2,P100658,2,50.53,SALE,2024-12-02T15:55:56,S01,20241202
S01/20241202/00022,3,P106169,3,221.89,SALE,2024-12-02T15:55:56,S01,20241202
S01/20241202/00022,4,P104625,1,296.80,SALE,2024-12-02T15:55:56,S01,20241202
S01/20241202/00022,5,P102494,4,14.54,SALE,2024-12-02T15:55:56,S01,20241202
S01/20241202/00022,6,TAX,1,193.69,TAX,2024-12-02T15:55:56,S01,20241202
S01/20241202/00022,7,TENDER,1,1843.74,TENDER,2024-12-02T15:55:56,S01,20241202
S01/20241202/00023,1,P103645,1,285.25,SALE,2024-12-02T14:54:40,S01,20241202
S01/20241202/00023,2,P101127,4,51.94,SALE,2024-12-02T14:54:40,S01,20241202
S01/20241202/00023,3,P106004,1,137.38,SALE,2024-12-02T14:54:40,S01,20241202
S01/20241202/00023,4,P106270,2,308.83,SALE,2024-12-02T14:54:40,S01,20241202
S01/20241202/00023,5,P108292,4,104.02,SALE,2024-12-02T14:54:40,S01,20241202
S01/20241202/00023,6,P105511,3,310.12,SALE,2024-12-02T14:54:40,S01,20241202
S01/20241202/00023,7,P101218,3,61.39,SALE,2024-12-02T14:54:40,S01,20241202
S01/20241202/00023,8,P100276,2,965.56,SALE,2024-12-02T14:54:40,S01,20241202
S01/20241202/00023,9,TAX,1,304.04,TAX,2024-12-02T14:54:40,S01,20241202
S01/20241202/00023,10,TENDER,1,5013.82,TENDER,2024-12-02T14:54:40,S01,20241202
S01/20241202/00024,1,P103406,3,1248.48,SALE,2024-12-02T10:29:56,S01,20241202
S01/20241202/00024,2,P103864,5,540.44,SALE,2024-12-02T10:29:56,S01,20241202
S01/20241202/00024,3,P107508,1,1577.69,SALE,2024-12-02T10:29:56,S01,20241202
S01/20241202/00024,4,TAX,1,773.89,TAX,2024-12-02T10:29:56,S01,20241202
S01/20241202/00024,5,TENDER,1,8799.22,TENDER,2024-12-02T10:29:56,S01,20241202
S01/20241202/00025,1,P107973,2,271.93,SALE,2024-12-02T15:38:05,S01,20241202
S01/20241202/00025,2,P108326,1,472.80,SALE,2024-12-02T15:38:05,S01,20241202
S01/20241202/00025,3,P100421,2,121.56,SALE,2024-12-02T15:38:05,S01,20241202
S01/20241202/00025,4,P106528,1,832.82,SALE,2024-12-02T15:38:05,S01,20241202
S01/20241202/00025,5,P104733,2,669.60,SALE,2024-12-02T15:38:05,S01,20241202
S01/20241202/00025,6,P102886,3,139.22,SALE,2024-12-02T15:38:05,S01,20241202
S01/20241202/00025,7,TAX,1,445.81,TAX,2024-12-02T15:38:05,S01,20241202
S01/20241202/00025,8,TENDER,1,4295.27,TENDER,2024-12-02T15:38:05,S01,20241202
S01/20241203/00001,1,P107630,2,309.72,SALE,2024-12-03T21:43:29,S01,20241203
S01/20241203/00001,2,P104606,2,98.45,SALE,2024-12-03T21:43:29,S01,20241203
S01/20241203/00001,3,P107549,2,47.87,SALE,2024-12-03T21:43:29,S01,20241203
S01/20241203/00001,4,P101048,4,219.90,SALE,2024-12-03T21:43:29,S01,20241203
S01/20241203/00001,5,P108082,1,236.40,SALE,2024-12-03T21:43:29,S01,20241203
S01/20241203/00001,6,P101543,3,178.10,SALE,2024-12-03T21:43:29,S01,20241203
S01/20241203/00001,7,TAX,1,335.07,TAX,2024-12-03T21:43:29,S01,20241203
S01/20241203/00001,8,TENDER,1,2897.45,TENDER,2024-12-03T21:43:29,S01,20241203
S01/20241203/00002,1,P106534,2,96.00,SALE,2024-12-03T17:02:53,S01,20241203
S01/20241203/00002,2,P107226,1,88.38,SALE,2024-12-03T17:02:53,S01,20241203
S01/20241203/00002,3,P106209,2,199.51,SALE,2024-12-03T17:02:53,S01,20241203
S01/20241203/00002,4,TAX,1,98.35,TAX,2024-12-03T17:02:53,S01,20241203
S01/20241203/00002,5,TENDER,1,777.75,TENDER,2024-12-03T17:02:53,S01,20241203
S01/20241203/00003,1,P105971,1,1150.46,SALE,2024-12-03T18:02:48,S01,20241203
S01/20241203/00003,2,P101292,2,380.75,SALE,2024-12-03T18:02:48,S01,20241203
S01/20241203/00003,3,TAX,1,95.60,TAX,2024-12-03T18:02:48,S01,20241203
S01/20241203/00003,4,TENDER,1,2007.56,TENDER,2024-12-03T18:02:48,S01,20241203
S01/20241203/00004,1,P105860,2,674.13,SALE,2024-12-03T08:30:02,S01,20241203
S01/20241203/00004,2,P101949,2,857.51,SALE,2024-12-03T08:30:02,S01,20241203
S01/20241203/00004,3,DISC,1,-229.27,DISCOUNT,2024-12-03T08:30:02,S01,20241203
S01/20241203/00004,4,TAX,1,141.70,TAX,2024-12-03T08:30:02,S01,20241203
S01/20241203/00004,5,TENDER,1,2975.71,TENDER,2024-12-03T08:30:02,S01,20241203
S01/20241203/00005,1,P103766,2,212.45,SALE,2024-12-03T21:55:30,S01,20241203
S01/20241203/00005,2,P102531,3,147.70,SALE,2024-12-03T21:55:30,S01,20241203
S01/20241203/00005,3,P102280,3,644.81,SALE,2024-12-03T21:55:30,S01,20241203
S01/20241203/00005,4,P104446,2,66.45,SALE,2024-12-03T21:55:30,S01,20241203
S01/20241203/00005,5,P104600,3,56.45,SALE,2024-12-03T21:55:30,S01,20241203
S01/20241203/00005,6,TAX,1,455.00,TAX,2024-12-03T21:55:30,S01,20241203
S01/20241203/00005,7,TENDER,1,3559.68,TENDER,2024-12-03T21:55:30,S01,20241203
S01/20241203/00006,1,P106659,2,106.86,SALE,2024-12-03T23:12:33,S01,20241203
S01/20241203/00006,2,P102112,3,389.72,SALE,2024-12-03T23:12:33,S01,20241203
S01/20241203/00006,3,P100463,3,290.57,SALE,2024-12-03T23:12:33,S01,20241203
S01/20241203/00006,4,P103833,4,1136.81,SALE,2024-12-03T23:12:33,S01,20241203
S01/20241203/00006,5,TAX,1,497.91,TAX,2024-12-03T23:12:33,S01,20241203
S01/20241203/00006,6,TENDER,1,7299.74,TENDER,2024-12-03T23:12:33,S01,20241203
S01/20241203/00007,1,P102230,1,335.28,SALE,2024-12-03T10:07:14,S01,20241203
S01/20241203/00007,2,TAX,1,60.35,TAX,2024-12-03T10:07:14,S01,20241203
S01/20241203/00007,3,TENDER,1,395.63,TENDER,2024-12-03T10:07:14,S01,20241203
S01/20241203/00008,1,P101283,2,263.48,SALE,2024-12-03T19:31:01,S01,20241203
S01/20241203/00008,2,P101827,2,155.74,SALE,2024-12-03T19:31:01,S01,20241203
S01/20241203/00008,3,TAX,1,110.43,TAX,2024-12-03T19:31:01,S01,20241203
S01/20241203/00008,4,TENDER,1,948.87,TENDER,2024-12-03T19:31:01,S01,20241203
S01/20241203/00009,1,P106975,1,143.78,SALE,2024-12-03T12:18:19,S01,20241203
S01/20241203/00009,2,P100428,1,150.84,SALE,2024-12-03T12:18:19,S01,20241203
S01/20241203/00009,3,P108101,2,1764.19,SALE,2024-12-03T12:18:19,S01,20241203
S01/20241203/00009,4,P102263,2,116.79,SALE,2024-12-03T12:18:19,S01,20241203
S01/20241203/00009,5,TAX,1,477.32,TAX,2024-12-03T12:18:19,S01,20241203
S01/20241203/00009,6,TENDER,1,4533.90,TENDER,2024-12-03T12:18:19,S01,20241203
S01/20241203/00010,1,P105672,5,69.48,SALE,2024-12-03T16:13:29,S01,20241203
S01/20241203/00010,2,P101507,2,635.95,SALE,2024-12-03T16:13:29,S01,20241203
S01/20241203/00010,3,P102296,2,48.88,SALE,2024-12-03T16:13:29,S01,20241203
S01/20241203/00010,4,P102096,2,982.72,SALE,2024-12-03T16:13:29,S01,20241203
S01/20241203/00010,5,P106997,1,42.42,SALE,2024-12-03T16:13:29,S01,20241203
S01/20241203/00010,6,P105908,4,698.64,SALE,2024-12-03T16:13:29,S01,20241203
S01/20241203/00010,7,TAX,1,461.86,TAX,2024-12-03T16:13:29,S01,20241203
S01/20241203/00010,8,TENDER,1,6981.34,TENDER,2024-12-03T16:13:29,S01,20241203
S01/20241203/00011,1,P102998,1,158.64,SALE,2024-12-04T00:27:43,S01,20241203
S01/20241203/00011,2,P106512,1,467.07,SALE,2024-12-04T00:27:43,S01,20241203
S01/20241203/00011,3,TAX,1,112.63,TAX,2024-12-04T00:27:43,S01,20241203
S01/20241203/00011,4,TENDER,1,738.34,TENDER,2024-12-04T00:27:43,S01,20241203
S01/20241203/00012,1,P107597,2,562.77,SALE,2024-12-03T20:03:26,S01,20241203
S01/20241203/00012,2,P105384,2,315.25,SALE,2024-12-03T20:03:26,S01,20241203
S01/20241203/00012,3,P101419,2,202.93,SALE,2024-12-03T20:03:26,S01,20241203
S01/20241203/00012,4,P102397,1,355.28,SALE,2024-12-03T20:03:26,S01,20241203
S01/20241203/00012,5,P104670,2,108.77,SALE,2024-12-03T20:03:26,S01,20241203
S01/20241203/00012,6,TAX,1,262.43,TAX,2024-12-03T20:03:26,S01,20241203
S01/20241203/00012,7,TENDER,1,2997.15,TENDER,2024-12-03T20:03:26,S01,20241203
S01/20241203/00013,1,P103438,3,187.96,SALE,2024-12-03T17:34:23,S01,20241203
S01/20241203/00013,2,P102006,3,1553.68,SALE,2024-12-03T17:34:23,S01,20241203
S01/20241203/00013,3,P107432,3,45.60,SALE,2024-12-03T17:34:23,S01,20241203
S01/20241203/00013,4,P104883,2,370.64,SALE,2024-12-03T17:34:23,S01,20241203
S01/20241203/00013,5,TAX,1,72.10,TAX,2024-12-03T17:34:23,S01,20241203
S01/20241203/00013,6,TENDER,1,6175.10,TENDER,2024-12-03T17:34:23,S01,20241203
S01/20241203/00014,1,P106651,2,990.65,SALE,2024-12-03T18:04:17,S01,20241203
S01/20241203/00014,2,P106751,2,123.83,SALE,2024-12-03T18:04:17,S01,20241203
S01/20241203/00014,3,P107094,1,97.95,SALE,2024-12-03T18:04:17,S01,20241203
S01/20241203/00014,4,TAX,1,30.01,TAX,2024-12-03T18:04:17,S01,20241203
S01/20241203/00014,5,TENDER,1,2356.92,TENDER,2024-12-03T18:04:17,S01,20241203
S01/20241203/00015,1,P104454,2,49.63,SALE,2024-12-03T19:42:33,S01,20241203
S01/20241203/00015,2,P102452,4,176.54,SALE,2024-12-03T19:42:33,S01,20241203
S01/20241203/00015,3,P104285,2,683.70,SALE,2024-12-03T19:42:33,S01,20241203
S01/20241203/00015,4,P103206,5,450.05,SALE,2024-12-03T19:42:33,S01,20241203
S01/20241203/00015,5,TAX,1,513.69,TAX,2024-12-03T19:42:33,S01,20241203
S01/20241203/00015,6,TENDER,1,4936.76,TENDER,2024-12-03T19:42:33,S01,20241203
S01/20241203/00016,1,P100375,2,163.45,SALE,2024-12-03T13:45:38,S01,20241203
S01/20241203/00016,2,P105219,2,763.15,SALE,2024-12-03T13:45:38,S01,20241203
S01/20241203/00016,3,P108239,2,256.06,SALE,2024-12-03T13:45:38,S01,20241203
S01/20241203/00016,4,P108060,2,217.09,SALE,2024-12-03T13:45:38,S01,20241203
S01/20241203/00016,5,P100156,2,1528.63,SALE,2024-12-03T13:45:38,S01,20241203
S01/20241203/00016,6,P103012,1,240.75,SALE,2024-12-03T13:45:38,S01,20241203
S01/20241203/00016,7,DISC,1,-440.83,DISCOUNT,2024-12-03T13:45:38,S01,20241203
S01/20241203/00016,8,TAX,1,454.86,TAX,2024-12-03T13:45:38,S01,20241203
S01/20241203/00016,9,TENDER,1,6111.54,TENDER,2024-12-03T13:45:38,S01,20241203
S01/20241203/00017,1,P107373,2,96.28,SALE,2024-12-03T16:27:11,S01,20241203
S01/20241203/00017,2,P106169,1,221.89,SALE,2024-12-03T16:27:11,S01,20241203
S01/20241203/00017,3,P102998,4,158.64,SALE,2024-12-03T16:27:11,S01,20241203
S01/20241203/00017,4,TAX,1,154.16,TAX,2024-12-03T16:27:11,S01,20241203
S01/20241203/00017,5,TENDER,1,1203.17,TENDER,2024-12-03T16:27:11,S01,20241203
S01/20241203/00018,1,P105418,1,257.82,SALE,2024-12-03T15:05:44,S01,20241203
S01/20241203/00018,2,P107463,1,188.92,SALE,2024-12-03T15:05:44,S01,20241203
S01/20241203/00018,3,P100239,1,360.16,SALE,2024-12-03T15:05:44,S01,20241203
S01/20241203/00018,4,P104081,3,652.80,SALE,2024-12-03T15:05:44,S01,20241203
S01/20241203/00018,5,TAX,1,123.63,TAX,2024-12-03T15:05:44,S01,20241203
S01/20241203/00018,6,TENDER,1,2888.93,TENDER,2024-12-03T15:05:44,S01,20241203
S01/20241203/00019,1,P105747,2,287.56,SALE,2024-12-03T20:11:30,S01,20241203
S01/20241203/00019,2,P104593,2,867.34,SALE,2024-12-03T20:11:30,S01,20241203
S01/20241203/00019,3,P106454,2,127.35,SALE,2024-12-03T20:11:30,S01,20241203
S01/20241203/00019,4,P102640,2,270.61,SALE,2024-12-03T20:11:30,S01,20241203
S01/20241203/00019,5,TAX,1,421.84,TAX,2024-12-03T20:11:30,S01,20241203
S01/20241203/00019,6,TENDER,1,3527.56,TENDER,2024-12-03T20:11:30,S01,20241203
S01/20241203/00020,1,P107822,1,69.77,SALE,2024-12-03T13:20:04,S01,20241203
S01/20241203/00020,2,P106323,4,218.99,SALE,2024-12-03T13:20:04,S01,20241203
S01/20241203/00020,3,P104975,2,568.03,SALE,2024-12-03T13:20:04,S01,20241203
S01/20241203/00020,4,TAX,1,56.36,TAX,2024-12-03T13:20:04,S01,20241203
S01/20241203/00020,5,TENDER,1,2138.15,TENDER,2024-12-03T13:20:04,S01,20241203
S01/20241203/00021,1,P102091,2,87.97,SALE,2024-12-03T17:57:32,S01,20241203
S01/20241203/00021,2,P100224,1,79.22,SALE,2024-12-03T17:57:32,S01,20241203
S01/20241203/00021,3,P105805,2,110.21,SALE,2024-12-03T17:57:32,S01,20241203
S01/20241203/00021,4,P105729,2,75.27,SALE,2024-12-03T17:57:32,S01,20241203
S01/20241203/00021,5,TAX,1,31.06,TAX,2024-12-03T17:57:32,S01,20241203
S01/20241203/00021,6,TENDER,1,657.18,TENDER,2024-12-03T17:57:32,S01,20241203
S01/20241203/00022,1,P103273,1,356.86,SALE,2024-12-03T17:04:22,S01,20241203
S01/20241203/00022,2,P107330,3,134.92,SALE,2024-12-03T17:04:22,S01,20241203
S01/20241203/00022,3,P101037,2,613.83,SALE,2024-12-03T17:04:22,S01,20241203
S01/20241203/00022,4,P106084,1,592.14,SALE,2024-12-03T17:04:22,S01,20241203
S01/20241203/00022,5,TAX,1,366.27,TAX,2024-12-03T17:04:22,S01,20241203
S01/20241203/00022,6,TENDER,1,2947.69,TENDER,2024-12-03T17:04:22,S01,20241203
S01/20241203/00023,1,P106277,2,416.62,SALE,2024-12-03T14:24:12,S01,20241203
S01/20241203/00023,2,P101064,2,33.84,SALE,2024-12-03T14:24:12,S01,20241203
S01/20241203/00023,3,P104175,1,814.13,SALE,2024-12-03T14:24:12,S01,20241203
S01/20241203/00023,4,P107686,2,347.22,SALE,2024-12-03T14:24:12,S01,20241203
S01/20241203/00023,5,P107217,5,293.45,SALE,2024-12-03T14:24:12,S01,20241203
S01/20241203/00023,6,P101389,2,430.39,SALE,2024-12-03T14:24:12,S01,20241203
S01/20241203/00023,7,TAX,1,509.85,TAX,2024-12-03T14:24:12,S01,20241203
S01/20241203/00023,8,TENDER,1,5247.37,TENDER,2024-12-03T14:24:12,S01,20241203
S01/20241204/00001,1,P105890,1,1196.88,SALE,2024-12-04T16:58:22,S01,20241204
S01/20241204/00001,2,P106542,2,139.24,SALE,2024-12-04T16:58:22,S01,20241204
S01/20241204/00001,3,P101874,1,21.48,SALE,2024-12-04T16:58:22,S01,20241204
S01/20241204/00001,4,P104389,2,169.98,SALE,2024-12-04T16:58:22,S01,20241204
S01/20241204/00001,5,P105017,4,220.46,SALE,2024-12-04T16:58:22,S01,20241204
S01/20241204/00001,6,P107026,2,69.10,SALE,2024-12-04T16:58:22,S01,20241204
S01/20241204/00001,7,TAX,1,354.77,TAX,2024-12-04T16:58:22,S01,20241204
S01/20241204/00001,8,TENDER,1,3211.61,TENDER,2024-12-04T16:58:22,S01,20241204
S01/20241204/00002,1,P106844,1,23.44,SALE,2024-12-04T19:41:49,S01,20241204
S01/20241204/00002,2,P101940,3,201.44,SALE,2024-12-04T19:41:49,S01,20241204
S01/20241204/00002,3,P107872,5,650.85,SALE,2024-12-04T19:41:49,S01,20241204
S01/20241204/00002,4,TAX,1,239.45,TAX,2024-12-04T19:41:49,S01,20241204
S01/20241204/00002,5,TENDER,1,4121.46,TENDER,2024-12-04T19:41:49,S01,20241204
S01/20241204/00003,1,P101090,2,24.06,SALE,2024-12-04T10:21:59,S01,20241204
S01/20241204/00003,2,P108076,1,151.55,SALE,2024-12-04T10:21:59,S01,20241204
S01/20241204/00003,3,P106679,2,181.66,SALE,2024-12-04T10:21:59,S01,20241204
S01/20241204/00003,4,P108200,4,333.41,SALE,2024-12-04T10:21:59,S01,20241204
S01/20241204/00003,5,P103054,3,145.96,SALE,2024-12-04T10:21:59,S01,20241204
S01/20241204/00003,6,P100479,2,342.92,SALE,2024-12-04T10:21:59,S01,20241204
S01/20241204/00003,7,TAX,1,278.28,TAX,2024-12-04T10:21:59,S01,20241204
S01/20241204/00003,8,TENDER,1,3298.63,TENDER,2024-12-04T10:21:59,S01,20241204
S01/20241204/00004,1,P101201,2,48.42,SALE,2024-12-04T21:19:27,S01,20241204
S01/20241204/00004,2,P101851,3,1750.29,SALE,2024-12-04T21:19:27,S01,20241204
S01/20241204/00004,3,P107264,3,190.99,SALE,2024-12-04T21:19:27,S01,20241204
S01/20241204/00004,4,P106553,4,139.74,SALE,2024-12-04T21:19:27,S01,20241204
S01/20241204/00004,5,TAX,1,208.59,TAX,2024-12-04T21:19:27,S01,20241204
S01/20241204/00004,6,TENDER,1,6688.23,TENDER,2024-12-04T21:19:27,S01,20241204
S01/20241204/00005,1,P103958,2,32.46,SALE,2024-12-04T23:00:57,S01,20241204
S01/20241204/00005,2,P105198,1,15.39,SALE,2024-12-04T23:00:57,S01,20241204
S01/20241204/00005,3,TAX,1,13.53,TAX,2024-12-04T23:00:57,S01,20241204
S01/20241204/00005,4,TENDER,1,93.84,TENDER,2024-12-04T23:00:57,S01,20241204
S01/20241204/00006,1,P102811,2,199.78,SALE,2024-12-04T14:27:20,S01,20241204
S01/20241204/00006,2,P105425,2,153.55,SALE,2024-12-04T14:27:20,S01,20241204
S01/20241204/00006,3,P105860,2,674.13,SALE,2024-12-04T14:27:20,S01,20241204
S01/20241204/00006,4,P104938,2,999.94,SALE,2024-12-04T14:27:20,S01,20241204
S01/20241204/00006,5,P102142,2,93.89,SALE,2024-12-04T14:27:20,S01,20241204
S01/20241204/00006,6,P101961,3,767.84,SALE,2024-12-04T14:27:20,S01,20241204
S01/20241204/00006,7,TAX,1,766.75,TAX,2024-12-04T14:27:20,S01,20241204
S01/20241204/00006,8,TENDER,1,7312.85,TENDER,2024-12-04T14:27:20,S01,20241204
S01/20241204/00007,1,P106659,1,106.86,SALE,2024-12-04T16:11:13,S01,20241204
S01/20241204/00007,2,P105733,1,139.55,SALE,2024-12-04T16:11:13,S01,20241204
S01/20241204/00007,3,P105377,2,275.11,SALE,2024-12-04T16:11:13,S01,20241204
S01/20241204/00007,4,P102626,3,416.91,SALE,2024-12-04T16:11:13,S01,20241204
S01/20241204/00007,5,P106254,1,1282.79,SALE,2024-12-04T16:11:13,S01,20241204
S01/20241204/00007,6,TAX,1,254.06,TAX,2024-12-04T16:11:13,S01,20241204
S01/20241204/00007,7,TENDER,1,3584.21,TENDER,2024-12-04T16:11:13,S01,20241204
S01/20241204/00008,1,P104921,1,425.26,SALE,2024-12-04T13:57:20,S01,20241204
S01/20241204/00008,2,P102383,1,10.62,SALE,2024-12-04T13:57:20,S01,20241204
S01/20241204/00008,3,TAX,1,78.46,TAX,2024-12-04T13:57:20,S01,20241204
S01/20241204/00008,4,TENDER,1,514.34,TENDER,2024-12-04T13:57:20,S01,20241204
S01/20241204/00009,1,P107843,5,486.47,SALE,2024-12-04T21:13:44,S01,20241204
S01/20241204/00009,2,P102581,3,185.56,SALE,2024-12-04T21:13:44,S01,20241204
S01/20241204/00009,3,P107435,1,636.54,SALE,2024-12-04T21:13:44,S01,20241204
S01/20241204/00009,4,P101076,2,606.89,SALE,2024-12-04T21:13:44,S01,20241204
S01/20241204/00009,5,P107646,2,225.19,SALE,2024-12-04T21:13:44,S01,20241204
S01/20241204/00009,6,P101311,3,481.74,SALE,2024-12-04T21:13:44,S01,20241204
S01/20241204/00009,7,P104251,3,79.68,SALE,2024-12-04T21:13:44,S01,20241204
S01/20241204/00009,8,P106200,4,119.89,SALE,2024-12-04T21:13:44,S01,20241204
S01/20241204/00009,9,P105603,3,202.29,SALE,2024-12-04T21:13:44,S01,20241204
S01/20241204/00009,10,P104733,1,669.60,SALE,2024-12-04T21:13:44,S01,20241204
S01/20241204/00009,11,TAX,1,1066.04,TAX,2024-12-04T21:13:44,S01,20241204
S01/20241204/00009,12,TENDER,1,9796.06,TENDER,2024-12-04T21:13:44,S01,20241204
S01/20241204/00010,1,P106686,1,324.48,SALE,2024-12-04T15:03:56,S01,20241204
S01/20241204/00010,2,P103487,2,361.14,SALE,2024-12-04T15:03:56,S01,20241204
S01/20241204/00010,3,P103950,2,1283.54,SALE,2024-12-04T15:03:56,S01,20241204
S01/20241204/00010,4,P103273,1,356.86,SALE,2024-12-04T15:03:56,S01,20241204
S01/20241204/00010,5,P107253,1,249.41,SALE,2024-12-04T15:03:56,S01,20241204
S01/20241204/00010,6,P102880,2,575.53,SALE,2024-12-04T15:03:56,S01,20241204
S01/20241204/00010,7,TAX,1,331.63,TAX,2024-12-04T15:03:56,S01,20241204
S01/20241204/00010,8,TENDER,1,5702.80,TENDER,2024-12-04T15:03:56,S01,20241204
S01/20241204/00011,1,P107630,3,309.72,SALE,2024-12-04T12:06:36,S01,20241204
S01/20241204/00011,2,P100100,1,435.38,SALE,2024-12-04T12:06:36,S01,20241204
S01/20241204/00011,3,P106330,2,218.33,SALE,2024-12-04T12:06:36,S01,20241204
S01/20241204/00011,4,P106528,2,832.82,SALE,2024-12-04T12:06:36,S01,20241204
S01/20241204/00011,5,P105805,2,110.21,SALE,2024-12-04T12:06:36,S01,20241204
S01/20241204/00011,6,P105176,2,509.66,SALE,2024-12-04T12:06:36,S01,20241204
S01/20241204/00011,7,TAX,1,681.45,TAX,2024-12-04T12:06:36,S01,20241204
S01/20241204/00011,8,TENDER,1,5388.03,TENDER,2024-12-04T12:06:36,S01,20241204
S01/20241204/00012,1,P100703,2,171.10,SALE,2024-12-04T19:21:47,S01,20241204
S01/20241204/00012,2,P102236,4,928.51,SALE,2024-12-04T19:21:47,S01,20241204
S01/20241204/00012,3,P100767,1,277.22,SALE,2024-12-04T19:21:47,S01,20241204
S01/20241204/00012,4,DISC,1,-365.31,DISCOUNT,2024-12-04T19:21:47,S01,20241204
S01/20241204/00012,5,TAX,1,238.11,TAX,2024-12-04T19:21:47,S01,20241204
S01/20241204/00012,6,TENDER,1,4206.26,TENDER,2024-12-04T19:21:47,S01,20241204
S01/20241204/00013,1,P108275,2,504.53,SALE,2024-12-04T22:19:10,S01,20241204
S01/20241204/00013,2,P100026,1,315.91,SALE,2024-12-04T22:19:10,S01,20241204
S01/20241204/00013,3,P103994,1,148.39,SALE,2024-12-04T22:19:10,S01,20241204
S01/20241204/00013,4,P104765,2,401.36,SALE,2024-12-04T22:19:10,S01,20241204
S01/20241204/00013,5,P103035,1,1333.74,SALE,2024-12-04T22:19:10,S01,20241204
S01/20241204/00013,6,P108082,2,236.40,SALE,2024-12-04T22:19:10,S01,20241204
S01/20241204/00013,7,DISC,1,-246.19,DISCOUNT,2024-12-04T22:19:10,S01,20241204
S01/20241204/00013,8,TAX,1,418.68,TAX,2024-12-04T22:19:10,S01,20241204
S01/20241204/00013,9,TENDER,1,4255.11,TENDER,2024-12-04T22:19:10,S01,20241204
S01/20241204/00014,1,P101851,2,1750.29,SALE,2024-12-04T20:32:44,S01,20241204
S01/20241204/00014,2,P105908,1,698.64,SALE,2024-12-04T20:32:44,S01,20241204
S01/20241204/00014,3,P106629,2,54.62,SALE,2024-12-04T20:32:44,S01,20241204
S01/20241204/00014,4,P104844,3,508.88,SALE,2024-12-04T20:32:44,S01,20241204
S01/20241204/00014,5,P108374,2,1417.29,SALE,2024-12-04T20:32:44,S01,20241204
S01/20241204/00014,6,TAX,1,130.93,TAX,2024-12-04T20:32:44,S01,20241204
S01/20241204/00014,7,TENDER,1,8800.61,TENDER,2024-12-04T20:32:44,S01,20241204
S01/20241204/00015,1,P105835,2,238.39,SALE,2024-12-04T20:23:42,S01,20241204
S01/20241204/00015,2,P100889,4,1028.39,SALE,2024-12-04T20:23:42,S01,20241204
S01/20241204/00015,3,P103871,2,220.55,SALE,2024-12-04T20:23:42,S01,20241204
S01/20241204/00015,4,P103159,1,1193.28,SALE,2024-12-04T20:23:42,S01,20241204
S01/20241204/00015,5,P104789,1,67.52,SALE,2024-12-04T20:23:42,S01,20241204
S01/20241204/00015,6,P106823,2,148.11,SALE,2024-12-04T20:23:42,S01,20241204
S01/20241204/00015,7,TAX,1,287.12,TAX,2024-12-04T20:23:42,S01,20241204
S01/20241204/00015,8,TENDER,1,6875.58,TENDER,2024-12-04T20:23:42,S01,20241204
S01/20241204/00016,1,P106813,2,257.87,SALE,2024-12-04T19:07:23,S01,20241204
S01/20241204/00016,2,P104233,2,1271.89,SALE,2024-12-04T19:07:23,S01,20241204
S01/20241204/00016,3,P102821,2,1314.43,SALE,2024-12-04T19:07:23,S01,20241204
S01/20241204/00016,4,TAX,1,189.08,TAX,2024-12-04T19:07:23,S01,20241204
S01/20241204/00016,5,TENDER,1,5877.46,TENDER,2024-12-04T19:07:23,S01,20241204
S01/20241204/00017,1,P100106,1,318.86,SALE,2024-12-04T11:28:48,S01,20241204
S01/20241204/00017,2,P104700,1,1425.82,SALE,2024-12-04T11:28:48,S01,20241204
S01/20241204/00017,3,P101968,3,12.46,SALE,2024-12-04T11:28:48,S01,20241204
S01/20241204/00017,4,TAX,1,64.12,TAX,2024-12-04T11:28:48,S01,20241204
S01/20241204/00017,5,TENDER,1,1846.18,TENDER,2024-12-04T11:28:48,S01,20241204
S01/20241204/00018,1,P100198,-1,162.72,RETURN,2024-12-04T15:12:14,S01,20241204
S01/20241204/00018,2,P102445,-2,31.53,RETURN,2024-12-04T15:12:14,S01,20241204
S01/20241204/00018,3,P107012,-2,109.16,RETURN,2024-12-04T15:12:14,S01,20241204
S01/20241204/00018,4,P108262,-4,592.59,RETURN,2024-12-04T15:12:14,S01,20241204
S01/20241204/00018,5,P104747,-2,342.93,RETURN,2024-12-04T15:12:14,S01,20241204
S01/20241204/00018,6,P102835,-1,101.19,RETURN,2024-12-04T15:12:14,S01,20241204
S01/20241204/00018,7,TAX,1,-551.51,TAX,2024-12-04T15:12:14,S01,20241204
S01/20241204/00018,8,TENDER,1,-4153.02,TENDER,2024-12-04T15:12:14,S01,20241204
S01/20241204/00019,1,P105775,3,104.41,SALE,2024-12-04T15:14:03,S01,20241204
S01/20241204/00019,2,P102811,1,199.78,SALE,2024-12-04T15:14:03,S01,20241204
S01/20241204/00019,3,P104389,3,169.98,SALE,2024-12-04T15:14:03,S01,20241204
S01/20241204/00019,4,P101722,3,1460.17,SALE,2024-12-04T15:14:03,S01,20241204
S01/20241204/00019,5,P107308,2,226.19,SALE,2024-12-04T15:14:03,S01,20241204
S01/20241204/00019,6,P101796,2,990.67,SALE,2024-12-04T15:14:03,S01,20241204
S01/20241204/00019,7,DISC,1,-576.19,DISCOUNT,2024-12-04T15:14:03,S01,20241204
S01/20241204/00019,8,TAX,1,464.44,TAX,2024-12-04T15:14:03,S01,20241204
S01/20241204/00019,9,TENDER,1,7725.43,TENDER,2024-12-04T15:14:03,S01,20241204
S01/20241204/00020,1,P103517,1,177.49,SALE,2024-12-04T17:27:20,S01,20241204
S01/20241204/00020,2,P104389,4,169.98,SALE,2024-12-04T17:27:20,S01,20241204
S01/20241204/00020,3,P100840,1,248.08,SALE,2024-12-04T17:27:20,S01,20241204
S01/20241204/00020,4,TAX,1,167.04,TAX,2024-12-04T17:27:20,S01,20241204
S01/20241204/00020,5,TENDER,1,1272.53,TENDER,2024-12-04T17:27:20,S01,20241204
S01/20241204/00021,1,P103538,1,265.96,SALE,2024-12-04T15:24:53,S01,20241204
S01/20241204/00021,2,P102993,1,318.19,SALE,2024-12-04T15:24:53,S01,20241204
S01/20241204/00021,3,P106258,2,423.67,SALE,2024-12-04T15:24:53,S01,20241204
S01/20241204/00021,4,P106731,2,153.24,SALE,2024-12-04T15:24:53,S01,20241204
S01/20241204/00021,5,TAX,1,71.57,TAX,2024-12-04T15:24:53,S01,20241204
S01/20241204/00021,6,TENDER,1,1809.54,TENDER,2024-12-04T15:24:53,S01,20241204
S01/20241204/00022,1,P103559,2,370.21,SALE,2024-12-04T14:26:32,S01,20241204
S01/20241204/00022,2,P101248,5,497.50,SALE,2024-12-04T14:26:32,S01,20241204
S01/20241204/00022,3,P108356,3,234.68,SALE,2024-12-04T14:26:32,S01,20241204
S01/20241204/00022,4,TAX,1,569.26,TAX,2024-12-04T14:26:32,S01,20241204
S01/20241204/00022,5,TENDER,1,4501.22,TENDER,2024-12-04T14:26:32,S01,20241204
S01/20241204/00023,1,P105176,3,509.66,SALE,2024-12-04T22:15:18,S01,20241204
S01/20241204/00023,2,P101283,3,263.48,SALE,2024-12-04T22:15:18,S01,20241204
S01/20241204/00023,3,P101083,2,349.65,SALE,2024-12-04T22:15:18,S01,20241204
S01/20241204/00023,4,P103054,1,145.96,SALE,2024-12-04T22:15:18,S01,20241204
S01/20241204/00023,5,TAX,1,543.37,TAX,2024-12-04T22:15:18,S01,20241204
S01/20241204/00023,6,TENDER,1,3708.05,TENDER,2024-12-04T22:15:18,S01,20241204
S01/20241204/00024,1,P101321,2,24.76,SALE,2024-12-04T22:34:56,S01,20241204
S01/20241204/00024,2,P106584,1,247.63,SALE,2024-12-04T22:34:56,S01,20241204
S01/20241204/00024,3,P108356,1,234.68,SALE,2024-12-04T22:34:56,S01,20241204
S01/20241204/00024,4,P102060,1,165.83,SALE,2024-12-04T22:34:56,S01,20241204
S01/20241204/00024,5,P103096,1,315.47,SALE,2024-12-04T22:34:56,S01,20241204
S01/20241204/00024,6,P101925,3,186.54,SALE,2024-12-04T22:34:56,S01,20241204
S01/20241204/00024,7,TAX,1,194.59,TAX,2024-12-04T22:34:56,S01,20241204
S01/20241204/00024,8,TENDER,1,1767.34,TENDER,2024-12-04T22:34:56,S01,20241204
S01/20241204/00025,1,P100956,3,421.98,SALE,2024-12-04T16:24:50,S01,20241204
S01/20241204/00025,2,P107920,2,109.22,SALE,2024-12-04T16:24:50,S01,20241204
S01/20241204/00025,3,P108338,1,218.68,SALE,2024-12-04T16:24:50,S01,20241204
S01/20241204/00025,4,P106872,3,73.12,SALE,2024-12-04T16:24:50,S01,20241204
S01/20241204/00025,5,P105042,2,66.53,SALE,2024-12-04T16:24:50,S01,20241204
S01/20241204/00025,6,P104439,2,123.98,SALE,2024-12-04T16:24:50,S01,20241204
S01/20241204/00025,7,TAX,1,250.05,TAX,2024-12-04T16:24:50,S01,20241204
S01/20241204/00025,8,TENDER,1,2553.49,TENDER,2024-12-04T16:24:50,S01,20241204
S01/20241204/00026,1,P106009,2,372.60,SALE,2024-12-04T15:32:11,S01,20241204
S01/20241204/00026,2,P107028,3,56.60,SALE,2024-12-04T15:32:11,S01,20241204
S01/20241204/00026,3,P100339,2,299.99,SALE,2024-12-04T15:32:11,S01,20241204
S01/20241204/00026,4,P103118,3,47.89,SALE,2024-12-04T15:32:11,S01,20241204
S01/20241204/00026,5,DISC,1,-145.62,DISCOUNT,2024-12-04T15:32:11,S01,20241204
S01/20241204/00026,6,TAX,1,214.52,TAX,2024-12-04T15:32:11,S01,20241204
S01/20241204/00026,7,TENDER,1,1727.55,TENDER,2024-12-04T15:32:11,S01,20241204
S01/20241204/00027,1,P102296,2,48.88,SALE,2024-12-04T17:13:05,S01,20241204
S01/20241204/00027,2,P108247,4,252.59,SALE,2024-12-04T17:13:05,S01,20241204
S01/20241204/00027,3,P101404,1,228.51,SALE,2024-12-04T17:13:05,S01,20241204
S01/20241204/00027,4,P100121,2,113.08,SALE,2024-12-04T17:13:05,S01,20241204
S01/20241204/00027,5,P104175,1,814.13,SALE,2024-12-04T17:13:05,S01,20241204
S01/20241204/00027,6,TAX,1,222.20,TAX,2024-12-04T17:13:05,S01,20241204
S01/20241204/00027,7,TENDER,1,2599.12,TENDER,2024-12-04T17:13:05,S01,20241204
S01/20241204/00028,1,P103517,2,177.49,SALE,2024-12-04T19:55:17,S01,20241204
S01/20241204/00028,2,P105583,1,179.43,SALE,2024-12-04T19:55:17,S01,20241204
S01/20241204/00028,3,P102779,2,23.57,SALE,2024-12-04T19:55:17,S01,20241204
S01/20241204/00028,4,P104266,1,431.11,SALE,2024-12-04T19:55:17,S01,20241204
S01/20241204/00028,5,P101622,3,272.35,SALE,2024-12-04T19:55:17,S01,20241204
S01/20241204/00028,6,P102364,1,104.57,SALE,2024-12-04T19:55:17,S01,20241204
S01/20241204/00028,7,P107822,3,69.77,SALE,2024-12-04T19:55:17,S01,20241204
S01/20241204/00028,8,TAX,1,212.90,TAX,2024-12-04T19:55:17,S01,20241204
S01/20241204/00028,9,TENDER,1,2356.49,TENDER,2024-12-04T19:55:17,S01,20241204
S01/20241204/00029,1,P108227,2,551.58,SALE,2024-12-04T16:28:32,S01,20241204
S01/20241204/00029,2,P101530,2,576.50,SALE,2024-12-04T16:28:32,S01,20241204
S01/20241204/00029,3,P100224,2,83.97,SALE,2024-12-04T16:28:32,S01,20241204
S01/20241204/00029,4,TAX,1,215.94,TAX,2024-12-04T16:28:32,S01,20241204
S01/20241204/00029,5,TENDER,1,2640.04,TENDER,2024-12-04T16:28:32,S01,20241204
S01/20241204/00030,1,P101393,2,36.64,SALE,2024-12-04T14:32:20,S01,20241204
S01/20241204/00030,2,P104700,1,1425.82,SALE,2024-12-04T14:32:20,S01,20241204
S01/20241204/00030,3,P100703,2,188.21,SALE,2024-12-04T14:32:20,S01,20241204
S01/20241204/00030,4,TAX,1,48.83,TAX,2024-12-04T14:32:20,S01,20241204
S01/20241204/00030,5,TENDER,1,1924.35,TENDER,2024-12-04T14:32:20,S01,20241204
S01/20241204/00031,1,P106830,1,103.94,SALE,2024-12-04T10:38:23,S01,20241204
S01/20241204/00031,2,P107623,4,468.34,SALE,2024-12-04T10:38:23,S01,20241204
S01/20241204/00031,3,P108179,1,307.53,SALE,2024-12-04T10:38:23,S01,20241204
S01/20241204/00031,4,P106207,3,564.89,SALE,2024-12-04T10:38:23,S01,20241204
S01/20241204/00031,5,P101884,1,352.98,SALE,2024-12-04T10:38:23,S01,20241204
S01/20241204/00031,6,TAX,1,740.22,TAX,2024-12-04T10:38:23,S01,20241204
S01/20241204/00031,7,TENDER,1,5072.70,TENDER,2024-12-04T10:38:23,S01,20241204
S01/20241204/00032,1,P105236,3,552.60,SALE,2024-12-04T19:40:44,S01,20241204
S01/20241204/00032,2,P106958,2,125.66,SALE,2024-12-04T19:40:44,S01,20241204
S01/20241204/00032,3,P102903,2,51.46,SALE,2024-12-04T19:40:44,S01,20241204
S01/20241204/00032,4,TAX,1,262.70,TAX,2024-12-04T19:40:44,S01,20241204
S01/20241204/00032,5,TENDER,1,2274.74,TENDER,2024-12-04T19:40:44,S01,20241204
S01/20241204/00033,1,P105819,3,66.64,SALE,2024-12-04T11:30:16,S01,20241204
S01/20241204/00033,2,P108191,2,309.71,SALE,2024-12-04T11:30:16,S01,20241204
S01/20241204/00033,3,P105882,2,222.02,SALE,2024-12-04T11:30:16,S01,20241204
S01/20241204/00033,4,P100827,1,1218.17,SALE,2024-12-04T11:30:16,S01,20241204
S01/20241204/00033,5,P105684,2,1114.27,SALE,2024-12-04T11:30:16,S01,20241204
S01/20241204/00033,6,TAX,1,258.31,TAX,2024-12-04T11:30:16,S01,20241204
S01/20241204/00033,7,TENDER,1,4968.40,TENDER,2024-12-04T11:30:16,S01,20241204
S01/20241204/00034,1,P100239,2,360.16,SALE,2024-12-04T21:40:50,S01,20241204
S01/20241204/00034,2,P104715,2,162.67,SALE,2024-12-04T21:40:50,S01,20241204
S01/20241204/00034,3,P104316,3,489.63,SALE,2024-12-04T21:40:50,S01,20241204
S01/20241204/00034,4,P104891,3,757.22,SALE,2024-12-04T21:40:50,S01,20241204
S01/20241204/00034,5,P106877,1,1085.30,SALE,2024-12-04T21:40:50,S01,20241204
S01/20241204/00034,6,P100494,1,67.32,SALE,2024-12-04T21:40:50,S01,20241204
S01/20241204/00034,7,TAX,1,694.12,TAX,2024-12-04T21:40:50,S01,20241204
S01/20241204/00034,8,TENDER,1,6632.95,TENDER,2024-12-04T21:40:50,S01,20241204
S01/20241204/00035,1,P100593,2,32.38,SALE,2024-12-04T22:27:48,S01,20241204
S01/20241204/00035,2,P107320,4,231.92,SALE,2024-12-04T22:27:48,S01,20241204
S01/20241204/00035,3,P105784,2,116.81,SALE,2024-12-04T22:27:48,S01,20241204
S01/20241204/00035,4,P102510,1,37.13,SALE,2024-12-04T22:27:48,S01,20241204
S01/20241204/00035,5,P102432,1,895.86,SALE,2024-12-04T22:27:48,S01,20241204
S01/20241204/00035,6,TAX,1,226.52,TAX,2024-12-04T22:27:48,S01,20241204
S01/20241204/00035,7,TENDER,1,2385.57,TENDER,2024-12-04T22:27:48,S01,20241204
S01/20241204/00036,1,P100924,2,50.37,SALE,2024-12-04T17:45:21,S01,20241204
S01/20241204/00036,2,P104645,4,1052.62,SALE,2024-12-04T17:45:21,S01,20241204
S01/20241204/00036,3,TAX,1,18.13,TAX,2024-12-04T17:45:21,S01,20241204
S01/20241204/00036,4,TENDER,1,4329.35,TENDER,2024-12-04T17:45:21,S01,20241204
S01/20241204/00037,1,P103964,1,134.21,SALE,2024-12-04T22:36:47,S01,20241204
S01/20241204/00037,2,P105479,2,253.92,SALE,2024-12-04T22:36:47,S01,20241204
S01/20241204/00037,3,P103171,4,68.42,SALE,2024-12-04T22:36:47,S01,20241204
S01/20241204/00037,4,P100924,2,50.37,SALE,2024-12-04T22:36:47,S01,20241204
S01/20241204/00037,5,P104175,2,814.13,SALE,2024-12-04T22:36:47,S01,20241204
S01/20241204/00037,6,TAX,1,99.47,TAX,2024-12-04T22:36:47,S01,20241204
S01/20241204/00037,7,TENDER,1,2744.20,TENDER,2024-12-04T22:36:47,S01,20241204
S01/20241204/00038,1,P102963,1,415.64,SALE,2024-12-04T11:40:42,S01,20241204
S01/20241204/00038,2,P107053,2,457.07,SALE,2024-12-04T11:40:42,S01,20241204
S01/20241204/00038,3,P102160,3,221.62,SALE,2024-12-04T11:40:42,S01,20241204
S01/20241204/00038,4,P107946,2,313.77,SALE,2024-12-04T11:40:42,S01,20241204
S01/20241204/00038,5,P106669,2,102.72,SALE,2024-12-04T11:40:42,S01,20241204
S01/20241204/00038,6,P106720,3,126.28,SALE,2024-12-04T11:40:42,S01,20241204
S01/20241204/00038,7,P102640,2,270.61,SALE,2024-12-04T11:40:42,S01,20241204
S01/20241204/00038,8,TAX,1,376.19,TAX,2024-12-04T11:40:42,S01,20241204
S01/20241204/00038,9,TENDER,1,4123.87,TENDER,2024-12-04T11:40:42,S01,20241204
S01/20241204/00039,1,P104587,2,252.25,SALE,2024-12-04T10:54:51,S01,20241204
S01/20241204/00039,2,P102096,3,982.72,SALE,2024-12-04T10:54:51,S01,20241204
S01/20241204/00039,3,P107126,2,68.67,SALE,2024-12-04T10:54:51,S01,20241204
S01/20241204/00039,4,P107028,2,56.60,SALE,2024-12-04T10:54:51,S01,20241204
S01/20241204/00039,5,P107354,3,227.60,SALE,2024-12-04T10:54:51,S01,20241204
S01/20241204/00039,6,DISC,1,-91.10,DISCOUNT,2024-12-04T10:54:51,S01,20241204
S01/20241204/00039,7,TAX,1,487.46,TAX,2024-12-04T10:54:51,S01,20241204
S01/20241204/00039,8,TENDER,1,4782.36,TENDER,2024-12-04T10:54:51,S01,20241204
S01/20241204/00040,1,P105765,3,529.25,SALE,2024-12-04T14:45:39,S01,20241204
S01/20241204/00040,2,P106629,1,57.49,SALE,2024-12-04T14:45:39,S01,20241204
S01/20241204/00040,3,P103864,2,540.44,SALE,2024-12-04T14:45:39,S01,20241204
S01/20241204/00040,4,TAX,1,350.19,TAX,2024-12-04T14:45:39,S01,20241204
S01/20241204/00040,5,TENDER,1,3076.31,TENDER,2024-12-04T14:45:39,S01,20241204
S01/20241204/00041,1,P100057,1,233.39,SALE,2024-12-04T17:30:16,S01,20241204
S01/20241204/00041,2,TAX,1,28.01,TAX,2024-12-04T17:30:16,S01,20241204
S01/20241204/00041,3,TENDER,1,261.40,TENDER,2024-12-04T17:30:16,S01,20241204
S01/20241204/00042,1,P106512,2,467.07,SALE,2024-12-04T14:11:39,S01,20241204
S01/20241204/00042,2,P101389,2,430.39,SALE,2024-12-04T14:11:39,S01,20241204
S01/20241204/00042,3,P102151,3,1117.25,SALE,2024-12-04T14:11:39,S01,20241204
S01/20241204/00042,4,P103124,1,523.92,SALE,2024-12-04T14:11:39,S01,20241204
S01/20241204/00042,5,P103530,1,427.69,SALE,2024-12-04T14:11:39,S01,20241204
S01/20241204/00042,6,P105583,2,179.43,SALE,2024-12-04T14:11:39,S01,20241204
S01/20241204/00042,7,P101949,2,857.51,SALE,2024-12-04T14:11:39,S01,20241204
S01/20241204/00042,8,P101710,3,345.87,SALE,2024-12-04T14:11:39,S01,20241204
S01/20241204/00042,9,DISC,1,-702.48,DISCOUNT,2024-12-04T14:11:39,S01,20241204
S01/20241204/00042,10,TAX,1,865.37,TAX,2024-12-04T14:11:39,S01,20241204
S01/20241204/00042,11,TENDER,1,9372.66,TENDER,2024-12-04T14:11:39,S01,20241204
S01/20241204/00043,1,P102346,1,89.47,SALE,2024-12-04T14:29:11,S01,20241204
S01/20241204/00043,2,P105119,2,106.45,SALE,2024-12-04T14:29:11,S01,20241204
S01/20241204/00043,3,P102175,1,191.56,SALE,2024-12-04T14:29:11,S01,20241204
S01/20241204/00043,4,P103206,3,450.05,SALE,2024-12-04T14:29:11,S01,20241204
S01/20241204/00043,5,TAX,1,292.09,TAX,2024-12-04T14:29:11,S01,20241204
S01/20241204/00043,6,TENDER,1,2136.17,TENDER,2024-12-04T14:29:11,S01,20241204
S01/20241205/00001,1,P105624,1,380.06,SALE,2024-12-05T13:21:42,S01,20241205
S01/20241205/00001,2,P105553,4,764.76,SALE,2024-12-05T13:21:42,S01,20241205
S01/20241205/00001,3,P102892,1,227.52,SALE,2024-12-05T13:21:42,S01,20241205
S01/20241205/00001,4,TAX,1,427.04,TAX,2024-12-05T13:21:42,S01,20241205
S01/20241205/00001,5,TENDER,1,4093.66,TENDER,2024-12-05T13:21:42,S01,20241205
S01/20241205/00002,1,P107385,2,811.35,SALE,2024-12-05T19:53:35,S01,20241205
S01/20241205/00002,2,P106452,2,31.15,SALE,2024-12-05T19:53:35,S01,20241205
S01/20241205/00002,3,P106181,1,778.60,SALE,2024-12-05T19:53:35,S01,20241205
S01/20241205/00002,4,P101076,3,606.89,SALE,2024-12-05T19:53:35,S01,20241205
S01/20241205/00002,5,P101122,2,73.54,SALE,2024-12-05T19:53:35,S01,20241205
S01/20241205/00002,6,TAX,1,201.76,TAX,2024-12-05T19:53:35,S01,20241205
S01/20241205/00002,7,TENDER,1,4633.11,TENDER,2024-12-05T19:53:35,S01,20241205
S01/20241205/00003,1,P105155,3,350.84,SALE,2024-12-05T19:56:29,S01,20241205
S01/20241205/00003,2,P103727,2,116.88,SALE,2024-12-05T19:56:29,S01,20241205
S01/20241205/00003,3,P101747,3,245.75,SALE,2024-12-05T19:56:29,S01,20241205
S01/20241205/00003,4,P108262,1,592.59,SALE,2024-12-05T19:56:29,S01,20241205
S01/20241205/00003,5,TAX,1,224.21,TAX,2024-12-05T19:56:29,S01,20241205
S01/20241205/00003,6,TENDER,1,2840.33,TENDER,2024-12-05T19:56:29,S01,20241205
S01/20241205/00004,1,P104123,3,432.72,SALE,2024-12-05T17:12:05,S01,20241205
S01/20241205/00004,2,P104181,3,298.55,SALE,2024-12-05T17:12:05,S01,20241205
S01/20241205/00004,3,P103299,1,238.05,SALE,2024-12-05T17:12:05,S01,20241205
S01/20241205/00004,4,P102460,3,582.21,SALE,2024-12-05T17:12:05,S01,20241205
S01/20241205/00004,5,TAX,1,393.44,TAX,2024-12-05T17:12:05,S01,20241205
S01/20241205/00004,6,TENDER,1,4571.93,TENDER,2024-12-05T17:12:05,S01,20241205
S01/20241205/00005,1,P107549,-2,47.87,RETURN,2024-12-05T17:53:03,S01,20241205
S01/20241205/00005,2,P100198,-2,162.72,RETURN,2024-12-05T17:53:03,S01,20241205
S01/20241205/00005,3,P106844,-1,23.44,RETURN,2024-12-05T17:53:03,S01,20241205
S01/20241205/00005,4,TAX,1,-37.72,TAX,2024-12-05T17:53:03,S01,20241205
S01/20241205/00005,5,TENDER,1,-482.34,TENDER,2024-12-05T17:53:03,S01,20241205
S01/20241205/00006,1,P105531,1,502.91,SALE,2024-12-05T14:18:20,S01,20241205
S01/20241205/00006,2,P104688,1,178.09,SALE,2024-12-05T14:18:20,S01,20241205
S01/20241205/00006,3,P106323,1,218.99,SALE,2024-12-05T14:18:20,S01,20241205
S01/20241205/00006,4,P103654,2,481.76,SALE,2024-12-05T14:18:20,S01,20241205
S01/20241205/00006,5,DISC,1,-193.45,DISCOUNT,2024-12-05T14:18:20,S01,20241205
S01/20241205/00006,6,TAX,1,115.05,TAX,2024-12-05T14:18:20,S01,20241205
S01/20241205/00006,7,TENDER,1,1785.11,TENDER,2024-12-05T14:18:20,S01,20241205
S01/20241205/00007,1,P103340,3,537.50,SALE,2024-12-05T16:50:42,S01,20241205
S01/20241205/00007,2,P106773,2,397.71,SALE,2024-12-05T16:50:42,S01,20241205
S01/20241205/00007,3,P102494,2,14.54,SALE,2024-12-05T16:50:42,S01,20241205
S01/20241205/00007,4,P102272,2,389.34,SALE,2024-12-05T16:50:42,S01,20241205
S01/20241205/00007,5,TAX,1,532.10,TAX,2024-12-05T16:50:42,S01,20241205
S01/20241205/00007,6,TENDER,1,3747.78,TENDER,2024-12-05T16:50:42,S01,20241205
S01/20241205/00008,1,P106679,3,181.66,SALE,2024-12-05T10:29:36,S01,20241205
S01/20241205/00008,2,P106577,2,52.98,SALE,2024-12-05T10:29:36,S01,20241205
S01/20241205/00008,3,P104168,1,512.27,SALE,2024-12-05T10:29:36,S01,20241205
S01/20241205/00008,4,P103081,1,480.46,SALE,2024-12-05T10:29:36,S01,20241205
S01/20241205/00008,5,P102593,1,92.93,SALE,2024-12-05T10:29:36,S01,20241205
S01/20241205/00008,6,TAX,1,134.12,TAX,2024-12-05T10:29:36,S01,20241205
S01/20241205/00008,7,TENDER,1,1870.72,TENDER,2024-12-05T10:29:36,S01,20241205
S01/20241205/00009,1,P104236,1,289.43,SALE,2024-12-05T18:39:13,S01,20241205
S01/20241205/00009,2,P103319,2,356.46,SALE,2024-12-05T18:39:13,S01,20241205
S01/20241205/00009,3,P100033,1,828.62,SALE,2024-12-05T18:39:13,S01,20241205
S01/20241205/00009,4,TAX,1,129.17,TAX,2024-12-05T18:39:13,S01,20241205
S01/20241205/00009,5,TENDER,1,1960.14,TENDER,2024-12-05T18:39:13,S01,20241205
S01/20241205/00010,1,P102849,2,682.39,SALE,2024-12-05T18:40:15,S01,20241205
S01/20241205/00010,2,P106584,1,272.39,SALE,2024-12-05T18:40:15,S01,20241205
S01/20241205/00010,3,P102640,1,270.61,SALE,2024-12-05T18:40:15,S01,20241205
S01/20241205/00010,4,P103811,2,778.90,SALE,2024-12-05T18:40:15,S01,20241205
S01/20241205/00010,5,TAX,1,212.48,TAX,2024-12-05T18:40:15,S01,20241205
S01/20241205/00010,6,TENDER,1,3678.06,TENDER,2024-12-05T18:40:15,S01,20241205
S01/20241205/00011,1,P101802,1,44.15,SALE,2024-12-05T13:39:55,S01,20241205
S01/20241205/00011,2,P107520,1,139.81,SALE,2024-12-05T13:39:55,S01,20241205
S01/20241205/00011,3,P108335,3,187.61,SALE,2024-12-05T13:39:55,S01,20241205
S01/20241205/00011,4,P107217,1,293.45,SALE,2024-12-05T13:39:55,S01,20241205
S01/20241205/00011,5,P103839,2,226.78,SALE,2024-12-05T13:39:55,S01,20241205
S01/20241205/00011,6,TAX,1,126.05,TAX,2024-12-05T13:39:55,S01,20241205
S01/20241205/00011,7,TENDER,1,1619.85,TENDER,2024-12-05T13:39:55,S01,20241205
S01/20241205/00012,1,P101201,1,48.42,SALE,2024-12-05T15:05:53,S01,20241205
S01/20241205/00012,2,P100106,1,318.86,SALE,2024-12-05T15:05:53,S01,20241205
S01/20241205/00012,3,P105288,1,271.73,SALE,2024-12-05T15:05:53,S01,20241205
S01/20241205/00012,4,P101911,1,1431.80,SALE,2024-12-05T15:05:53,S01,20241205
S01/20241205/00012,5,P101740,2,855.00,SALE,2024-12-05T15:05:53,S01,20241205
S01/20241205/00012,6,P102682,1,95.00,SALE,2024-12-05T15:05:53,S01,20241205
S01/20241205/00012,7,P101090,2,24.06,SALE,2024-12-05T15:05:53,S01,20241205
S01/20241205/00012,8,P108247,2,252.59,SALE,2024-12-05T15:05:53,S01,20241205
S01/20241205/00012,9,P100354,4,182.63,SALE,2024-12-05T15:05:53,S01,20241205
S01/20241205/00012,10,DISC,1,-355.01,DISCOUNT,2024-12-05T15:05:53,S01,20241205
S01/20241205/00012,11,TAX,1,234.50,TAX,2024-12-05T15:05:53,S01,20241205
S01/20241205/00012,12,TENDER,1,5039.12,TENDER,2024-12-05T15:05:53,S01,20241205
S01/20241205/00013,1,P105997,4,124.60,SALE,2024-12-05T15:54:05,S01,20241205
S01/20241205/00013,2,P100131,4,667.83,SALE,2024-12-05T15:54:05,S01,20241205
S01/20241205/00013,3,P104112,2,52.93,SALE,2024-12-05T15:54:05,S01,20241205
S01/20241205/00013,4,DISC,1,-139.04,DISCOUNT,2024-12-05T15:54:05,S01,20241205
S01/20241205/00013,5,TAX,1,335.88,TAX,2024-12-05T15:54:05,S01,20241205
S01/20241205/00013,6,TENDER,1,3472.42,TENDER,2024-12-05T15:54:05,S01,20241205
S01/20241205/00014,1,P105747,3,287.56,SALE,2024-12-05T12:12:09,S01,20241205
S01/20241205/00014,2,P107362,1,75.90,SALE,2024-12-05T12:12:09,S01,20241205
S01/20241205/00014,3,P103504,3,366.55,SALE,2024-12-05T12:12:09,S01,20241205
S01/20241205/00014,4,P102042,3,151.18,SALE,2024-12-05T12:12:09,S01,20241205
S01/20241205/00014,5,P107446,1,593.14,SALE,2024-12-05T12:12:09,S01,20241205
S01/20241205/00014,6,P101720,3,44.26,SALE,2024-12-05T12:12:09,S01,20241205
S01/20241205/00014,7,P107266,3,71.89,SALE,2024-12-05T12:12:09,S01,20241205
S01/20241205/00014,8,P105775,3,104.41,SALE,2024-12-05T12:12:09,S01,20241205
S01/20241205/00014,9,P102880,1,575.53,SALE,2024-12-05T12:12:09,S01,20241205
S01/20241205/00014,10,TAX,1,508.29,TAX,2024-12-05T12:12:09,S01,20241205
S01/20241205/00014,11,TENDER,1,4830.41,TENDER,2024-12-05T12:12:09,S01,20241205
S01/20241205/00015,1,P102892,-3,227.52,RETURN,2024-12-05T21:39:06,S01,20241205
S01/20241205/00015,2,P102801,-2,108.87,RETURN,2024-12-05T21:39:06,S01,20241205
S01/20241205/00015,3,P107815,-2,106.85,RETURN,2024-12-05T21:39:06,S01,20241205
S01/20241205/00015,4,TAX,1,-187.70,TAX,2024-12-05T21:39:06,S01,20241205
S01/20241205/00015,5,TENDER,1,-1301.70,TENDER,2024-12-05T21:39:06,S01,20241205
S01/20241205/00016,1,P108008,1,128.46,SALE,2024-12-05T16:27:53,S01,20241205
S01/20241205/00016,2,P103637,1,338.13,SALE,2024-12-05T16:27:53,S01,20241205
S01/20241205/00016,3,P105017,1,220.46,SALE,2024-12-05T16:27:53,S01,20241205
S01/20241205/00016,4,P106123,1,248.44,SALE,2024-12-05T16:27:53,S01,20241205
S01/20241205/00016,5,P103816,1,209.63,SALE,2024-12-05T16:27:53,S01,20241205
S01/20241205/00016,6,TAX,1,161.40,TAX,2024-12-05T16:27:53,S01,20241205
S01/20241205/00016,7,TENDER,1,1306.52,TENDER,2024-12-05T16:27:53,S01,20241205
S01/20241205/00017,1,P108247,2,252.59,SALE,2024-12-05T16:50:30,S01,20241205
S01/20241205/00017,2,P106830,2,103.94,SALE,2024-12-05T16:50:30,S01,20241205
S01/20241205/00017,3,P106310,2,462.03,SALE,2024-12-05T16:50:30,S01,20241205
S01/20241205/00017,4,P104975,2,568.03,SALE,2024-12-05T16:50:30,S01,20241205
S01/20241205/00017,5,P104123,3,432.72,SALE,2024-12-05T16:50:30,S01,20241205
S01/20241205/00017,6,TAX,1,450.46,TAX,2024-12-05T16:50:30,S01,20241205
S01/20241205/00017,7,TENDER,1,4521.80,TENDER,2024-12-05T16:50:30,S01,20241205
S01/20241205/00018,1,P104747,2,342.93,SALE,2024-12-05T16:42:14,S01,20241205
S01/20241205/00018,2,P107458,2,1239.88,SALE,2024-12-05T16:42:14,S01,20241205
S01/20241205/00018,3,P100555,5,435.03,SALE,2024-12-05T16:42:14,S01,20241205
S01/20241205/00018,4,P100536,1,471.52,SALE,2024-12-05T16:42:14,S01,20241205
S01/20241205/00018,5,P105772,1,576.55,SALE,2024-12-05T16:42:14,S01,20241205
S01/20241205/00018,6,P107047,1,413.27,SALE,2024-12-05T16:42:14,S01,20241205
S01/20241205/00018,7,P103542,1,398.89,SALE,2024-12-05T16:42:14,S01,20241205
S01/20241205/00018,8,DISC,1,-183.53,DISCOUNT,2024-12-05T16:42:14,S01,20241205
S01/20241205/00018,9,TAX,1,740.57,TAX,2024-12-05T16:42:14,S01,20241205
S01/20241205/00018,10,TENDER,1,7758.04,TENDER,2024-12-05T16:42:14,S01,20241205
S01/20241205/00019,1,P107458,1,1239.88,SALE,2024-12-05T15:38:37,S01,20241205
S01/20241205/00019,2,P101766,3,220.67,SALE,2024-12-05T15:38:37,S01,20241205
S01/20241205/00019,3,P102768,1,158.73,SALE,2024-12-05T15:38:37,S01,20241205
S01/20241205/00019,4,P106181,2,778.60,SALE,2024-12-05T15:38:37,S01,20241205
S01/20241205/00019,5,TAX,1,108.01,TAX,2024-12-05T15:38:37,S01,20241205
S01/20241205/00019,6,TENDER,1,3725.83,TENDER,2024-12-05T15:38:37,S01,20241205
S01/20241205/00020,1,P101327,1,233.22,SALE,2024-12-05T14:06:23,S01,20241205
S01/20241205/00020,2,P100810,1,200.65,SALE,2024-12-05T14:06:23,S01,20241205
S01/20241205/00020,3,P105246,2,840.69,SALE,2024-12-05T14:06:23,S01,20241205
S01/20241205/00020,4,P106813,4,257.87,SALE,2024-12-05T14:06:23,S01,20241205
S01/20241205/00020,5,P105030,3,224.07,SALE,2024-12-05T14:06:23,S01,20241205
S01/20241205/00020,6,TAX,1,380.86,TAX,2024-12-05T14:06:23,S01,20241205
S01/20241205/00020,7,TENDER,1,4199.80,TENDER,2024-12-05T14:06:23,S01,20241205
S01/20241205/00021,1,P104774,2,81.81,SALE,2024-12-05T17:20:09,S01,20241205
S01/20241205/00021,2,P105331,3,308.39,SALE,2024-12-05T17:20:09,S01,20241205
S01/20241205/00021,3,P102674,4,515.88,SALE,2024-12-05T17:20:09,S01,20241205
S01/20241205/00021,4,P102371,4,59.77,SALE,2024-12-05T17:20:09,S01,20241205
S01/20241205/00021,5,P100652,2,45.46,SALE,2024-12-05T17:20:09,S01,20241205
S01/20241205/00021,6,TAX,1,442.24,TAX,2024-12-05T17:20:09,S01,20241205
S01/20241205/00021,7,TENDER,1,3924.55,TENDER,2024-12-05T17:20:09,S01,20241205
S01/20241205/00022,1,P106651,1,900.59,SALE,2024-12-05T20:36:00,S01,20241205
S01/20241205/00022,2,P103206,3,450.05,SALE,2024-12-05T20:36:00,S01,20241205
S01/20241205/00022,3,P107973,1,271.93,SALE,2024-12-05T20:36:00,S01,20241205
S01/20241205/00022,4,P103340,1,537.50,SALE,2024-12-05T20:36:00,S01,20241205
S01/20241205/00022,5,P108186,3,324.50,SALE,2024-12-05T20:36:00,S01,20241205
S01/20241205/00022,6,P107231,1,1193.22,SALE,2024-12-05T20:36:00,S01,20241205
S01/20241205/00022,7,TAX,1,470.19,TAX,2024-12-05T20:36:00,S01,20241205
S01/20241205/00022,8,TENDER,1,5697.08,TENDER,2024-12-05T20:36:00,S01,20241205
S01/20241205/00023,1,P101242,1,92.35,SALE,2024-12-05T13:08:00,S01,20241205
S01/20241205/00023,2,P101076,3,606.89,SALE,2024-12-05T13:08:00,S01,20241205
S01/20241205/00023,3,P107740,3,1366.88,SALE,2024-12-05T13:08:00,S01,20241205
S01/20241205/00023,4,P100850,2,172.84,SALE,2024-12-05T13:08:00,S01,20241205
S01/20241205/00023,5,P100194,2,46.79,SALE,2024-12-05T13:08:00,S01,20241205
S01/20241205/00023,6,TAX,1,658.06,TAX,2024-12-05T13:08:00,S01,20241205
S01/20241205/00023,7,TENDER,1,7110.98,TENDER,2024-12-05T13:08:00,S01,20241205
S01/20241205/00024,1,P102664,2,261.47,SALE,2024-12-05T17:20:40,S01,20241205
S01/20241205/00024,2,P103822,2,594.96,SALE,2024-12-05T17:20:40,S01,20241205
S01/20241205/00024,3,P103525,2,252.51,SALE,2024-12-05T17:20:40,S01,20241205
S01/20241205/00024,4,P100717,4,561.52,SALE,2024-12-05T17:20:40,S01,20241205
S01/20241205/00024,5,P105050,2,109.65,SALE,2024-12-05T17:20:40,S01,20241205
S01/20241205/00024,6,TAX,1,748.83,TAX,2024-12-05T17:20:40,S01,20241205
S01/20241205/00024,7,TENDER,1,5432.09,TENDER,2024-12-05T17:20:40,S01,20241205
S01/20241205/00025,1,P106239,2,803.36,SALE,2024-12-05T15:20:55,S01,20241205
S01/20241205/00025,2,P102217,5,68.46,SALE,2024-12-05T15:20:55,S01,20241205
S01/20241205/00025,3,P104485,1,643.04,SALE,2024-12-05T15:20:55,S01,20241205
S01/20241205/00025,4,P101122,2,69.38,SALE,2024-12-05T15:20:55,S01,20241205
S01/20241205/00025,5,TAX,1,102.14,TAX,2024-12-05T15:20:55,S01,20241205
S01/20241205/00025,6,TENDER,1,2832.96,TENDER,2024-12-05T15:20:55,S01,20241205
S01/20241205/00026,1,P107346,-2,449.29,RETURN,2024-12-05T20:59:45,S01,20241205
S01/20241205/00026,2,P106044,-3,40.72,RETURN,2024-12-05T20:59:45,S01,20241205
S01/20241205/00026,3,TAX,1,-66.92,TAX,2024-12-05T20:59:45,S01,20241205
S01/20241205/00026,4,TENDER,1,-1087.66,TENDER,2024-12-05T20:59:45,S01,20241205
S01/20241205/00027,1,P105929,1,11.18,SALE,2024-12-05T17:20:34,S01,20241205
S01/20241205/00027,2,P101177,2,166.36,SALE,2024-12-05T17:20:34,S01,20241205
S01/20241205/00027,3,P102397,2,355.28,SALE,2024-12-05T17:20:34,S01,20241205
S01/20241205/00027,4,P100453,1,207.31,SALE,2024-12-05T17:20:34,S01,20241205
S01/20241205/00027,5,P103629,5,60.58,SALE,2024-12-05T17:20:34,S01,20241205
S01/20241205/00027,6,TAX,1,183.31,TAX,2024-12-05T17:20:34,S01,20241205
S01/20241205/00027,7,TENDER,1,1747.98,TENDER,2024-12-05T17:20:34,S01,20241205
S01/20241205/00028,1,P108001,3,96.97,SALE,2024-12-05T17:28:53,S01,20241205
S01/20241205/00028,2,P107733,1,56.44,SALE,2024-12-05T17:28:53,S01,20241205
S01/20241205/00028,3,P104606,2,98.45,SALE,2024-12-05T17:28:53,S01,20241205
S01/20241205/00028,4,P100991,2,173.46,SALE,2024-12-05T17:28:53,S01,20241205
S01/20241205/00028,5,P101177,4,166.36,SALE,2024-12-05T17:28:53,S01,20241205
S01/20241205/00028,6,P100560,1,180.90,SALE,2024-12-05T17:28:53,S01,20241205
S01/20241205/00028,7,TAX,1,98.78,TAX,2024-12-05T17:28:53,S01,20241205
S01/20241205/00028,8,TENDER,1,1836.29,TENDER,2024-12-05T17:28:53,S01,20241205
S01/20241205/00029,1,P105112,2,194.64,SALE,2024-12-05T14:47:57,S01,20241205
S01/20241205/00029,2,TAX,1,19.46,TAX,2024-12-05T14:47:57,S01,20241205
S01/20241205/00029,3,TENDER,1,408.74,TENDER,2024-12-05T14:47:57,S01,20241205
S01/20241205/00030,1,P106648,2,339.01,SALE,2024-12-05T19:30:44,S01,20241205
S01/20241205/00030,2,P106035,3,86.76,SALE,2024-12-05T19:30:44,S01,20241205
S01/20241205/00030,3,P101940,2,201.44,SALE,2024-12-05T19:30:44,S01,20241205
S01/20241205/00030,4,P102207,3,342.36,SALE,2024-12-05T19:30:44,S01,20241205
S01/20241205/00030,5,P103600,2,107.84,SALE,2024-12-05T19:30:44,S01,20241205
S01/20241205/00030,6,P104446,3,66.45,SALE,2024-12-05T19:30:44,S01,20241205
S01/20241205/00030,7,P102290,4,587.69,SALE,2024-12-05T19:30:44,S01,20241205
S01/20241205/00030,8,P101762,2,528.36,SALE,2024-12-05T19:30:44,S01,20241205
S01/20241205/00030,9,TAX,1,707.91,TAX,2024-12-05T19:30:44,S01,20241205
S01/20241205/00030,10,TENDER,1,6898.68,TENDER,2024-12-05T19:30:44,S01,20241205
S01/20241205/00031,1,P100933,4,276.15,SALE,2024-12-05T11:41:58,S01,20241205
S01/20241205/00031,2,P103559,2,370.21,SALE,2024-12-05T11:41:58,S01,20241205
S01/20241205/00031,3,DISC,1,-73.90,DISCOUNT,2024-12-05T11:41:58,S01,20241205
S01/20241205/00031,4,TAX,1,226.40,TAX,2024-12-05T11:41:58,S01,20241205
S01/20241205/00031,5,TENDER,1,1997.52,TENDER,2024-12-05T11:41:58,S01,20241205
S01/20241205/00032,1,P104645,1,1052.62,SALE,2024-12-05T22:28:41,S01,20241205
S01/20241205/00032,2,P100985,4,327.15,SALE,2024-12-05T22:28:41,S01,20241205
S01/20241205/00032,3,TAX,1,235.55,TAX,2024-12-05T22:28:41,S01,20241205
S01/20241205/00032,4,TENDER,1,2596.77,TENDER,2024-12-05T22:28:41,S01,20241205
S01/20241205/00033,1,P104670,2,108.77,SALE,2024-12-05T14:59:59,S01,20241205
S01/20241205/00033,2,P104676,1,87.52,SALE,2024-12-05T14:59:59,S01,20241205
S01/20241205/00033,3,P107308,4,226.19,SALE,2024-12-05T14:59:59,S01,20241205
S01/20241205/00033,4,P100281,2,485.13,SALE,2024-12-05T14:59:59,S01,20241205
S01/20241205/00033,5,P107337,2,429.21,SALE,2024-12-05T14:59:59,S01,20241205
S01/20241205/00033,6,TAX,1,309.20,TAX,2024-12-05T14:59:59,S01,20241205
S01/20241205/00033,7,TENDER,1,3347.70,TENDER,2024-12-05T14:59:59,S01,20241205
S01/20241205/00034,1,P100781,1,654.99,SALE,2024-12-05T15:59:41,S01,20241205
S01/20241205/00034,2,P107740,2,1366.88,SALE,2024-12-05T15:59:41,S01,20241205
S01/20241205/00034,3,P104358,3,1243.57,SALE,2024-12-05T15:59:41,S01,20241205
S01/20241205/00034,4,P104658,2,72.11,SALE,2024-12-05T15:59:41,S01,20241205
S01/20241205/00034,5,P101558,1,52.58,SALE,2024-12-05T15:59:41,S01,20241205
S01/20241205/00034,6,TAX,1,910.31,TAX,2024-12-05T15:59:41,S01,20241205
S01/20241205/00034,7,TENDER,1,8226.57,TENDER,2024-12-05T15:59:41,S01,20241205
S01/20241205/00035,1,P108118,2,66.05,SALE,2024-12-05T08:47:04,S01,20241205
S01/20241205/00035,2,P107925,1,992.11,SALE,2024-12-05T08:47:04,S01,20241205
S01/20241205/00035,3,P104916,2,340.18,SALE,2024-12-05T08:47:04,S01,20241205
S01/20241205/00035,4,P105384,2,315.25,SALE,2024-12-05T08:47:04,S01,20241205
S01/20241205/00035,5,TAX,1,254.34,TAX,2024-12-05T08:47:04,S01,20241205
S01/20241205/00035,6,TENDER,1,2689.41,TENDER,2024-12-05T08:47:04,S01,20241205
S01/20241205/00036,1,P101052,4,212.18,SALE,2024-12-05T08:20:33,S01,20241205
S01/20241205/00036,2,P103510,2,196.86,SALE,2024-12-05T08:20:33,S01,20241205
S01/20241205/00036,3,P101923,2,527.50,SALE,2024-12-05T08:20:33,S01,20241205
S01/20241205/00036,4,TAX,1,362.36,TAX,2024-12-05T08:20:33,S01,20241205
S01/20241205/00036,5,TENDER,1,2659.80,TENDER,2024-12-05T08:20:33,S01,20241205
S01/20241205/00037,1,P100838,1,38.03,SALE,2024-12-05T14:42:48,S01,20241205
S01/20241205/00037,2,P102768,2,158.73,SALE,2024-12-05T14:42:48,S01,20241205
S01/20241205/00037,3,P106344,5,801.30,SALE,2024-12-05T14:42:48,S01,20241205
S01/20241205/00037,4,P105280,2,220.35,SALE,2024-12-05T14:42:48,S01,20241205
S01/20241205/00037,5,P102193,2,343.13,SALE,2024-12-05T14:42:48,S01,20241205
S01/20241205/00037,6,P105684,4,1114.27,SALE,2024-12-05T14:42:48,S01,20241205
S01/20241205/00037,7,TAX,1,427.46,TAX,2024-12-05T14:42:48,S01,20241205
S01/20241205/00037,8,TENDER,1,10373.49,TENDER,2024-12-05T14:42:48,S01,20241205
S01/20241205/00038,1,P106426,1,154.27,SALE,2024-12-05T15:14:53,S01,20241205
S01/20241205/00038,2,P107715,1,241.95,SALE,2024-12-05T15:14:53,S01,20241205
S01/20241205/00038,3,P103214,3,283.38,SALE,2024-12-05T15:14:53,S01,20241205
S01/20241205/00038,4,P107278,2,55.18,SALE,2024-12-05T15:14:53,S01,20241205
S01/20241205/00038,5,P100375,3,163.45,SALE,2024-12-05T15:14:53,S01,20241205
S01/20241205/00038,6,P105369,2,143.76,SALE,2024-12-05T15:14:53,S01,20241205
S01/20241205/00038,7,P103452,3,1033.70,SALE,2024-12-05T15:14:53,S01,20241205
S01/20241205/00038,8,P104544,2,104.46,SALE,2024-12-05T15:14:53,S01,20241205
S01/20241205/00038,9,TAX,1,368.84,TAX,2024-12-05T15:14:53,S01,20241205
S01/20241205/00038,10,TENDER,1,5813.45,TENDER,2024-12-05T15:14:53,S01,20241205
S01/20241205/00039,1,P100178,2,480.34,SALE,2024-12-05T15:21:54,S01,20241205
S01/20241205/00039,2,P108017,5,105.98,SALE,2024-12-05T15:21:54,S01,20241205
S01/20241205/00039,3,P103839,3,226.78,SALE,2024-12-05T15:21:54,S01,20241205
S01/20241205/00039,4,P101810,2,793.98,SALE,2024-12-05T15:21:54,S01,20241205
S01/20241205/00039,5,P100593,2,32.38,SALE,2024-12-05T15:21:54,S01,20241205
S01/20241205/00039,6,P101258,1,216.42,SALE,2024-12-05T15:21:54,S01,20241205
S01/20241205/00039,7,P102857,1,116.85,SALE,2024-12-05T15:21:54,S01,20241205
S01/20241205/00039,8,P106080,2,361.06,SALE,2024-12-05T15:21:54,S01,20241205
S01/20241205/00039,9,DISC,1,-452.52,DISCOUNT,2024-12-05T15:21:54,S01,20241205
S01/20241205/00039,10,TAX,1,576.85,TAX,2024-12-05T15:21:54,S01,20241205
S01/20241205/00039,11,TENDER,1,5003.36,TENDER,2024-12-05T15:21:54,S01,20241205
S01/20241205/00040,1,P102415,3,1245.81,SALE,2024-12-05T23:54:56,S01,20241205
S01/20241205/00040,2,P106221,3,31.65,SALE,2024-12-05T23:54:56,S01,20241205
S01/20241205/00040,3,P103438,3,187.96,SALE,2024-12-05T23:54:56,S01,20241205
S01/20241205/00040,4,TAX,1,232.16,TAX,2024-12-05T23:54:56,S01,20241205
S01/20241205/00040,5,TENDER,1,4628.42,TENDER,2024-12-05T23:54:56,S01,20241205
S01/20241205/00041,1,P104501,3,413.53,SALE,2024-12-05T13:07:00,S01,20241205
S01/20241205/00041,2,TAX,1,0.00,TAX,2024-12-05T13:07:00,S01,20241205
S01/20241205/00041,3,TENDER,1,1240.59,TENDER,2024-12-05T13:07:00,S01,20241205
S01/20241205/00042,1,P107149,3,145.83,SALE,2024-12-05T15:26:15,S01,20241205
S01/20241205/00042,2,P108101,2,1603.81,SALE,2024-12-05T15:26:15,S01,20241205
S01/20241205/00042,3,P102193,2,343.13,SALE,2024-12-05T15:26:15,S01,20241205
S01/20241205/00042,4,P100156,1,1528.63,SALE,2024-12-05T15:26:15,S01,20241205
S01/20241205/00042,5,P100959,2,320.67,SALE,2024-12-05T15:26:15,S01,20241205
S01/20241205/00042,6,P107072,3,75.15,SALE,2024-12-05T15:26:15,S01,20241205
S01/20241205/00042,7,P104628,1,196.55,SALE,2024-12-05T15:26:15,S01,20241205
S01/20241205/00042,8,DISC,1,-347.56,DISCOUNT,2024-12-05T15:26:15,S01,20241205
S01/20241205/00042,9,TAX,1,700.96,TAX,2024-12-05T15:26:15,S01,20241205
S01/20241205/00042,10,TENDER,1,7276.74,TENDER,2024-12-05T15:26:15,S01,20241205
S01/20241205/00043,1,P103029,5,11.28,SALE,2024-12-05T14:16:14,S01,20241205
S01/20241205/00043,2,P102811,2,199.78,SALE,2024-12-05T14:16:14,S01,20241205
S01/20241205/00043,3,P104789,3,67.52,SALE,2024-12-05T14:16:14,S01,20241205
S01/20241205/00043,4,P101613,1,125.30,SALE,2024-12-05T14:16:14,S01,20241205
S01/20241205/00043,5,P105819,3,66.64,SALE,2024-12-05T14:16:14,S01,20241205
S01/20241205/00043,6,P102263,2,116.79,SALE,2024-12-05T14:16:14,S01,20241205
S01/20241205/00043,7,P100479,5,342.92,SALE,2024-12-05T14:16:14,S01,20241205
S01/20241205/00043,8,TAX,1,322.45,TAX,2024-12-05T14:16:14,S01,20241205
S01/20241205/00043,9,TENDER,1,3254.37,TENDER,2024-12-05T14:16:14,S01,20241205
S01/20241205/00044,1,P103806,1,319.17,SALE,2024-12-05T15:19:11,S01,20241205
S01/20241205/00044,2,P103231,1,241.80,SALE,2024-12-05T15:19:11,S01,20241205
S01/20241205/00044,3,P107920,3,109.22,SALE,2024-12-05T15:19:11,S01,20241205
S01/20241205/00044,4,P102640,2,270.61,SALE,2024-12-05T15:19:11,S01,20241205
S01/20241205/00044,5,TAX,1,168.49,TAX,2024-12-05T15:19:11,S01,20241205
S01/20241205/00044,6,TENDER,1,1598.34,TENDER,2024-12-05T15:19:11,S01,20241205
S01/20241205/00045,1,P101982,3,428.91,SALE,2024-12-05T17:10:13,S01,20241205
S01/20241205/00045,2,TAX,1,231.61,TAX,2024-12-05T17:10:13,S01,20241205
S01/20241205/00045,3,TENDER,1,1518.34,TENDER,2024-12-05T17:10:13,S01,20241205
S01/20241205/00046,1,P103029,2,11.28,SALE,2024-12-05T16:29:34,S01,20241205
S01/20241205/00046,2,P107208,2,323.06,SALE,2024-12-05T16:29:34,S01,20241205
S01/20241205/00046,3,P105021,1,1246.70,SALE,2024-12-05T16:29:34,S01,20241205
S01/20241205/00046,4,P104202,1,166.10,SALE,2024-12-05T16:29:34,S01,20241205
S01/20241205/00046,5,TAX,1,185.97,TAX,2024-12-05T16:29:34,S01,20241205
S01/20241205/00046,6,TENDER,1,2267.45,TENDER,2024-12-05T16:29:34,S01,20241205
S01/20241205/00047,1,P105929,1,11.18,SALE,2024-12-05T16:49:52,S01,20241205
S01/20241205/00047,2,P103600,2,107.84,SALE,2024-12-05T16:49:52,S01,20241205
S01/20241205/00047,3,P103530,1,427.69,SALE,2024-12-05T16:49:52,S01,20241205
S01/20241205/00047,4,P102566,3,414.37,SALE,2024-12-05T16:49:52,S01,20241205
S01/20241205/00047,5,P103950,1,1283.54,SALE,2024-12-05T16:49:52,S01,20241205
S01/20241205/00047,6,P107526,3,54.94,SALE,2024-12-05T16:49:52,S01,20241205
S01/20241205/00047,7,P108191,2,309.71,SALE,2024-12-05T16:49:52,S01,20241205
S01/20241205/00047,8,P104725,2,551.38,SALE,2024-12-05T16:49:52,S01,20241205
S01/20241205/00047,9,P107094,5,97.95,SALE,2024-12-05T16:49:52,S01,20241205
S01/20241205/00047,10,TAX,1,563.40,TAX,2024-12-05T16:49:52,S01,20241205
S01/20241205/00047,11,TENDER,1,6121.35,TENDER,2024-12-05T16:49:52,S01,20241205
S01/20241205/00048,1,P105167,2,826.20,SALE,2024-12-05T14:08:48,S01,20241205
S01/20241205/00048,2,P100722,3,363.19,SALE,2024-12-05T14:08:48,S01,20241205
S01/20241205/00048,3,P104628,2,196.55,SALE,2024-12-05T14:08:48,S01,20241205
S01/20241205/00048,4,P104517,1,1474.90,SALE,2024-12-05T14:08:48,S01,20241205
S01/20241205/00048,5,DISC,1,-328.86,DISCOUNT,2024-12-05T14:08:48,S01,20241205
S01/20241205/00048,6,TAX,1,142.44,TAX,2024-12-05T14:08:48,S01,20241205
S01/20241205/00048,7,TENDER,1,4423.55,TENDER,2024-12-05T14:08:48,S01,20241205
S01/20241205/00049,1,P102674,2,515.88,SALE,2024-12-05T13:06:41,S01,20241205
S01/20241205/00049,2,P106602,3,122.17,SALE,2024-12-05T13:06:41,S01,20241205
S01/20241205/00049,3,P101592,1,295.58,SALE,2024-12-05T13:06:41,S01,20241205
S01/20241205/00049,4,TAX,1,257.25,TAX,2024-12-05T13:06:41,S01,20241205
S01/20241205/00049,5,TENDER,1,1951.10,TENDER,2024-12-05T13:06:41,S01,20241205
S01/20241206/00001,1,P105575,3,513.17,SALE,2024-12-06T23:49:11,S01,20241206
S01/20241206/00001,2,P104478,1,18.27,SALE,2024-12-06T23:49:11,S01,20241206
S01/20241206/00001,3,P106473,2,297.16,SALE,2024-12-06T23:49:11,S01,20241206
S01/20241206/00001,4,DISC,1,-60.43,DISCOUNT,2024-12-06T23:49:11,S01,20241206
S01/20241206/00001,5,TAX,1,181.98,TAX,2024-12-06T23:49:11,S01,20241206
S01/20241206/00001,6,TENDER,1,2273.65,TENDER,2024-12-06T23:49:11,S01,20241206
S01/20241206/00002,1,P107721,2,92.25,SALE,2024-12-06T12:47:29,S01,20241206
S01/20241206/00002,2,P102691,2,219.72,SALE,2024-12-06T12:47:29,S01,20241206
S01/20241206/00002,3,P104739,2,172.21,SALE,2024-12-06T12:47:29,S01,20241206
S01/20241206/00002,4,P100536,2,471.52,SALE,2024-12-06T12:47:29,S01,20241206
S01/20241206/00002,5,P100609,4,75.79,SALE,2024-12-06T12:47:29,S01,20241206
S01/20241206/00002,6,P102559,2,86.19,SALE,2024-12-06T12:47:29,S01,20241206
S01/20241206/00002,7,P105418,1,257.82,SALE,2024-12-06T12:47:29,S01,20241206
S01/20241206/00002,8,TAX,1,345.12,TAX,2024-12-06T12:47:29,S01,20241206
S01/20241206/00002,9,TENDER,1,2989.88,TENDER,2024-12-06T12:47:29,S01,20241206
S01/20241206/00003,1,P104715,1,162.67,SALE,2024-12-06T16:56:49,S01,20241206
S01/20241206/00003,2,P100095,1,100.57,SALE,2024-12-06T16:56:49,S01,20241206
S01/20241206/00003,3,P101010,2,71.39,SALE,2024-12-06T16:56:49,S01,20241206
S01/20241206/00003,4,P105656,1,516.52,SALE,2024-12-06T16:56:49,S01,20241206
S01/20241206/00003,5,TAX,1,51.44,TAX,2024-12-06T16:56:49,S01,20241206
S01/20241206/00003,6,TENDER,1,973.98,TENDER,2024-12-06T16:56:49,S01,20241206
S01/20241206/00004,1,P101444,3,838.86,SALE,2024-12-06T16:15:18,S01,20241206
S01/20241206/00004,2,P106221,2,31.65,SALE,2024-12-06T16:15:18,S01,20241206
S01/20241206/00004,3,P106426,1,154.27,SALE,2024-12-06T16:15:18,S01,20241206
S01/20241206/00004,4,P104956,2,141.84,SALE,2024-12-06T16:15:18,S01,20241206
S01/20241206/00004,5,P104944,1,54.97,SALE,2024-12-06T16:15:18,S01,20241206
S01/20241206/00004,6,TAX,1,225.95,TAX,2024-12-06T16:15:18,S01,20241206
S01/20241206/00004,7,TENDER,1,3298.75,TENDER,2024-12-06T16:15:18,S01,20241206
S01/20241206/00005,1,P100974,3,41.35,SALE,2024-12-06T12:29:44,S01,20241206
S01/20241206/00005,2,P106997,3,42.42,SALE,2024-12-06T12:29:44,S01,20241206
S01/20241206/00005,3,P106602,3,122.17,SALE,2024-12-06T12:29:44,S01,20241206
S01/20241206/00005,4,P108379,3,300.71,SALE,2024-12-06T12:29:44,S01,20241206
S01/20241206/00005,5,P103530,2,427.69,SALE,2024-12-06T12:29:44,S01,20241206
S01/20241206/00005,6,P105209,1,399.92,SALE,2024-12-06T12:29:44,S01,20241206
S01/20241206/00005,7,P101851,1,1750.29,SALE,2024-12-06T12:29:44,S01,20241206
S01/20241206/00005,8,P102623,1,107.54,SALE,2024-12-06T12:29:44,S01,20241206
S01/20241206/00005,9,TAX,1,386.91,TAX,2024-12-06T12:29:44,S01,20241206
S01/20241206/00005,10,TENDER,1,5019.99,TENDER,2024-12-06T12:29:44,S01,20241206
S01/20241206/00006,1,P105377,2,275.11,SALE,2024-12-06T15:08:06,S01,20241206
S01/20241206/00006,2,P108275,1,504.53,SALE,2024-12-06T15:08:06,S01,20241206
S01/20241206/00006,3,P102217,2,68.46,SALE,2024-12-06T15:08:06,S01,20241206
S01/20241206/00006,4,P106067,1,444.09,SALE,2024-12-06T15:08:06,S01,20241206
S01/20241206/00006,5,P101106,1,543.49,SALE,2024-12-06T15:08:06,S01,20241206
S01/20241206/00006,6,TAX,1,206.22,TAX,2024-12-06T15:08:06,S01,20241206
S01/20241206/00006,7,TENDER,1,2385.47,TENDER,2024-12-06T15:08:06,S01,20241206
S01/20241206/00007,1,P108282,1,472.97,SALE,2024-12-06T11:07:02,S01,20241206
S01/20241206/00007,2,P105460,1,148.47,SALE,2024-12-06T11:07:02,S01,20241206
S01/20241206/00007,3,P107914,2,244.98,SALE,2024-12-06T11:07:02,S01,20241206
S01/20241206/00007,4,P107026,1,69.10,SALE,2024-12-06T11:07:02,S01,20241206
S01/20241206/00007,5,P101923,1,527.50,SALE,2024-12-06T11:07:02,S01,20241206
S01/20241206/00007,6,DISC,1,-67.50,DISCOUNT,2024-12-06T11:07:02,S01,20241206
S01/20241206/00007,7,TAX,1,236.23,TAX,2024-12-06T11:07:02,S01,20241206
S01/20241206/00007,8,TENDER,1,1876.73,TENDER,2024-12-06T11:07:02,S01,20241206
S01/20241206/00008,1,P106648,2,339.01,SALE,2024-12-06T12:43:15,S01,20241206
S01/20241206/00008,2,P107362,1,75.90,SALE,2024-12-06T12:43:15,S01,20241206
S01/20241206/00008,3,P104378,1,95.33,SALE,2024-12-06T12:43:15,S01,20241206
S01/20241206/00008,4,P103328,1,228.35,SALE,2024-12-06T12:43:15,S01,20241206
S01/20241206/00008,5,TAX,1,100.11,TAX,2024-12-06T12:43:15,S01,20241206
S01/20241206/00008,6,TENDER,1,1177.71,TENDER,2024-12-06T12:43:15,S01,20241206
S01/20241206/00009,1,P107292,2,372.98,SALE,2024-12-06T16:12:18,S01,20241206
S01/20241206/00009,2,P103068,1,153.43,SALE,2024-12-06T16:12:18,S01,20241206
S01/20241206/00009,3,TAX,1,97.19,TAX,2024-12-06T16:12:18,S01,20241206
S01/20241206/00009,4,TENDER,1,996.58,TENDER,2024-12-06T16:12:18,S01,20241206
S01/20241206/00010,1,P102566,1,414.37,SALE,2024-12-06T14:05:49,S01,20241206
S01/20241206/00010,2,P101064,3,33.84,SALE,2024-12-06T14:05:49,S01,20241206
S01/20241206/00010,3,TAX,1,38.99,TAX,2024-12-06T14:05:49,S01,20241206
S01/20241206/00010,4,TENDER,1,554.88,TENDER,2024-12-06T14:05:49,S01,20241206
S01/20241206/00011,1,P103647,1,42.08,SALE,2024-12-06T13:14:52,S01,20241206
S01/20241206/00011,2,P107409,1,486.68,SALE,2024-12-06T13:14:52,S01,20241206
S01/20241206/00011,3,P100339,3,299.99,SALE,2024-12-06T13:14:52,S01,20241206
S01/20241206/00011,4,P103637,3,338.13,SALE,2024-12-06T13:14:52,S01,20241206
S01/20241206/00011,5,TAX,1,368.92,TAX,2024-12-06T13:14:52,S01,20241206
S01/20241206/00011,6,TENDER,1,2812.04,TENDER,2024-12-06T13:14:52,S01,20241206
S01/20241206/00012,1,P106651,3,900.59,SALE,2024-12-06T18:12:20,S01,20241206
S01/20241206/00012,2,P101489,4,555.59,SALE,2024-12-06T18:12:20,S01,20241206
S01/20241206/00012,3,P105589,2,95.67,SALE,2024-12-06T18:12:20,S01,20241206
S01/20241206/00012,4,TAX,1,34.44,TAX,2024-12-06T18:12:20,S01,20241206
S01/20241206/00012,5,TENDER,1,5149.91,TENDER,2024-12-06T18:12:20,S01,20241206
S01/20241206/00013,1,P106405,1,40.51,SALE,2024-12-06T18:23:38,S01,20241206
S01/20241206/00013,2,P100172,2,205.47,SALE,2024-12-06T18:23:38,S01,20241206
S01/20241206/00013,3,P103680,2,210.26,SALE,2024-12-06T18:23:38,S01,20241206
S01/20241206/00013,4,P101018,1,141.83,SALE,2024-12-06T18:23:38,S01,20241206
S01/20241206/00013,5,P100693,2,107.22,SALE,2024-12-06T18:23:38,S01,20241206
S01/20241206/00013,6,P102510,2,37.13,SALE,2024-12-06T18:23:38,S01,20241206
S01/20241206/00013,7,DISC,1,-97.22,DISCOUNT,2024-12-06T18:23:38,S01,20241206
S01/20241206/00013,8,TAX,1,69.73,TAX,2024-12-06T18:23:38,S01,20241206
S01/20241206/00013,9,TENDER,1,1275.01,TENDER,2024-12-06T18:23:38,S01,20241206
S01/20241206/00014,1,P103922,2,51.00,SALE,2024-12-06T14:12:05,S01,20241206
S01/20241206/00014,2,P101292,2,380.75,SALE,2024-12-06T14:12:05,S01,20241206
S01/20241206/00014,3,P105106,2,104.56,SALE,2024-12-06T14:12:05,S01,20241206
S01/20241206/00014,4,P101874,1,21.48,SALE,2024-12-06T14:12:05,S01,20241206
S01/20241206/00014,5,P101492,1,113.44,SALE,2024-12-06T14:12:05,S01,20241206
S01/20241206/00014,6,P108191,2,309.71,SALE,2024-12-06T14:12:05,S01,20241206
S01/20241206/00014,7,DISC,1,-64.61,DISCOUNT,2024-12-06T14:12:05,S01,20241206
S01/20241206/00014,8,TAX,1,140.32,TAX,2024-12-06T14:12:05,S01,20241206
S01/20241206/00014,9,TENDER,1,1902.67,TENDER,2024-12-06T14:12:05,S01,20241206
S01/20241206/00015,1,P104986,1,221.68,SALE,2024-12-06T16:07:19,S01,20241206
S01/20241206/00015,2,P104725,3,551.38,SALE,2024-12-06T16:07:19,S01,20241206
S01/20241206/00015,3,P103552,2,125.20,SALE,2024-12-06T16:07:19,S01,20241206
S01/20241206/00015,4,DISC,1,-145.60,DISCOUNT,2024-12-06T16:07:19,S01,20241206
S01/20241206/00015,5,TAX,1,314.53,TAX,2024-12-06T16:07:19,S01,20241206
S01/20241206/00015,6,TENDER,1,2295.15,TENDER,2024-12-06T16:07:19,S01,20241206
S01/20241206/00016,1,P104404,2,890.27,SALE,2024-12-06T18:45:14,S01,20241206
S01/20241206/00016,2,P104469,2,1631.11,SALE,2024-12-06T18:45:14,S01,20241206
S01/20241206/00016,3,P105959,1,513.93,SALE,2024-12-06T18:45:14,S01,20241206
S01/20241206/00016,4,P106478,2,56.12,SALE,2024-12-06T18:45:14,S01,20241206
S01/20241206/00016,5,P106254,3,1282.79,SALE,2024-12-06T18:45:14,S01,20241206
S01/20241206/00016,6,TAX,1,703.25,TAX,2024-12-06T18:45:14,S01,20241206
S01/20241206/00016,7,TENDER,1,10220.55,TENDER,2024-12-06T18:45:14,S01,20241206
S01/20241206/00017,1,P104277,1,128.39,SALE,2024-12-06T15:29:10,S01,20241206
S01/20241206/00017,2,P102640,3,270.61,SALE,2024-12-06T15:29:10,S01,20241206
S01/20241206/00017,3,P102772,2,151.97,SALE,2024-12-06T15:29:10,S01,20241206
S01/20241206/00017,4,P101465,2,573.89,SALE,2024-12-06T15:29:10,S01,20241206
S01/20241206/00017,5,P103896,3,203.30,SALE,2024-12-06T15:29:10,S01,20241206
S01/20241206/00017,6,TAX,1,493.12,TAX,2024-12-06T15:29:10,S01,20241206
S01/20241206/00017,7,TENDER,1,3494.96,TENDER,2024-12-06T15:29:10,S01,20241206
S01/20241206/00018,1,P104202,1,166.10,SALE,2024-12-06T15:11:16,S01,20241206
S01/20241206/00018,2,P105553,2,764.76,SALE,2024-12-06T15:11:16,S01,20241206
S01/20241206/00018,3,P107654,2,409.57,SALE,2024-12-06T15:11:16,S01,20241206
S01/20241206/00018,4,P103050,2,569.48,SALE,2024-12-06T15:11:16,S01,20241206
S01/20241206/00018,5,P107784,3,245.59,SALE,2024-12-06T15:11:16,S01,20241206
S01/20241206/00018,6,P101732,3,1390.76,SALE,2024-12-06T15:11:16,S01,20241206
S01/20241206/00018,7,P108216,2,69.70,SALE,2024-12-06T15:11:16,S01,20241206
S01/20241206/00018,8,P100135,1,72.29,SALE,2024-12-06T15:11:16,S01,20241206
S01/20241206/00018,9,TAX,1,881.51,TAX,2024-12-06T15:11:16,S01,20241206
S01/20241206/00018,10,TENDER,1,9655.97,TENDER,2024-12-06T15:11:16,S01,20241206
S01/20241206/00019,1,P100172,2,205.47,SALE,2024-12-06T13:02:42,S01,20241206
S01/20241206/00019,2,P106885,2,137.92,SALE,2024-12-06T13:02:42,S01,20241206
S01/20241206/00019,3,P100074,3,57.78,SALE,2024-12-06T13:02:42,S01,20241206
S01/20241206/00019,4,P104676,1,87.52,SALE,2024-12-06T13:02:42,S01,20241206
S01/20241206/00019,5,P105518,2,729.30,SALE,2024-12-06T13:02:42,S01,20241206
S01/20241206/00019,6,P103749,2,17.91,SALE,2024-12-06T13:02:42,S01,20241206
S01/20241206/00019,7,TAX,1,363.61,TAX,2024-12-06T13:02:42,S01,20241206
S01/20241206/00019,8,TENDER,1,2805.67,TENDER,2024-12-06T13:02:42,S01,20241206
S01/20241206/00020,1,P105713,2,345.36,SALE,2024-12-06T11:08:50,S01,20241206
S01/20241206/00020,2,P105547,3,431.77,SALE,2024-12-06T11:08:50,S01,20241206
S01/20241206/00020,3,P104756,4,373.50,SALE,2024-12-06T11:08:50,S01,20241206
S01/20241206/00020,4,TAX,1,369.25,TAX,2024-12-06T11:08:50,S01,20241206
S01/20241206/00020,5,TENDER,1,3849.28,TENDER,2024-12-06T11:08:50,S01,20241206
S01/20241206/00021,1,P107903,1,22.86,SALE,2024-12-06T15:59:47,S01,20241206
S01/20241206/00021,2,P103050,1,569.48,SALE,2024-12-06T15:59:47,S01,20241206
S01/20241206/00021,3,P105227,2,292.54,SALE,2024-12-06T15:59:47,S01,20241206
S01/20241206/00021,4,DISC,1,-109.70,DISCOUNT,2024-12-06T15:59:47,S01,20241206
S01/20241206/00021,5,TAX,1,67.40,TAX,2024-12-06T15:59:47,S01,20241206
S01/20241206/00021,6,TENDER,1,1135.12,TENDER,2024-12-06T15:59:47,S01,20241206
S01/20241206/00022,1,P101961,1,767.84,SALE,2024-12-06T10:27:52,S01,20241206
S01/20241206/00022,2,P107327,4,1138.42,SALE,2024-12-06T10:27:52,S01,20241206
S01/20241206/00022,3,DISC,1,-120.01,DISCOUNT,2024-12-06T10:27:52,S01,20241206
S01/20241206/00022,4,TAX,1,135.09,TAX,2024-12-06T10:27:52,S01,20241206
S01/20241206/00022,5,TENDER,1,5336.60,TENDER,2024-12-06T10:27:52,S01,20241206
S01/20241206/00023,1,P101933,5,1344.63,SALE,2024-12-06T14:51:39,S01,20241206
S01/20241206/00023,2,P104844,1,553.13,SALE,2024-12-06T14:51:39,S01,20241206
S01/20241206/00023,3,P102975,1,234.92,SALE,2024-12-06T14:51:39,S01,20241206
S01/20241206/00023,4,TAX,1,876.72,TAX,2024-12-06T14:51:39,S01,20241206
S01/20241206/00023,5,TENDER,1,8387.92,TENDER,2024-12-06T14:51:39,S01,20241206
S01/20241206/00024,1,P102081,1,164.15,SALE,2024-12-06T14:08:41,S01,20241206
S01/20241206/00024,2,P101599,5,417.76,SALE,2024-12-06T14:08:41,S01,20241206
S01/20241206/00024,3,P102409,3,326.59,SALE,2024-12-06T14:08:41,S01,20241206
S01/20241206/00024,4,TAX,1,581.89,TAX,2024-12-06T14:08:41,S01,20241206
S01/20241206/00024,5,TENDER,1,3814.61,TENDER,2024-12-06T14:08:41,S01,20241206
S01/20241206/00025,1,P104802,1,213.28,SALE,2024-12-06T17:10:05,S01,20241206
S01/20241206/00025,2,P104160,1,256.98,SALE,2024-12-06T17:10:05,S01,20241206
S01/20241206/00025,3,TAX,1,38.39,TAX,2024-12-06T17:10:05,S01,20241206
S01/20241206/00025,4,TENDER,1,508.65,TENDER,2024-12-06T17:10:05,S01,20241206
S01/20241206/00026,1,P101237,4,278.87,SALE,2024-12-06T14:59:54,S01,20241206
S01/20241206/00026,2,P105524,4,81.14,SALE,2024-12-06T14:59:54,S01,20241206
S01/20241206/00026,3,DISC,1,-168.23,DISCOUNT,2024-12-06T14:59:54,S01,20241206
S01/20241206/00026,4,TAX,1,169.82,TAX,2024-12-06T14:59:54,S01,20241206
S01/20241206/00026,5,TENDER,1,1441.63,TENDER,2024-12-06T14:59:54,S01,20241206
S01/20241206/00027,1,P102021,4,90.22,SALE,2024-12-06T19:02:38,S01,20241206
S01/20241206/00027,2,P104121,2,131.32,SALE,2024-12-06T19:02:38,S01,20241206
S01/20241206/00027,3,TAX,1,90.58,TAX,2024-12-06T19:02:38,S01,20241206
S01/20241206/00027,4,TENDER,1,714.10,TENDER,2024-12-06T19:02:38,S01,20241206
S01/20241206/00028,1,P100140,2,58.05,SALE,2024-12-06T17:03:57,S01,20241206
S01/20241206/00028,2,P102021,2,90.22,SALE,2024-12-06T17:03:57,S01,20241206
S01/20241206/00028,3,P101732,2,1390.76,SALE,2024-12-06T17:03:57,S01,20241206
S01/20241206/00028,4,P101258,2,216.42,SALE,2024-12-06T17:03:57,S01,20241206
S01/20241206/00028,5,P102566,1,414.37,SALE,2024-12-06T17:03:57,S01,20241206
S01/20241206/00028,6,P103620,1,502.47,SALE,2024-12-06T17:03:57,S01,20241206
S01/20241206/00028,7,P102549,2,139.23,SALE,2024-12-06T17:03:57,S01,20241206
S01/20241206/00028,8,P105531,4,502.91,SALE,2024-12-06T17:03:57,S01,20241206
S01/20241206/00028,9,P103978,3,347.08,SALE,2024-12-06T17:03:57,S01,20241206
S01/20241206/00028,10,TAX,1,768.42,TAX,2024-12-06T17:03:57,S01,20241206
S01/20241206/00028,11,TENDER,1,8527.50,TENDER,2024-12-06T17:03:57,S01,20241206
S01/20241206/00029,1,P106080,-1,382.72,RETURN,2024-12-06T19:06:17,S01,20241206
S01/20241206/00029,2,P108272,-1,121.99,RETURN,2024-12-06T19:06:17,S01,20241206
S01/20241206/00029,3,TAX,1,-60.57,TAX,2024-12-06T19:06:17,S01,20241206
S01/20241206/00029,4,TENDER,1,-565.28,TENDER,2024-12-06T19:06:17,S01,20241206
S01/20241206/00030,1,P103994,2,148.39,SALE,2024-12-06T19:17:19,S01,20241206
S01/20241206/00030,2,P105609,2,817.71,SALE,2024-12-06T19:17:19,S01,20241206
S01/20241206/00030,3,TAX,1,0.00,TAX,2024-12-06T19:17:19,S01,20241206
S01/20241206/00030,4,TENDER,1,1932.20,TENDER,2024-12-06T19:17:19,S01,20241206
S01/20241206/00031,1,P101547,3,66.03,SALE,2024-12-06T18:48:08,S01,20241206
S01/20241206/00031,2,TAX,1,9.90,TAX,2024-12-06T18:48:08,S01,20241206
S01/20241206/00031,3,TENDER,1,207.99,TENDER,2024-12-06T18:48:08,S01,20241206
S01/20241206/00032,1,P103811,2,778.90,SALE,2024-12-06T20:19:38,S01,20241206
S01/20241206/00032,2,P106130,3,1317.16,SALE,2024-12-06T20:19:38,S01,20241206
S01/20241206/00032,3,P106382,3,81.60,SALE,2024-12-06T20:19:38,S01,20241206
S01/20241206/00032,4,P105187,2,1046.11,SALE,2024-12-06T20:19:38,S01,20241206
S01/20241206/00032,5,P105119,3,106.45,SALE,2024-12-06T20:19:38,S01,20241206
S01/20241206/00032,6,DISC,1,-699.24,DISCOUNT,2024-12-06T20:19:38,S01,20241206
S01/20241206/00032,7,TAX,1,52.56,TAX,2024-12-06T20:19:38,S01,20241206
S01/20241206/00032,8,TENDER,1,7518.97,TENDER,2024-12-06T20:19:38,S01,20241206
S01/20241206/00033,1,P103538,1,265.96,SALE,2024-12-06T15:39:18,S01,20241206
S01/20241206/00033,2,P106009,2,372.60,SALE,2024-12-06T15:39:18,S01,20241206
S01/20241206/00033,3,P100438,5,66.55,SALE,2024-12-06T15:39:18,S01,20241206
S01/20241206/00033,4,DISC,1,-151.17,DISCOUNT,2024-12-06T15:39:18,S01,20241206
S01/20241206/00033,5,TAX,1,105.93,TAX,2024-12-06T15:39:18,S01,20241206
S01/20241206/00033,6,TENDER,1,1298.67,TENDER,2024-12-06T15:39:18,S01,20241206
S01/20241206/00034,1,P101774,1,1168.66,SALE,2024-12-06T17:54:34,S01,20241206
S01/20241206/00034,2,P100658,1,50.53,SALE,2024-12-06T17:54:34,S01,20241206
S01/20241206/00034,3,P101258,3,216.42,SALE,2024-12-06T17:54:34,S01,20241206
S01/20241206/00034,4,P100509,1,143.57,SALE,2024-12-06T17:54:34,S01,20241206
S01/20241206/00034,5,P102375,1,509.34,SALE,2024-12-06T17:54:34,S01,20241206
S01/20241206/00034,6,P104733,3,669.60,SALE,2024-12-06T17:54:34,S01,20241206
S01/20241206/00034,7,P101774,-1,1168.66,VOID,2024-12-06T17:54:34,S01,20241206
S01/20241206/00034,8,P100658,-1,50.53,VOID,2024-12-06T17:54:34,S01,20241206
S01/20241206/00034,9,P101258,-3,216.42,VOID,2024-12-06T17:54:34,S01,20241206
S01/20241206/00034,10,P100509,-1,143.57,VOID,2024-12-06T17:54:34,S01,20241206
S01/20241206/00034,11,P102375,-1,509.34,VOID,2024-12-06T17:54:34,S01,20241206
S01/20241206/00034,12,P104733,-3,669.60,VOID,2024-12-06T17:54:34,S01,20241206
S01/20241206/00034,13,TAX,1,0.00,TAX,2024-12-06T17:54:34,S01,20241206
S01/20241206/00034,14,TENDER,1,0.00,TENDER,2024-12-06T17:54:34,S01,20241206
S01/20241206/00035,1,P103538,1,265.96,SALE,2024-12-06T18:56:10,S01,20241206
S01/20241206/00035,2,P106813,1,257.87,SALE,2024-12-06T18:56:10,S01,20241206
S01/20241206/00035,3,P103283,3,166.64,SALE,2024-12-06T18:56:10,S01,20241206
S01/20241206/00035,4,TAX,1,69.24,TAX,2024-12-06T18:56:10,S01,20241206
S01/20241206/00035,5,TENDER,1,1092.99,TENDER,2024-12-06T18:56:10,S01,20241206
S01/20241206/00036,1,P105707,1,130.64,SALE,2024-12-06T17:19:57,S01,20241206
S01/20241206/00036,2,P107795,1,284.47,SALE,2024-12-06T17:19:57,S01,20241206
S01/20241206/00036,3,P100019,2,74.65,SALE,2024-12-06T17:19:57,S01,20241206
S01/20241206/00036,4,P104695,3,88.59,SALE,2024-12-06T17:19:57,S01,20241206
S01/20241206/00036,5,TAX,1,89.98,TAX,2024-12-06T17:19:57,S01,20241206
S01/20241206/00036,6,TENDER,1,920.16,TENDER,2024-12-06T17:19:57,S01,20241206
S01/20241206/00037,1,P104358,1,1243.57,SALE,2024-12-06T14:36:42,S01,20241206
S01/20241206/00037,2,P102074,2,415.90,SALE,2024-12-06T14:36:42,S01,20241206
S01/20241206/00037,3,P105069,1,168.30,SALE,2024-12-06T14:36:42,S01,20241206
S01/20241206/00037,4,P102691,2,219.72,SALE,2024-12-06T14:36:42,S01,20241206
S01/20241206/00037,5,P103283,2,166.64,SALE,2024-12-06T14:36:42,S01,20241206
S01/20241206/00037,6,P106639,2,485.46,SALE,2024-12-06T14:36:42,S01,20241206
S01/20241206/00037,7,DISC,1,-417.24,DISCOUNT,2024-12-06T14:36:42,S01,20241206
S01/20241206/00037,8,TAX,1,336.89,TAX,2024-12-06T14:36:42,S01,20241206
S01/20241206/00037,9,TENDER,1,3906.96,TENDER,2024-12-06T14:36:42,S01,20241206
S01/20241206/00038,1,P103620,3,474.03,SALE,2024-12-06T17:43:05,S01,20241206
S01/20241206/00038,2,P101242,1,92.35,SALE,2024-12-06T17:43:05,S01,20241206
S01/20241206/00038,3,P107063,3,387.93,SALE,2024-12-06T17:43:05,S01,20241206
S01/20241206/00038,4,P105127,4,77.13,SALE,2024-12-06T17:43:05,S01,20241206
S01/20241206/00038,5,P102424,2,333.88,SALE,2024-12-06T17:43:05,S01,20241206
S01/20241206/00038,6,TAX,1,205.09,TAX,2024-12-06T17:43:05,S01,20241206
S01/20241206/00038,7,TENDER,1,3859.60,TENDER,2024-12-06T17:43:05,S01,20241206
S01/20241206/00039,1,P103620,2,474.03,SALE,2024-12-06T22:05:51,S01,20241206
S01/20241206/00039,2,P102243,2,145.61,SALE,2024-12-06T22:05:51,S01,20241206
S01/20241206/00039,3,P107026,3,69.10,SALE,2024-12-06T22:05:51,S01,20241206
S01/20241206/00039,4,P102903,1,51.46,SALE,2024-12-06T22:05:51,S01,20241206
S01/20241206/00039,5,P102768,2,158.73,SALE,2024-12-06T22:05:51,S01,20241206
S01/20241206/00039,6,P103811,1,778.90,SALE,2024-12-06T22:05:51,S01,20241206
S01/20241206/00039,7,TAX,1,118.28,TAX,2024-12-06T22:05:51,S01,20241206
S01/20241206/00039,8,TENDER,1,2712.68,TENDER,2024-12-06T22:05:51,S01,20241206
S01/20241206/00040,1,P103054,2,145.96,SALE,2024-12-06T16:11:06,S01,20241206
S01/20241206/00040,2,P106731,1,153.24,SALE,2024-12-06T16:11:06,S01,20241206
S01/20241206/00040,3,P105698,1,194.14,SALE,2024-12-06T16:11:06,S01,20241206
S01/20241206/00040,4,P102494,3,14.54,SALE,2024-12-06T16:11:06,S01,20241206
S01/20241206/00040,5,P103081,2,480.46,SALE,2024-12-06T16:11:06,S01,20241206
S01/20241206/00040,6,P100428,4,150.84,SALE,2024-12-06T16:11:06,S01,20241206
S01/20241206/00040,7,TAX,1,215.76,TAX,2024-12-06T16:11:06,S01,20241206
S01/20241206/00040,8,TENDER,1,2462.96,TENDER,2024-12-06T16:11:06,S01,20241206
S01/20241206/00041,1,P104266,4,431.11,SALE,2024-12-06T22:10:15,S01,20241206
S01/20241206/00041,2,P106611,1,341.44,SALE,2024-12-06T22:10:15,S01,20241206
S01/20241206/00041,3,P104933,2,560.59,SALE,2024-12-06T22:10:15,S01,20241206
S01/20241206/00041,4,P108110,1,16.57,SALE,2024-12-06T22:10:15,S01,20241206
S01/20241206/00041,5,TAX,1,556.17,TAX,2024-12-06T22:10:15,S01,20241206
S01/20241206/00041,6,TENDER,1,3759.80,TENDER,2024-12-06T22:10:15,S01,20241206
S01/20241206/00042,1,P107605,1,1129.73,SALE,2024-12-06T18:23:44,S01,20241206
S01/20241206/00042,2,P107354,2,227.60,SALE,2024-12-06T18:23:44,S01,20241206
S01/20241206/00042,3,P103806,2,319.17,SALE,2024-12-06T18:23:44,S01,20241206
S01/20241206/00042,4,P108361,3,73.59,SALE,2024-12-06T18:23:44,S01,20241206
S01/20241206/00042,5,P101101,1,74.25,SALE,2024-12-06T18:23:44,S01,20241206
S01/20241206/00042,6,DISC,1,-178.80,DISCOUNT,2024-12-06T18:23:44,S01,20241206
S01/20241206/00042,7,TAX,1,184.97,TAX,2024-12-06T18:23:44,S01,20241206
S01/20241206/00042,8,TENDER,1,2524.46,TENDER,2024-12-06T18:23:44,S01,20241206
S01/20241206/00043,1,P105155,1,350.84,SALE,2024-12-06T11:24:08,S01,20241206
S01/20241206/00043,2,P105720,1,69.64,SALE,2024-12-06T11:24:08,S01,20241206
S01/20241206/00043,3,P102549,4,139.23,SALE,2024-12-06T11:24:08,S01,20241206
S01/20241206/00043,4,P105797,1,254.07,SALE,2024-12-06T11:24:08,S01,20241206
S01/20241206/00043,5,P107178,5,298.69,SALE,2024-12-06T11:24:08,S01,20241206
S01/20241206/00043,6,P107346,1,449.29,SALE,2024-12-06T11:24:08,S01,20241206
S01/20241206/00043,7,TAX,1,264.95,TAX,2024-12-06T11:24:08,S01,20241206
S01/20241206/00043,8,TENDER,1,3439.16,TENDER,2024-12-06T11:24:08,S01,20241206
S01/20241206/00044,1,P102623,2,107.54,SALE,2024-12-06T16:55:40,S01,20241206
S01/20241206/00044,2,P108131,3,627.37,SALE,2024-12-06T16:55:40,S01,20241206
S01/20241206/00044,3,P103438,1,187.96,SALE,2024-12-06T16:55:40,S01,20241206
S01/20241206/00044,4,P104617,3,107.09,SALE,2024-12-06T16:55:40,S01,20241206
S01/20241206/00044,5,TAX,1,187.14,TAX,2024-12-06T16:55:40,S01,20241206
S01/20241206/00044,6,TENDER,1,2793.56,TENDER,2024-12-06T16:55:40,S01,20241206
S01/20241206/00045,1,P105345,3,335.85,SALE,2024-12-06T18:09:02,S01,20241206
S01/20241206/00045,2,P101622,4,272.35,SALE,2024-12-06T18:09:02,S01,20241206
S01/20241206/00045,3,P105698,2,194.14,SALE,2024-12-06T18:09:02,S01,20241206
S01/20241206/00045,4,P101789,1,391.48,SALE,2024-12-06T18:09:02,S01,20241206
S01/20241206/00045,5,P107422,3,193.56,SALE,2024-12-06T18:09:02,S01,20241206
S01/20241206/00045,6,P107880,2,347.04,SALE,2024-12-06T18:09:02,S01,20241206
S01/20241206/00045,7,P100121,1,113.08,SALE,2024-12-06T18:09:02,S01,20241206
S01/20241206/00045,8,DISC,1,-317.10,DISCOUNT,2024-12-06T18:09:02,S01,20241206
S01/20241206/00045,9,TAX,1,244.10,TAX,2024-12-06T18:09:02,S01,20241206
S01/20241206/00045,10,TENDER,1,4191.55,TENDER,2024-12-06T18:09:02,S01,20241206
S01/20241206/00046,1,P103517,3,177.49,SALE,2024-12-06T12:03:12,S01,20241206
S01/20241206/00046,2,P101558,3,52.58,SALE,2024-12-06T12:03:12,S01,20241206
S01/20241206/00046,3,P105713,2,345.36,SALE,2024-12-06T12:03:12,S01,20241206
S01/20241206/00046,4,TAX,1,62.93,TAX,2024-12-06T12:03:12,S01,20241206
S01/20241206/00046,5,TENDER,1,1443.86,TENDER,2024-12-06T12:03:12,S01,20241206
S01/20241206/00047,1,P102718,-3,356.09,RETURN,2024-12-06T11:42:32,S01,20241206
S01/20241206/00047,2,P100595,-2,404.82,RETURN,2024-12-06T11:42:32,S01,20241206
S01/20241206/00047,3,P107621,-3,119.64,RETURN,2024-12-06T11:42:32,S01,20241206
S01/20241206/00047,4,P106920,-1,1398.34,RETURN,2024-12-06T11:42:32,S01,20241206
S01/20241206/00047,5,TAX,1,-289.45,TAX,2024-12-06T11:42:32,S01,20241206
S01/20241206/00047,6,TENDER,1,-3924.62,TENDER,2024-12-06T11:42:32,S01,20241206
S01/20241206/00048,1,P107520,3,139.81,SALE,2024-12-06T17:37:46,S01,20241206
S01/20241206/00048,2,P104266,3,431.11,SALE,2024-12-06T17:37:46,S01,20241206
S01/20241206/00048,3,TAX,1,253.77,TAX,2024-12-06T17:37:46,S01,20241206
S01/20241206/00048,4,TENDER,1,1966.53,TENDER,2024-12-06T17:37:46,S01,20241206
S01/20241206/00049,1,P102755,4,75.17,SALE,2024-12-06T17:44:10,S01,20241206
S01/20241206/00049,2,P100974,1,41.35,SALE,2024-12-06T17:44:10,S01,20241206
S01/20241206/00049,3,P104784,3,370.89,SALE,2024-12-06T17:44:10,S01,20241206
S01/20241206/00049,4,P103309,3,59.95,SALE,2024-12-06T17:44:10,S01,20241206
S01/20241206/00049,5,P101134,1,1071.76,SALE,2024-12-06T17:44:10,S01,20241206
S01/20241206/00049,6,P107581,3,287.09,SALE,2024-12-06T17:44:10,S01,20241206
S01/20241206/00049,7,P106669,1,102.72,SALE,2024-12-06T17:44:10,S01,20241206
S01/20241206/00049,8,P100803,2,278.56,SALE,2024-12-06T17:44:10,S01,20241206
S01/20241206/00049,9,TAX,1,295.96,TAX,2024-12-06T17:44:10,S01,20241206
S01/20241206/00049,10,TENDER,1,4523.38,TENDER,2024-12-06T17:44:10,S01,20241206
S01/20241206/00050,1,P102342,2,107.02,SALE,2024-12-06T11:00:22,S01,20241206
S01/20241206/00050,2,P101444,1,838.86,SALE,2024-12-06T11:00:22,S01,20241206
S01/20241206/00050,3,P104688,1,178.09,SALE,2024-12-06T11:00:22,S01,20241206
S01/20241206/00050,4,P108090,1,139.96,SALE,2024-12-06T11:00:22,S01,20241206
S01/20241206/00050,5,TAX,1,83.53,TAX,2024-12-06T11:00:22,S01,20241206
S01/20241206/00050,6,TENDER,1,1454.48,TENDER,2024-12-06T11:00:22,S01,20241206
S01/20241206/00051,1,P106282,1,448.43,SALE,2024-12-06T17:48:47,S01,20241206
S01/20241206/00051,2,P101095,3,205.38,SALE,2024-12-06T17:48:47,S01,20241206
S01/20241206/00051,3,P103096,1,315.47,SALE,2024-12-06T17:48:47,S01,20241206
S01/20241206/00051,4,P101592,3,295.58,SALE,2024-12-06T17:48:47,S01,20241206
S01/20241206/00051,5,TAX,1,297.12,TAX,2024-12-06T17:48:47,S01,20241206
S01/20241206/00051,6,TENDER,1,2563.90,TENDER,2024-12-06T17:48:47,S01,20241206
S01/20241206/00052,1,P103530,1,427.69,SALE,2024-12-06T12:01:12,S01,20241206
S01/20241206/00052,2,P103364,1,118.90,SALE,2024-12-06T12:01:12,S01,20241206
S01/20241206/00052,3,P105553,1,764.76,SALE,2024-12-06T12:01:12,S01,20241206
S01/20241206/00052,4,P107308,2,226.19,SALE,2024-12-06T12:01:12,S01,20241206
S01/20241206/00052,5,TAX,1,250.18,TAX,2024-12-06T12:01:12,S01,20241206
S01/20241206/00052,6,TENDER,1,2013.91,TENDER,2024-12-06T12:01:12,S01,20241206
S01/20241206/00053,1,P104462,2,86.38,SALE,2024-12-06T15:04:41,S01,20241206
S01/20241206/00053,2,P104107,1,479.48,SALE,2024-12-06T15:04:41,S01,20241206
S01/20241206/00053,3,TAX,1,94.94,TAX,2024-12-06T15:04:41,S01,20241206
S01/20241206/00053,4,TENDER,1,747.18,TENDER,2024-12-06T15:04:41,S01,20241206
S01/20241206/00054,1,P101660,4,183.48,SALE,2024-12-06T16:28:51,S01,20241206
S01/20241206/00054,2,TAX,1,36.70,TAX,2024-12-06T16:28:51,S01,20241206
S01/20241206/00054,3,TENDER,1,770.62,TENDER,2024-12-06T16:28:51,S01,20241206
S01/20241206/00055,1,P105413,2,168.78,SALE,2024-12-06T17:39:45,S01,20241206
S01/20241206/00055,2,P102243,3,145.61,SALE,2024-12-06T17:39:45,S01,20241206
S01/20241206/00055,3,P103986,2,495.05,SALE,2024-12-06T17:39:45,S01,20241206
S01/20241206/00055,4,TAX,1,240.57,TAX,2024-12-06T17:39:45,S01,20241206
S01/20241206/00055,5,TENDER,1,2005.06,TENDER,2024-12-06T17:39:45,S01,20241206
S01/20241206/00056,1,P104733,2,669.60,SALE,2024-12-06T20:32:12,S01,20241206
S01/20241206/00056,2,P102975,2,234.92,SALE,2024-12-06T20:32:12,S01,20241206
S01/20241206/00056,3,P105959,1,513.93,SALE,2024-12-06T20:32:12,S01,20241206
S01/20241206/00056,4,P102520,3,731.86,SALE,2024-12-06T20:32:12,S01,20241206
S01/20241206/00056,5,TAX,1,527.91,TAX,2024-12-06T20:32:12,S01,20241206
S01/20241206/00056,6,TENDER,1,5046.46,TENDER,2024-12-06T20:32:12,S01,20241206
S01/20241206/00057,1,P105209,3,399.92,SALE,2024-12-06T13:21:06,S01,20241206
S01/20241206/00057,2,P106793,2,303.65,SALE,2024-12-06T13:21:06,S01,20241206
S01/20241206/00057,3,DISC,1,-139.49,DISCOUNT,2024-12-06T13:21:06,S01,20241206
S01/20241206/00057,4,P105209,-3,399.92,VOID,2024-12-06T13:21:06,S01,20241206
S01/20241206/00057,5,P106793,-2,303.65,VOID,2024-12-06T13:21:06,S01,20241206
S01/20241206/00057,6,DISC,1,139.49,VOID,2024-12-06T13:21:06,S01,20241206
S01/20241206/00057,7,TAX,1,0.00,TAX,2024-12-06T13:21:06,S01,20241206
S01/20241206/00057,8,TENDER,1,0.00,TENDER,2024-12-06T13:21:06,S01,20241206
S01/20241206/00058,1,P107056,-3,341.76,RETURN,2024-12-06T20:34:49,S01,20241206
S01/20241206/00058,2,P105112,-2,194.64,RETURN,2024-12-06T20:34:49,S01,20241206
S01/20241206/00058,3,P108191,-2,309.71,RETURN,2024-12-06T20:34:49,S01,20241206
S01/20241206/00058,4,P103661,-2,125.81,RETURN,2024-12-06T20:34:49,S01,20241206
S01/20241206/00058,5,P105772,-2,576.55,RETURN,2024-12-06T20:34:49,S01,20241206
S01/20241206/00058,6,P105609,-1,817.71,RETURN,2024-12-06T20:34:49,S01,20241206
S01/20241206/00058,7,P106367,-1,650.25,RETURN,2024-12-06T20:34:49,S01,20241206
S01/20241206/00058,8,TAX,1,-520.35,TAX,2024-12-06T20:34:49,S01,20241206
S01/20241206/00058,9,TENDER,1,-5427.01,TENDER,2024-12-06T20:34:49,S01,20241206
S01/20241206/00059,1,P107231,4,1193.22,SALE,2024-12-06T12:04:10,S01,20241206
S01/20241206/00059,2,P106424,3,535.14,SALE,2024-12-06T12:04:10,S01,20241206
S01/20241206/00059,3,P108374,3,1417.29,SALE,2024-12-06T12:04:10,S01,20241206
S01/20241206/00059,4,TAX,1,80.27,TAX,2024-12-06T12:04:10,S01,20241206
S01/20241206/00059,5,TENDER,1,10710.44,TENDER,2024-12-06T12:04:10,S01,20241206
S01/20241206/00060,1,P101481,3,55.03,SALE,2024-12-06T12:51:45,S01,20241206
S01/20241206/00060,2,P105740,2,103.24,SALE,2024-12-06T12:51:45,S01,20241206
S01/20241206/00060,3,P104048,1,193.57,SALE,2024-12-06T12:51:45,S01,20241206
S01/20241206/00060,4,P108302,1,855.55,SALE,2024-12-06T12:51:45,S01,20241206
S01/20241206/00060,5,TAX,1,111.43,TAX,2024-12-06T12:51:45,S01,20241206
S01/20241206/00060,6,TENDER,1,1532.12,TENDER,2024-12-06T12:51:45,S01,20241206
S01/20241206/00061,1,P106353,4,267.43,SALE,2024-12-06T15:53:33,S01,20241206
S01/20241206/00061,2,P101034,3,94.74,SALE,2024-12-06T15:53:33,S01,20241206
S01/20241206/00061,3,P103473,1,428.66,SALE,2024-12-06T15:53:33,S01,20241206
S01/20241206/00061,4,P107777,2,222.77,SALE,2024-12-06T15:53:33,S01,20241206
S01/20241206/00061,5,P107899,2,197.21,SALE,2024-12-06T15:53:33,S01,20241206
S01/20241206/00061,6,P102465,3,1410.14,SALE,2024-12-06T15:53:33,S01,20241206
S01/20241206/00061,7,TAX,1,509.34,TAX,2024-12-06T15:53:33,S01,20241206
S01/20241206/00061,8,TENDER,1,7362.32,TENDER,2024-12-06T15:53:33,S01,20241206
S01/20241207/00001,1,P101697,1,102.34,SALE,2024-12-07T12:24:07,S01,20241207
S01/20241207/00001,2,P100946,1,81.33,SALE,2024-12-07T12:24:07,S01,20241207
S01/20241207/00001,3,P106927,3,156.05,SALE,2024-12-07T12:24:07,S01,20241207
S01/20241207/00001,4,P104089,1,358.58,SALE,2024-12-07T12:24:07,S01,20241207
S01/20241207/00001,5,P105784,1,116.81,SALE,2024-12-07T12:24:07,S01,20241207
S01/20241207/00001,6,P103435,3,443.24,SALE,2024-12-07T12:24:07,S01,20241207
S01/20241207/00001,7,P106059,1,313.87,SALE,2024-12-07T12:24:07,S01,20241207
S01/20241207/00001,8,TAX,1,398.44,TAX,2024-12-07T12:24:07,S01,20241207
S01/20241207/00001,9,TENDER,1,3169.24,TENDER,2024-12-07T12:24:07,S01,20241207
S01/20241207/00002,1,P107826,3,136.08,SALE,2024-12-07T18:34:44,S01,20241207
S01/20241207/00002,2,P107308,2,226.19,SALE,2024-12-07T18:34:44,S01,20241207
S01/20241207/00002,3,P105923,1,245.29,SALE,2024-12-07T18:34:44,S01,20241207
S01/20241207/00002,4,TAX,1,142.68,TAX,2024-12-07T18:34:44,S01,20241207
S01/20241207/00002,5,TENDER,1,1248.59,TENDER,2024-12-07T18:34:44,S01,20241207
S01/20241207/00003,1,P104883,4,370.64,SALE,2024-12-07T13:14:28,S01,20241207
S01/20241207/00003,2,P104008,1,116.02,SALE,2024-12-07T13:14:28,S01,20241207
S01/20241207/00003,3,P107502,1,311.85,SALE,2024-12-07T13:14:28,S01,20241207
S01/20241207/00003,4,P105180,4,102.63,SALE,2024-12-07T13:14:28,S01,20241207
S01/20241207/00003,5,P106452,2,31.15,SALE,2024-12-07T13:14:28,S01,20241207
S01/20241207/00003,6,TAX,1,213.07,TAX,2024-12-07T13:14:28,S01,20241207
S01/20241207/00003,7,TENDER,1,2596.32,TENDER,2024-12-07T13:14:28,S01,20241207
S01/20241207/00004,1,P104921,3,425.26,SALE,2024-12-07T13:08:58,S01,20241207
S01/20241207/00004,2,P100077,1,173.95,SALE,2024-12-07T13:08:58,S01,20241207
S01/20241207/00004,3,P101010,3,71.39,SALE,2024-12-07T13:08:58,S01,20241207
S01/20241207/00004,4,P106833,4,446.47,SALE,2024-12-07T13:08:58,S01,20241207
S01/20241207/00004,5,P102091,1,87.97,SALE,2024-12-07T13:08:58,S01,20241207
S01/20241207/00004,6,P105988,2,29.57,SALE,2024-12-07T13:08:58,S01,20241207
S01/20241207/00004,7,TAX,1,588.45,TAX,2024-12-07T13:08:58,S01,20241207
S01/20241207/00004,8,TENDER,1,4185.34,TENDER,2024-12-07T13:08:58,S01,20241207
S01/20241207/00005,1,P102656,3,194.33,SALE,2024-12-07T15:07:39,S01,20241207
S01/20241207/00005,2,P106522,1,203.79,SALE,2024-12-07T15:07:39,S01,20241207
S01/20241207/00005,3,P105365,1,420.06,SALE,2024-12-07T15:07:39,S01,20241207
S01/20241207/00005,4,P103040,2,410.59,SALE,2024-12-07T15:07:39,S01,20241207
S01/20241207/00005,5,TAX,1,237.56,TAX,2024-12-07T15:07:39,S01,20241207
S01/20241207/00005,6,TENDER,1,2265.58,TENDER,2024-12-07T15:07:39,S01,20241207
S01/20241207/00006,1,P106697,2,342.69,SALE,2024-12-07T16:48:13,S01,20241207
S01/20241207/00006,2,P103074,1,52.85,SALE,2024-12-07T16:48:13,S01,20241207
S01/20241207/00006,3,P100717,3,561.52,SALE,2024-12-07T16:48:13,S01,20241207
S01/20241207/00006,4,P107646,1,225.19,SALE,2024-12-07T16:48:13,S01,20241207
S01/20241207/00006,5,TAX,1,406.24,TAX,2024-12-07T16:48:13,S01,20241207
S01/20241207/00006,6,TENDER,1,3054.22,TENDER,2024-12-07T16:48:13,S01,20241207
S01/20241207/00007,1,P103111,4,40.41,SALE,2024-12-07T10:53:59,S01,20241207
S01/20241207/00007,2,P102236,3,928.51,SALE,2024-12-07T10:53:59,S01,20241207
S01/20241207/00007,3,P107003,1,1218.85,SALE,2024-12-07T10:53:59,S01,20241207
S01/20241207/00007,4,DISC,1,-214.83,DISCOUNT,2024-12-07T10:53:59,S01,20241207
S01/20241207/00007,5,TAX,1,139.76,TAX,2024-12-07T10:53:59,S01,20241207
S01/20241207/00007,6,TENDER,1,4090.95,TENDER,2024-12-07T10:53:59,S01,20241207
S01/20241207/00008,1,P104079,1,75.55,SALE,2024-12-07T10:39:30,S01,20241207
S01/20241207/00008,2,P105035,3,159.58,SALE,2024-12-07T10:39:30,S01,20241207
S01/20241207/00008,3,TAX,1,0.00,TAX,2024-12-07T10:39:30,S01,20241207
S01/20241207/00008,4,TENDER,1,554.29,TENDER,2024-12-07T10:39:30,S01,20241207
S01/20241207/00009,1,P105805,2,110.21,SALE,2024-12-07T10:43:03,S01,20241207
S01/20241207/00009,2,P105176,2,509.66,SALE,2024-12-07T10:43:03,S01,20241207
S01/20241207/00009,3,P107542,3,162.57,SALE,2024-12-07T10:43:03,S01,20241207
S01/20241207/00009,4,P104909,2,363.10,SALE,2024-12-07T10:43:03,S01,20241207
S01/20241207/00009,5,TAX,1,183.48,TAX,2024-12-07T10:43:03,S01,20241207
S01/20241207/00009,6,TENDER,1,2637.13,TENDER,2024-12-07T10:43:03,S01,20241207
S01/20241207/00010,1,P100511,2,442.66,SALE,2024-12-07T16:47:20,S01,20241207
S01/20241207/00010,2,P104149,1,88.07,SALE,2024-12-07T16:47:20,S01,20241207
S01/20241207/00010,3,P101911,3,1431.80,SALE,2024-12-07T16:47:20,S01,20241207
S01/20241207/00010,4,P104765,1,401.36,SALE,2024-12-07T16:47:20,S01,20241207
S01/20241207/00010,5,P106639,1,485.46,SALE,2024-12-07T16:47:20,S01,20241207
S01/20241207/00010,6,TAX,1,217.06,TAX,2024-12-07T16:47:20,S01,20241207
S01/20241207/00010,7,TENDER,1,6372.67,TENDER,2024-12-07T16:47:20,S01,20241207
S01/20241207/00011,1,P103701,3,1171.33,SALE,2024-12-07T14:11:17,S01,20241207
S01/20241207/00011,2,P106443,3,52.87,SALE,2024-12-07T14:11:17,S01,20241207
S01/20241207/00011,3,P105009,2,65.38,SALE,2024-12-07T14:11:17,S01,20241207
S01/20241207/00011,4,TAX,1,207.17,TAX,2024-12-07T14:11:17,S01,20241207
S01/20241207/00011,5,TENDER,1,4010.53,TENDER,2024-12-07T14:11:17,S01,20241207
S01/20241207/00012,1,P108067,2,640.50,SALE,2024-12-07T13:58:45,S01,20241207
S01/20241207/00012,2,P103616,3,662.98,SALE,2024-12-07T13:58:45,S01,20241207
S01/20241207/00012,3,P105260,1,72.61,SALE,2024-12-07T13:58:45,S01,20241207
S01/20241207/00012,4,P104410,1,541.11,SALE,2024-12-07T13:58:45,S01,20241207
S01/20241207/00012,5,P106239,1,803.36,SALE,2024-12-07T13:58:45,S01,20241207
S01/20241207/00012,6,P100722,2,330.17,SALE,2024-12-07T13:58:45,S01,20241207
S01/20241207/00012,7,P107171,2,335.20,SALE,2024-12-07T13:58:45,S01,20241207
S01/20241207/00012,8,TAX,1,286.01,TAX,2024-12-07T13:58:45,S01,20241207
S01/20241207/00012,9,TENDER,1,6303.77,TENDER,2024-12-07T13:58:45,S01,20241207
S01/20241207/00013,1,P106115,1,128.36,SALE,2024-12-07T17:02:31,S01,20241207
S01/20241207/00013,2,P101356,3,1264.05,SALE,2024-12-07T17:02:31,S01,20241207
S01/20241207/00013,3,P106648,4,339.01,SALE,2024-12-07T17:02:31,S01,20241207
S01/20241207/00013,4,P103964,1,134.21,SALE,2024-12-07T17:02:31,S01,20241207
S01/20241207/00013,5,TAX,1,287.22,TAX,2024-12-07T17:02:31,S01,20241207
S01/20241207/00013,6,TENDER,1,5697.98,TENDER,2024-12-07T17:02:31,S01,20241207
S01/20241207/00014,1,P102566,2,414.37,SALE,2024-12-07T21:56:52,S01,20241207
S01/20241207/00014,2,P106015,2,148.43,SALE,2024-12-07T21:56:52,S01,20241207
S01/20241207/00014,3,P103348,2,485.60,SALE,2024-12-07T21:56:52,S01,20241207
S01/20241207/00014,4,P104389,1,169.98,SALE,2024-12-07T21:56:52,S01,20241207
S01/20241207/00014,5,P106424,3,535.14,SALE,2024-12-07T21:56:52,S01,20241207
S01/20241207/00014,6,P101876,1,68.16,SALE,2024-12-07T21:56:52,S01,20241207
S01/20241207/00014,7,P107182,2,112.81,SALE,2024-12-07T21:56:52,S01,20241207
S01/20241207/00014,8,P102432,1,895.86,SALE,2024-12-07T21:56:52,S01,20241207
S01/20241207/00014,9,DISC,1,-102.33,DISCOUNT,2024-12-07T21:56:52,S01,20241207
S01/20241207/00014,10,TAX,1,380.17,TAX,2024-12-07T21:56:52,S01,20241207
S01/20241207/00014,11,TENDER,1,5339.68,TENDER,2024-12-07T21:56:52,S01,20241207
S01/20241207/00015,1,P103074,3,52.85,SALE,2024-12-07T12:57:33,S01,20241207
S01/20241207/00015,2,P103811,1,778.90,SALE,2024-12-07T12:57:33,S01,20241207
S01/20241207/00015,3,P106434,1,178.02,SALE,2024-12-07T12:57:33,S01,20241207
S01/20241207/00015,4,P106823,4,148.11,SALE,2024-12-07T12:57:33,S01,20241207
S01/20241207/00015,5,TAX,1,120.99,TAX,2024-12-07T12:57:33,S01,20241207
S01/20241207/00015,6,TENDER,1,1828.90,TENDER,2024-12-07T12:57:33,S01,20241207
S01/20241207/00016,1,P108313,1,455.94,SALE,2024-12-07T15:50:10,S01,20241207
S01/20241207/00016,2,P101702,1,491.39,SALE,2024-12-07T15:50:10,S01,20241207
S01/20241207/00016,3,P102714,1,86.80,SALE,2024-12-07T15:50:10,S01,20241207
S01/20241207/00016,4,P100879,1,159.99,SALE,2024-12-07T15:50:10,S01,20241207
S01/20241207/00016,5,P107449,2,1495.62,SALE,2024-12-07T15:50:10,S01,20241207
S01/20241207/00016,6,P104081,1,652.80,SALE,2024-12-07T15:50:10,S01,20241207
S01/20241207/00016,7,P107536,3,1613.47,SALE,2024-12-07T15:50:10,S01,20241207
S01/20241207/00016,8,TAX,1,512.53,TAX,2024-12-07T15:50:10,S01,20241207
S01/20241207/00016,9,TENDER,1,10191.10,TENDER,2024-12-07T15:50:10,S01,20241207
S01/20241207/00017,1,P108313,1,455.94,SALE,2024-12-07T13:40:13,S01,20241207
S01/20241207/00017,2,P107012,1,109.16,SALE,2024-12-07T13:40:13,S01,20241207
S01/20241207/00017,3,P100967,1,969.23,SALE,2024-12-07T13:40:13,S01,20241207
S01/20241207/00017,4,P105155,1,350.84,SALE,2024-12-07T13:40:13,S01,20241207
S01/20241207/00017,5,P106955,2,204.37,SALE,2024-12-07T13:40:13,S01,20241207
S01/20241207/00017,6,P108262,1,592.59,SALE,2024-12-07T13:40:13,S01,20241207
S01/20241207/00017,7,P105331,1,308.39,SALE,2024-12-07T13:40:13,S01,20241207
S01/20241207/00017,8,P107327,4,1138.42,SALE,2024-12-07T13:40:13,S01,20241207
S01/20241207/00017,9,TAX,1,336.54,TAX,2024-12-07T13:40:13,S01,20241207
S01/20241207/00017,10,TENDER,1,8085.11,TENDER,2024-12-07T13:40:13,S01,20241207
S01/20241207/00018,1,P106813,2,257.87,SALE,2024-12-07T20:51:53,S01,20241207
S01/20241207/00018,2,P103760,2,103.67,SALE,2024-12-07T20:51:53,S01,20241207
S01/20241207/00018,3,P105313,5,51.83,SALE,2024-12-07T20:51:53,S01,20241207
S01/20241207/00018,4,P102346,2,89.47,SALE,2024-12-07T20:51:53,S01,20241207
S01/20241207/00018,5,TAX,1,120.68,TAX,2024-12-07T20:51:53,S01,20241207
S01/20241207/00018,6,TENDER,1,1281.85,TENDER,2024-12-07T20:51:53,S01,20241207
S01/20241207/00019,1,P104921,4,425.26,SALE,2024-12-07T21:52:52,S01,20241207
S01/20241207/00019,2,P104155,4,144.69,SALE,2024-12-07T21:52:52,S01,20241207
S01/20241207/00019,3,P108200,1,333.41,SALE,2024-12-07T21:52:52,S01,20241207
S01/20241207/00019,4,P102982,3,235.47,SALE,2024-12-07T21:52:52,S01,20241207
S01/20241207/00019,5,P106143,1,61.74,SALE,2024-12-07T21:52:52,S01,20241207
S01/20241207/00019,6,P105827,3,124.38,SALE,2024-12-07T21:52:52,S01,20241207
S01/20241207/00019,7,P103822,2,594.96,SALE,2024-12-07T21:52:52,S01,20241207
S01/20241207/00019,8,P100816,2,806.93,SALE,2024-12-07T21:52:52,S01,20241207
S01/20241207/00019,9,TAX,1,910.97,TAX,2024-12-07T21:52:52,S01,20241207
S01/20241207/00019,10,TENDER,1,7469.25,TENDER,2024-12-07T21:52:52,S01,20241207
S01/20241207/00020,1,P104328,3,64.22,SALE,2024-12-07T13:01:01,S01,20241207
S01/20241207/00020,2,P102103,3,400.89,SALE,2024-12-07T13:01:01,S01,20241207
S01/20241207/00020,3,P100511,3,442.66,SALE,2024-12-07T13:01:01,S01,20241207
S01/20241207/00020,4,TAX,1,385.47,TAX,2024-12-07T13:01:01,S01,20241207
S01/20241207/00020,5,TENDER,1,3108.78,TENDER,2024-12-07T13:01:01,S01,20241207
S01/20241207/00021,1,P102432,2,895.86,SALE,2024-12-07T14:56:23,S01,20241207
S01/20241207/00021,2,P105331,1,308.39,SALE,2024-12-07T14:56:23,S01,20241207
S01/20241207/00021,3,P105136,1,158.61,SALE,2024-12-07T14:56:23,S01,20241207
S01/20241207/00021,4,P100665,3,305.11,SALE,2024-12-07T14:56:23,S01,20241207
S01/20241207/00021,5,P106566,4,251.68,SALE,2024-12-07T14:56:23,S01,20241207
S01/20241207/00021,6,P105988,1,29.57,SALE,2024-12-07T14:56:23,S01,20241207
S01/20241207/00021,7,DISC,1,-145.83,DISCOUNT,2024-12-07T14:56:23,S01,20241207
S01/20241207/00021,8,TAX,1,504.84,TAX,2024-12-07T14:56:23,S01,20241207
S01/20241207/00021,9,TENDER,1,4569.35,TENDER,2024-12-07T14:56:23,S01,20241207
S01/20241207/00022,1,P101174,2,57.43,SALE,2024-12-07T15:52:00,S01,20241207
S01/20241207/00022,2,P102471,1,151.71,SALE,2024-12-07T15:52:00,S01,20241207
S01/20241207/00022,3,P102886,3,139.22,SALE,2024-12-07T15:52:00,S01,20241207
S01/20241207/00022,4,P101681,3,139.09,SALE,2024-12-07T15:52:00,S01,20241207
S01/20241207/00022,5,TAX,1,104.01,TAX,2024-12-07T15:52:00,S01,20241207
S01/20241207/00022,6,TENDER,1,1205.51,TENDER,2024-12-07T15:52:00,S01,20241207
S01/20241207/00023,1,P103111,1,40.41,SALE,2024-12-07T17:39:09,S01,20241207
S01/20241207/00023,2,P102122,3,138.84,SALE,2024-12-07T17:39:09,S01,20241207
S01/20241207/00023,3,P105337,1,35.20,SALE,2024-12-07T17:39:09,S01,20241207
S01/20241207/00023,4,TAX,1,78.75,TAX,2024-12-07T17:39:09,S01,20241207
S01/20241207/00023,5,TENDER,1,570.88,TENDER,2024-12-07T17:39:09,S01,20241207
S01/20241207/00024,1,P106080,3,361.06,SALE,2024-12-07T15:54:46,S01,20241207
S01/20241207/00024,2,P101789,3,391.48,SALE,2024-12-07T15:54:46,S01,20241207
S01/20241207/00024,3,P102718,2,356.09,SALE,2024-12-07T15:54:46,S01,20241207
S01/20241207/00024,4,TAX,1,316.90,TAX,2024-12-07T15:54:46,S01,20241207
S01/20241207/00024,5,TENDER,1,3286.70,TENDER,2024-12-07T15:54:46,S01,20241207
S01/20241207/00025,1,P101547,1,66.03,SALE,2024-12-07T15:41:24,S01,20241207
S01/20241207/00025,2,TAX,1,3.30,TAX,2024-12-07T15:41:24,S01,20241207
S01/20241207/00025,3,TENDER,1,69.33,TENDER,2024-12-07T15:41:24,S01,20241207
S01/20241207/00026,1,P103137,5,218.09,SALE,2024-12-07T11:01:24,S01,20241207
S01/20241207/00026,2,P106697,2,342.69,SALE,2024-12-07T11:01:24,S01,20241207
S01/20241207/00026,3,P108397,4,286.03,SALE,2024-12-07T11:01:24,S01,20241207
S01/20241207/00026,4,P103950,2,1283.54,SALE,2024-12-07T11:01:24,S01,20241207
S01/20241207/00026,5,TAX,1,478.75,TAX,2024-12-07T11:01:24,S01,20241207
S01/20241207/00026,6,TENDER,1,5965.78,TENDER,2024-12-07T11:01:24,S01,20241207
S01/20241207/00027,1,P103452,1,1033.70,SALE,2024-12-07T12:12:26,S01,20241207
S01/20241207/00027,2,P103946,2,338.64,SALE,2024-12-07T12:12:26,S01,20241207
S01/20241207/00027,3,P102585,2,516.36,SALE,2024-12-07T12:12:26,S01,20241207
S01/20241207/00027,4,P101023,3,213.62,SALE,2024-12-07T12:12:26,S01,20241207
S01/20241207/00027,5,TAX,1,135.36,TAX,2024-12-07T12:12:26,S01,20241207
S01/20241207/00027,6,TENDER,1,3519.92,TENDER,2024-12-07T12:12:26,S01,20241207
S01/20241207/00028,1,P108131,2,627.37,SALE,2024-12-07T15:45:35,S01,20241207
S01/20241207/00028,2,P105100,1,270.01,SALE,2024-12-07T15:45:35,S01,20241207
S01/20241207/00028,3,P105971,2,1150.46,SALE,2024-12-07T15:45:35,S01,20241207
S01/20241207/00028,4,P102845,2,261.08,SALE,2024-12-07T15:45:35,S01,20241207
S01/20241207/00028,5,P107158,2,147.89,SALE,2024-12-07T15:45:35,S01,20241207
S01/20241207/00028,6,TAX,1,305.73,TAX,2024-12-07T15:45:35,S01,20241207
S01/20241207/00028,7,TENDER,1,4949.34,TENDER,2024-12-07T15:45:35,S01,20241207
S01/20241207/00029,1,P106209,1,199.51,SALE,2024-12-07T14:15:27,S01,20241207
S01/20241207/00029,2,P105042,2,66.53,SALE,2024-12-07T14:15:27,S01,20241207
S01/20241207/00029,3,P107458,3,1239.88,SALE,2024-12-07T14:15:27,S01,20241207
S01/20241207/00029,4,P103749,3,17.91,SALE,2024-12-07T14:15:27,S01,20241207
S01/20241207/00029,5,TAX,1,57.56,TAX,2024-12-07T14:15:27,S01,20241207
S01/20241207/00029,6,TENDER,1,4163.50,TENDER,2024-12-07T14:15:27,S01,20241207
S01/20241207/00030,1,P102296,1,48.88,SALE,2024-12-07T15:24:31,S01,20241207
S01/20241207/00030,2,P103461,2,109.46,SALE,2024-12-07T15:24:31,S01,20241207
S01/20241207/00030,3,P103273,1,356.86,SALE,2024-12-07T15:24:31,S01,20241207
S01/20241207/00030,4,TAX,1,77.89,TAX,2024-12-07T15:24:31,S01,20241207
S01/20241207/00030,5,TENDER,1,702.55,TENDER,2024-12-07T15:24:31,S01,20241207
S01/20241207/00031,1,P107171,1,335.20,SALE,2024-12-07T13:48:59,S01,20241207
S01/20241207/00031,2,P108397,2,286.03,SALE,2024-12-07T13:48:59,S01,20241207
S01/20241207/00031,3,P101201,2,48.42,SALE,2024-12-07T13:48:59,S01,20241207
S01/20241207/00031,4,P106143,3,61.74,SALE,2024-12-07T13:48:59,S01,20241207
S01/20241207/00031,5,TAX,1,147.05,TAX,2024-12-07T13:48:59,S01,20241207
S01/20241207/00031,6,TENDER,1,1336.37,TENDER,2024-12-07T13:48:59,S01,20241207
S01/20241207/00032,1,P101213,1,232.84,SALE,2024-12-07T12:04:02,S01,20241207
S01/20241207/00032,2,P108101,1,1603.81,SALE,2024-12-07T12:04:02,S01,20241207
S01/20241207/00032,3,P106512,3,467.07,SALE,2024-12-07T12:04:02,S01,20241207
S01/20241207/00032,4,TAX,1,486.59,TAX,2024-12-07T12:04:02,S01,20241207
S01/20241207/00032,5,TENDER,1,3724.45,TENDER,2024-12-07T12:04:02,S01,20241207
S01/20241207/00033,1,P107733,2,56.44,SALE,2024-12-07T14:22:30,S01,20241207
S01/20241207/00033,2,P108110,2,16.57,SALE,2024-12-07T14:22:30,S01,20241207
S01/20241207/00033,3,P105425,3,153.55,SALE,2024-12-07T14:22:30,S01,20241207
S01/20241207/00033,4,P102230,2,335.28,SALE,2024-12-07T14:22:30,S01,20241207
S01/20241207/00033,5,P100354,2,182.63,SALE,2024-12-07T14:22:30,S01,20241207
S01/20241207/00033,6,P107435,1,636.54,SALE,2024-12-07T14:22:30,S01,20241207
S01/20241207/00033,7,P100319,2,54.97,SALE,2024-12-07T14:22:30,S01,20241207
S01/20241207/00033,8,P104072,4,724.10,SALE,2024-12-07T14:22:30,S01,20241207
S01/20241207/00033,9,P105479,1,253.92,SALE,2024-12-07T14:22:30,S01,20241207
S01/20241207/00033,10,TAX,1,494.54,TAX,2024-12-07T14:22:30,S01,20241207
S01/20241207/00033,11,TENDER,1,6033.83,TENDER,2024-12-07T14:22:30,S01,20241207
S01/20241207/00034,1,P100287,3,240.45,SALE,2024-12-07T15:21:08,S01,20241207
S01/20241207/00034,2,P101421,2,119.60,SALE,2024-12-07T15:21:08,S01,20241207
S01/20241207/00034,3,TAX,1,129.62,TAX,2024-12-07T15:21:08,S01,20241207
S01/20241207/00034,4,TENDER,1,1090.17,TENDER,2024-12-07T15:21:08,S01,20241207
S01/20241207/00035,1,P102811,2,199.78,SALE,2024-12-07T13:45:26,S01,20241207
S01/20241207/00035,2,P105405,3,409.24,SALE,2024-12-07T13:45:26,S01,20241207
S01/20241207/00035,3,P104181,2,298.55,SALE,2024-12-07T13:45:26,S01,20241207
S01/20241207/00035,4,P101311,2,529.91,SALE,2024-12-07T13:45:26,S01,20241207
S01/20241207/00035,5,P104670,3,108.77,SALE,2024-12-07T13:45:26,S01,20241207
S01/20241207/00035,6,P107899,3,197.21,SALE,2024-12-07T13:45:26,S01,20241207
S01/20241207/00035,7,P100582,1,170.67,SALE,2024-12-07T13:45:26,S01,20241207
S01/20241207/00035,8,TAX,1,325.04,TAX,2024-12-07T13:45:26,S01,20241207
S01/20241207/00035,9,TENDER,1,4697.85,TENDER,2024-12-07T13:45:26,S01,20241207
S01/20241207/00036,1,P101164,2,401.86,SALE,2024-12-07T14:41:57,S01,20241207
S01/20241207/00036,2,P103004,1,82.09,SALE,2024-12-07T14:41:57,S01,20241207
S01/20241207/00036,3,P107231,3,1193.22,SALE,2024-12-07T14:41:57,S01,20241207
S01/20241207/00036,4,P104382,2,62.22,SALE,2024-12-07T14:41:57,S01,20241207
S01/20241207/00036,5,TAX,1,155.00,TAX,2024-12-07T14:41:57,S01,20241207
S01/20241207/00036,6,TENDER,1,4744.91,TENDER,2024-12-07T14:41:57,S01,20241207
S01/20241207/00037,1,P107822,1,69.77,SALE,2024-12-07T20:01:50,S01,20241207
S01/20241207/00037,2,P105468,2,1100.43,SALE,2024-12-07T20:01:50,S01,20241207
S01/20241207/00037,3,P105139,1,119.64,SALE,2024-12-07T20:01:50,S01,20241207
S01/20241207/00037,4,P100019,1,74.65,SALE,2024-12-07T20:01:50,S01,20241207
S01/20241207/00037,5,P107226,2,88.38,SALE,2024-12-07T20:01:50,S01,20241207
S01/20241207/00037,6,P104975,3,568.03,SALE,2024-12-07T20:01:50,S01,20241207
S01/20241207/00037,7,P108206,3,81.62,SALE,2024-12-07T20:01:50,S01,20241207
S01/20241207/00037,8,P105136,3,158.61,SALE,2024-12-07T20:01:50,S01,20241207
S01/20241207/00037,9,P100044,1,737.05,SALE,2024-12-07T20:01:50,S01,20241207
S01/20241207/00037,10,P107899,1,197.21,SALE,2024-12-07T20:01:50,S01,20241207
S01/20241207/00037,11,TAX,1,280.52,TAX,2024-12-07T20:01:50,S01,20241207
S01/20241207/00037,12,TENDER,1,6281.24,TENDER,2024-12-07T20:01:50,S01,20241207
S01/20241207/00038,1,P106592,2,815.90,SALE,2024-12-07T22:21:26,S01,20241207
S01/20241207/00038,2,P106415,1,911.99,SALE,2024-12-07T22:21:26,S01,20241207
S01/20241207/00038,3,P102821,1,1314.43,SALE,2024-12-07T22:21:26,S01,20241207
S01/20241207/00038,4,TAX,1,191.03,TAX,2024-12-07T22:21:26,S01,20241207
S01/20241207/00038,5,TENDER,1,4049.25,TENDER,2024-12-07T22:21:26,S01,20241207
S01/20241207/00039,1,P100239,3,360.16,SALE,2024-12-08T00:44:18,S01,20241207
S01/20241207/00039,2,P102794,3,416.24,SALE,2024-12-08T00:44:18,S01,20241207
S01/20241207/00039,3,P106920,1,1398.34,SALE,2024-12-08T00:44:18,S01,20241207
S01/20241207/00039,4,P105882,2,222.02,SALE,2024-12-08T00:44:18,S01,20241207
S01/20241207/00039,5,P102801,1,108.87,SALE,2024-12-08T00:44:18,S01,20241207
S01/20241207/00039,6,TAX,1,229.18,TAX,2024-12-08T00:44:18,S01,20241207
S01/20241207/00039,7,TENDER,1,4509.63,TENDER,2024-12-08T00:44:18,S01,20241207
S01/20241207/00040,1,P108046,3,101.85,SALE,2024-12-07T19:08:28,S01,20241207
S01/20241207/00040,2,P101669,1,56.49,SALE,2024-12-07T19:08:28,S01,20241207
S01/20241207/00040,3,P107145,4,235.69,SALE,2024-12-07T19:08:28,S01,20241207
S01/20241207/00040,4,TAX,1,170.95,TAX,2024-12-07T19:08:28,S01,20241207
S01/20241207/00040,5,TENDER,1,1475.75,TENDER,2024-12-07T19:08:28,S01,20241207
S01/20241207/00041,1,P106399,2,198.14,SALE,2024-12-07T15:03:49,S01,20241207
S01/20241207/00041,2,P100178,1,480.34,SALE,2024-12-07T15:03:49,S01,20241207
S01/20241207/00041,3,P108275,3,504.53,SALE,2024-12-07T15:03:49,S01,20241207
S01/20241207/00041,4,P101622,2,272.35,SALE,2024-12-07T15:03:49,S01,20241207
S01/20241207/00041,5,P105187,4,1046.11,SALE,2024-12-07T15:03:49,S01,20241207
S01/20241207/00041,6,P104121,1,131.32,SALE,2024-12-07T15:03:49,S01,20241207
S01/20241207/00041,7,DISC,1,-732.05,DISCOUNT,2024-12-07T15:03:49,S01,20241207
S01/20241207/00041,8,TAX,1,386.22,TAX,2024-12-07T15:03:49,S01,20241207
S01/20241207/00041,9,TENDER,1,6904.84,TENDER,2024-12-07T15:03:49,S01,20241207
S01/20241207/00042,1,P100511,2,486.93,SALE,2024-12-07T20:04:51,S01,20241207
S01/20241207/00042,2,P105656,1,516.52,SALE,2024-12-07T20:04:51,S01,20241207
S01/20241207/00042,3,P100221,1,139.88,SALE,2024-12-07T20:04:51,S01,20241207
S01/20241207/00042,4,P103525,4,252.51,SALE,2024-12-07T20:04:51,S01,20241207
S01/20241207/00042,5,P103090,3,841.97,SALE,2024-12-07T20:04:51,S01,20241207
S01/20241207/00042,6,TAX,1,310.45,TAX,2024-12-07T20:04:51,S01,20241207
S01/20241207/00042,7,TENDER,1,5476.66,TENDER,2024-12-07T20:04:51,S01,20241207
S01/20241207/00043,1,P102397,2,355.28,SALE,2024-12-07T11:42:38,S01,20241207
S01/20241207/00043,2,P104032,3,603.87,SALE,2024-12-07T11:42:38,S01,20241207
S01/20241207/00043,3,P100354,4,182.63,SALE,2024-12-07T11:42:38,S01,20241207
S01/20241207/00043,4,P102480,1,198.67,SALE,2024-12-07T11:42:38,S01,20241207
S01/20241207/00043,5,P107630,3,309.72,SALE,2024-12-07T11:42:38,S01,20241207
S01/20241207/00043,6,P101564,2,172.72,SALE,2024-12-07T11:42:38,S01,20241207
S01/20241207/00043,7,P103964,3,134.21,SALE,2024-12-07T11:42:38,S01,20241207
S01/20241207/00043,8,P100956,1,421.98,SALE,2024-12-07T11:42:38,S01,20241207
S01/20241207/00043,9,TAX,1,779.61,TAX,2024-12-07T11:42:38,S01,20241207
S01/20241207/00043,10,TENDER,1,6330.18,TENDER,2024-12-07T11:42:38,S01,20241207
S01/20241207/00044,1,P105531,1,502.91,SALE,2024-12-07T14:10:15,S01,20241207
S01/20241207/00044,2,P100838,1,38.03,SALE,2024-12-07T14:10:15,S01,20241207
S01/20241207/00044,3,P103413,2,1352.06,SALE,2024-12-07T14:10:15,S01,20241207
S01/20241207/00044,4,P102035,4,471.15,SALE,2024-12-07T14:10:15,S01,20241207
S01/20241207/00044,5,P101023,2,213.62,SALE,2024-12-07T14:10:15,S01,20241207
S01/20241207/00044,6,TAX,1,313.05,TAX,2024-12-07T14:10:15,S01,20241207
S01/20241207/00044,7,TENDER,1,5869.95,TENDER,2024-12-07T14:10:15,S01,20241207
S01/20241207/00045,1,P105425,4,153.55,SALE,2024-12-07T17:12:42,S01,20241207
S01/20241207/00045,2,TAX,1,30.71,TAX,2024-12-07T17:12:42,S01,20241207
S01/20241207/00045,3,TENDER,1,644.91,TENDER,2024-12-07T17:12:42,S01,20241207
S01/20241207/00046,1,P106174,1,229.89,SALE,2024-12-07T18:51:48,S01,20241207
S01/20241207/00046,2,P102963,2,415.64,SALE,2024-12-07T18:51:48,S01,20241207
S01/20241207/00046,3,P102671,6,252.00,SALE,2024-12-07T18:51:48,S01,20241207
S01/20241207/00046,4,P100367,1,537.90,SALE,2024-12-07T18:51:48,S01,20241207
S01/20241207/00046,5,TAX,1,518.61,TAX,2024-12-07T18:51:48,S01,20241207
S01/20241207/00046,6,TENDER,1,3629.68,TENDER,2024-12-07T18:51:48,S01,20241207
S01/20241207/00047,1,P104933,1,560.59,SALE,2024-12-07T16:08:23,S01,20241207
S01/20241207/00047,2,P105562,1,422.85,SALE,2024-12-07T16:08:23,S01,20241207
S01/20241207/00047,3,P103950,2,1283.54,SALE,2024-12-07T16:08:23,S01,20241207
S01/20241207/00047,4,P105497,2,70.98,SALE,2024-12-07T16:08:23,S01,20241207
S01/20241207/00047,5,P105789,1,42.75,SALE,2024-12-07T16:08:23,S01,20241207
S01/20241207/00047,6,P107799,2,751.07,SALE,2024-12-07T16:08:23,S01,20241207
S01/20241207/00047,7,TAX,1,405.21,TAX,2024-12-07T16:08:23,S01,20241207
S01/20241207/00047,8,TENDER,1,5642.58,TENDER,2024-12-07T16:08:23,S01,20241207
S01/20241207/00048,1,P100658,2,50.53,SALE,2024-12-07T15:33:09,S01,20241207
S01/20241207/00048,2,P107301,1,945.94,SALE,2024-12-07T15:33:09,S01,20241207
S01/20241207/00048,3,P105331,1,308.39,SALE,2024-12-07T15:33:09,S01,20241207
S01/20241207/00048,4,TAX,1,15.42,TAX,2024-12-07T15:33:09,S01,20241207
S01/20241207/00048,5,TENDER,1,1370.81,TENDER,2024-12-07T15:33:09,S01,20241207
S01/20241207/00049,1,P106169,2,221.89,SALE,2024-12-07T18:08:09,S01,20241207
S01/20241207/00049,2,P106373,3,48.45,SALE,2024-12-07T18:08:09,S01,20241207
S01/20241207/00049,3,P103129,3,84.49,SALE,2024-12-07T18:08:09,S01,20241207
S01/20241207/00049,4,P100519,2,365.61,SALE,2024-12-07T18:08:09,S01,20241207
S01/20241207/00049,5,P102880,2,575.53,SALE,2024-12-07T18:08:09,S01,20241207
S01/20241207/00049,6,TAX,1,278.07,TAX,2024-12-07T18:08:09,S01,20241207
S01/20241207/00049,7,TENDER,1,3002.95,TENDER,2024-12-07T18:08:09,S01,20241207
S01/20241207/00050,1,P107458,3,1239.88,SALE,2024-12-07T15:53:59,S01,20241207
S01/20241207/00050,2,P101339,4,230.61,SALE,2024-12-07T15:53:59,S01,20241207
S01/20241207/00050,3,P100682,3,337.76,SALE,2024-12-07T15:53:59,S01,20241207
S01/20241207/00050,4,P102060,1,165.83,SALE,2024-12-07T15:53:59,S01,20241207
S01/20241207/00050,5,P101864,2,112.21,SALE,2024-12-07T15:53:59,S01,20241207
S01/20241207/00050,6,P102502,1,408.64,SALE,2024-12-07T15:53:59,S01,20241207
S01/20241207/00050,7,P102000,4,82.98,SALE,2024-12-07T15:53:59,S01,20241207
S01/20241207/00050,8,P100869,2,62.15,SALE,2024-12-07T15:53:59,S01,20241207
S01/20241207/00050,9,P100428,2,150.84,SALE,2024-12-07T15:53:59,S01,20241207
S01/20241207/00050,10,P106382,3,81.60,SALE,2024-12-07T15:53:59,S01,20241207
S01/20241207/00050,11,TAX,1,356.33,TAX,2024-12-07T15:53:59,S01,20241207
S01/20241207/00050,12,TENDER,1,7813.28,TENDER,2024-12-07T15:53:59,S01,20241207
S01/20241207/00051,1,P101530,2,576.50,SALE,2024-12-07T16:05:19,S01,20241207
S01/20241207/00051,2,P105155,1,350.84,SALE,2024-12-07T16:05:19,S01,20241207
S01/20241207/00051,3,P104351,3,1128.29,SALE,2024-12-07T16:05:19,S01,20241207
S01/20241207/00051,4,P104665,1,217.71,SALE,2024-12-07T16:05:19,S01,20241207
S01/20241207/00051,5,P108125,1,129.06,SALE,2024-12-07T16:05:19,S01,20241207
S01/20241207/00051,6,TAX,1,420.45,TAX,2024-12-07T16:05:19,S01,20241207
S01/20241207/00051,7,TENDER,1,5655.93,TENDER,2024-12-07T16:05:19,S01,20241207
S01/20241207/00052,1,P103188,2,30.16,SALE,2024-12-07T16:36:37,S01,20241207
S01/20241207/00052,2,P104501,2,413.53,SALE,2024-12-07T16:36:37,S01,20241207
S01/20241207/00052,3,P106975,3,143.78,SALE,2024-12-07T16:36:37,S01,20241207
S01/20241207/00052,4,P103542,2,398.89,SALE,2024-12-07T16:36:37,S01,20241207
S01/20241207/00052,5,P105450,2,252.15,SALE,2024-12-07T16:36:37,S01,20241207
S01/20241207/00052,6,P105075,2,49.58,SALE,2024-12-07T16:36:37,S01,20241207
S01/20241207/00052,7,DISC,1,-269.43,DISCOUNT,2024-12-07T16:36:37,S01,20241207
S01/20241207/00052,8,TAX,1,182.06,TAX,2024-12-07T16:36:37,S01,20241207
S01/20241207/00052,9,TENDER,1,2632.59,TENDER,2024-12-07T16:36:37,S01,20241207
S01/20241207/00053,1,P104658,1,75.90,SALE,2024-12-07T20:18:56,S01,20241207
S01/20241207/00053,2,P101751,4,477.38,SALE,2024-12-07T20:18:56,S01,20241207
S01/20241207/00053,3,P105433,1,144.32,SALE,2024-12-07T20:18:56,S01,20241207
S01/20241207/00053,4,P100703,1,171.10,SALE,2024-12-07T20:18:56,S01,20241207
S01/20241207/00053,5,P105901,1,80.48,SALE,2024-12-07T20:18:56,S01,20241207
S01/20241207/00053,6,TAX,1,403.68,TAX,2024-12-07T20:18:56,S01,20241207
S01/20241207/00053,7,TENDER,1,2785.00,TENDER,2024-12-07T20:18:56,S01,20241207
S01/20241207/00054,1,P107646,4,225.19,SALE,2024-12-07T12:46:49,S01,20241207
S01/20241207/00054,2,P102263,2,116.79,SALE,2024-12-07T12:46:49,S01,20241207
S01/20241207/00054,3,P100967,4,969.23,SALE,2024-12-07T12:46:49,S01,20241207
S01/20241207/00054,4,TAX,1,538.30,TAX,2024-12-07T12:46:49,S01,20241207
S01/20241207/00054,5,TENDER,1,5549.56,TENDER,2024-12-07T12:46:49,S01,20241207
S01/20241207/00055,1,P100095,5,100.57,SALE,2024-12-07T17:55:02,S01,20241207
S01/20241207/00055,2,P107381,3,195.99,SALE,2024-12-07T17:55:02,S01,20241207
S01/20241207/00055,3,P108300,1,286.59,SALE,2024-12-07T17:55:02,S01,20241207
S01/20241207/00055,4,P101533,1,975.60,SALE,2024-12-07T17:55:02,S01,20241207
S01/20241207/00055,5,P106323,1,218.99,SALE,2024-12-07T17:55:02,S01,20241207
S01/20241207/00055,6,DISC,1,-284.25,DISCOUNT,2024-12-07T17:55:02,S01,20241207
S01/20241207/00055,7,TAX,1,244.88,TAX,2024-12-07T17:55:02,S01,20241207
S01/20241207/00055,8,TENDER,1,2532.63,TENDER,2024-12-07T17:55:02,S01,20241207
S01/20241207/00056,1,P100560,2,180.90,SALE,2024-12-07T11:56:31,S01,20241207
S01/20241207/00056,2,P107621,2,119.64,SALE,2024-12-07T11:56:31,S01,20241207
S01/20241207/00056,3,P101248,2,497.50,SALE,2024-12-07T11:56:31,S01,20241207
S01/20241207/00056,4,P105030,2,224.07,SALE,2024-12-07T11:56:31,S01,20241207
S01/20241207/00056,5,TAX,1,303.18,TAX,2024-12-07T11:56:31,S01,20241207
S01/20241207/00056,6,TENDER,1,2347.40,TENDER,2024-12-07T11:56:31,S01,20241207
S01/20241207/00057,1,P103354,3,894.50,SALE,2024-12-07T17:25:11,S01,20241207
S01/20241207/00057,2,P106258,3,423.67,SALE,2024-12-07T17:25:11,S01,20241207
S01/20241207/00057,3,P104389,1,169.98,SALE,2024-12-07T17:25:11,S01,20241207
S01/20241207/00057,4,P100924,2,50.37,SALE,2024-12-07T17:25:11,S01,20241207
S01/20241207/00057,5,P100686,3,800.21,SALE,2024-12-07T17:25:11,S01,20241207
S01/20241207/00057,6,P105707,2,130.64,SALE,2024-12-07T17:25:11,S01,20241207
S01/20241207/00057,7,P105069,1,168.30,SALE,2024-12-07T17:25:11,S01,20241207
S01/20241207/00057,8,TAX,1,173.93,TAX,2024-12-07T17:25:11,S01,20241207
S01/20241207/00057,9,TENDER,1,7229.37,TENDER,2024-12-07T17:25:11,S01,20241207
S01/20241207/00058,1,P101543,4,178.10,SALE,2024-12-07T20:50:57,S01,20241207
S01/20241207/00058,2,P100421,1,121.56,SALE,2024-12-07T20:50:57,S01,20241207
S01/20241207/00058,3,P108149,1,1073.33,SALE,2024-12-07T20:50:57,S01,20241207
S01/20241207/00058,4,P101982,2,428.91,SALE,2024-12-07T20:50:57,S01,20241207
S01/20241207/00058,5,P105092,1,57.00,SALE,2024-12-07T20:50:57,S01,20241207
S01/20241207/00058,6,P106473,1,297.16,SALE,2024-12-07T20:50:57,S01,20241207
S01/20241207/00058,7,P107662,2,330.01,SALE,2024-12-07T20:50:57,S01,20241207
S01/20241207/00058,8,TAX,1,465.19,TAX,2024-12-07T20:50:57,S01,20241207
S01/20241207/00058,9,TENDER,1,4244.48,TENDER,2024-12-07T20:50:57,S01,20241207
S01/20241207/00059,1,P106310,3,462.03,SALE,2024-12-07T19:42:41,S01,20241207
S01/20241207/00059,2,P103074,1,52.85,SALE,2024-12-07T19:42:41,S01,20241207
S01/20241207/00059,3,P104308,3,53.24,SALE,2024-12-07T19:42:41,S01,20241207
S01/20241207/00059,4,P104023,4,630.48,SALE,2024-12-07T19:42:41,S01,20241207
S01/20241207/00059,5,P107826,1,136.08,SALE,2024-12-07T19:42:41,S01,20241207
S01/20241207/00059,6,TAX,1,430.18,TAX,2024-12-07T19:42:41,S01,20241207
S01/20241207/00059,7,TENDER,1,4686.84,TENDER,2024-12-07T19:42:41,S01,20241207
S01/20241207/00060,1,P104708,-3,487.33,RETURN,2024-12-07T18:11:05,S01,20241207
S01/20241207/00060,2,P105971,-2,1150.46,RETURN,2024-12-07T18:11:05,S01,20241207
S01/20241207/00060,3,P107246,-1,313.74,RETURN,2024-12-07T18:11:05,S01,20241207
S01/20241207/00060,4,P106807,-1,322.15,RETURN,2024-12-07T18:11:05,S01,20241207
S01/20241207/00060,5,P101389,-3,430.39,RETURN,2024-12-07T18:11:05,S01,20241207
S01/20241207/00060,6,TAX,1,-535.02,TAX,2024-12-07T18:11:05,S01,20241207
S01/20241207/00060,7,TENDER,1,-6224.99,TENDER,2024-12-07T18:11:05,S01,20241207
S01/20241207/00061,1,P104270,-3,1153.64,RETURN,2024-12-07T13:20:44,S01,20241207
S01/20241207/00061,2,P103416,-1,73.27,RETURN,2024-12-07T13:20:44,S01,20241207
S01/20241207/00061,3,P105553,-2,764.76,RETURN,2024-12-07T13:20:44,S01,20241207
S01/20241207/00061,4,P101949,-1,857.51,RETURN,2024-12-07T13:20:44,S01,20241207
S01/20241207/00061,5,P102735,-1,534.08,RETURN,2024-12-07T13:20:44,S01,20241207
S01/20241207/00061,6,P102664,-2,261.47,RETURN,2024-12-07T13:20:44,S01,20241207
S01/20241207/00061,7,P105490,-4,154.49,RETURN,2024-12-07T13:20:44,S01,20241207
S01/20241207/00061,8,TAX,1,-714.15,TAX,2024-12-07T13:20:44,S01,20241207
S01/20241207/00061,9,TENDER,1,-8310.35,TENDER,2024-12-07T13:20:44,S01,20241207
S01/20241207/00062,1,P100632,1,331.55,SALE,2024-12-07T10:19:54,S01,20241207
S01/20241207/00062,2,P106783,2,94.23,SALE,2024-12-07T10:19:54,S01,20241207
S01/20241207/00062,3,P106651,5,900.59,SALE,2024-12-07T10:19:54,S01,20241207
S01/20241207/00062,4,TAX,1,93.60,TAX,2024-12-07T10:19:54,S01,20241207
S01/20241207/00062,5,TENDER,1,5116.56,TENDER,2024-12-07T10:19:54,S01,20241207
S01/20241207/00063,1,P106254,4,1282.79,SALE,2024-12-07T16:51:25,S01,20241207
S01/20241207/00063,2,P103806,4,319.17,SALE,2024-12-07T16:51:25,S01,20241207
S01/20241207/00063,3,TAX,1,0.00,TAX,2024-12-07T16:51:25,S01,20241207
S01/20241207/00063,4,TENDER,1,6407.84,TENDER,2024-12-07T16:51:25,S01,20241207
S01/20241207/00064,1,P107708,1,167.35,SALE,2024-12-07T14:30:11,S01,20241207
S01/20241207/00064,2,P102286,3,281.91,SALE,2024-12-07T14:30:11,S01,20241207
S01/20241207/00064,3,P103668,3,1530.18,SALE,2024-12-07T14:30:11,S01,20241207
S01/20241207/00064,4,P103525,2,252.51,SALE,2024-12-07T14:30:11,S01,20241207
S01/20241207/00064,5,P100354,3,182.63,SALE,2024-12-07T14:30:11,S01,20241207
S01/20241207/00064,6,TAX,1,472.76,TAX,2024-12-07T14:30:11,S01,20241207
S01/20241207/00064,7,TENDER,1,7129.29,TENDER,2024-12-07T14:30:11,S01,20241207
S01/20241207/00065,1,P102494,-2,14.54,RETURN,2024-12-07T14:33:57,S01,20241207
S01/20241207/00065,2,P108319,-3,262.79,RETURN,2024-12-07T14:33:57,S01,20241207
S01/20241207/00065,3,P106563,-2,469.90,RETURN,2024-12-07T14:33:57,S01,20241207
S01/20241207/00065,4,P103178,-3,21.89,RETURN,2024-12-07T14:33:57,S01,20241207
S01/20241207/00065,5,TAX,1,-169.25,TAX,2024-12-07T14:33:57,S01,20241207
S01/20241207/00065,6,TENDER,1,-1992.17,TENDER,2024-12-07T14:33:57,S01,20241207
S01/20241207/00066,1,P104427,4,506.64,SALE,2024-12-07T20:40:39,S01,20241207
S01/20241207/00066,2,P102922,2,120.15,SALE,2024-12-07T20:40:39,S01,20241207
S01/20241207/00066,3,P103864,1,540.44,SALE,2024-12-07T20:40:39,S01,20241207
S01/20241207/00066,4,P105413,3,168.78,SALE,2024-12-07T20:40:39,S01,20241207
S01/20241207/00066,5,TAX,1,495.82,TAX,2024-12-07T20:40:39,S01,20241207
S01/20241207/00066,6,TENDER,1,3809.46,TENDER,2024-12-07T20:40:39,S01,20241207
S01/20241207/00067,1,P105155,3,350.84,SALE,2024-12-07T13:20:14,S01,20241207
S01/20241207/00067,2,P103693,4,102.71,SALE,2024-12-07T13:20:14,S01,20241207
S01/20241207/00067,3,P104372,1,111.70,SALE,2024-12-07T13:20:14,S01,20241207
S01/20241207/00067,4,TAX,1,58.21,TAX,2024-12-07T13:20:14,S01,20241207
S01/20241207/00067,5,TENDER,1,1633.27,TENDER,2024-12-07T13:20:14,S01,20241207
S01/20241207/00068,1,P105009,3,65.38,SALE,2024-12-07T17:13:31,S01,20241207
S01/20241207/00068,2,P104226,3,303.01,SALE,2024-12-07T17:13:31,S01,20241207
S01/20241207/00068,3,P100339,3,299.99,SALE,2024-12-07T17:13:31,S01,20241207
S01/20241207/00068,4,P103577,1,100.44,SALE,2024-12-07T17:13:31,S01,20241207
S01/20241207/00068,5,P102531,2,160.54,SALE,2024-12-07T17:13:31,S01,20241207
S01/20241207/00068,6,TAX,1,247.88,TAX,2024-12-07T17:13:31,S01,20241207
S01/20241207/00068,7,TENDER,1,2674.54,TENDER,2024-12-07T17:13:31,S01,20241207
S01/20241207/00069,1,P107477,2,116.48,SALE,2024-12-07T22:35:00,S01,20241207
S01/20241207/00069,2,P102160,2,221.62,SALE,2024-12-07T22:35:00,S01,20241207
S01/20241207/00069,3,P104389,1,169.98,SALE,2024-12-07T22:35:00,S01,20241207
S01/20241207/00069,4,P108159,3,488.81,SALE,2024-12-07T22:35:00,S01,20241207
S01/20241207/00069,5,P101410,3,958.72,SALE,2024-12-07T22:35:00,S01,20241207
S01/20241207/00069,6,P104916,3,340.18,SALE,2024-12-07T22:35:00,S01,20241207
S01/20241207/00069,7,DISC,1,-309.65,DISCOUNT,2024-12-07T22:35:00,S01,20241207
S01/20241207/00069,8,TAX,1,593.14,TAX,2024-12-07T22:35:00,S01,20241207
S01/20241207/00069,9,TENDER,1,6492.80,TENDER,2024-12-07T22:35:00,S01,20241207
S01/20241207/00070,1,P105313,1,51.83,SALE,2024-12-07T17:12:55,S01,20241207
S01/20241207/00070,2,P106718,5,525.27,SALE,2024-12-07T17:12:55,S01,20241207
S01/20241207/00070,3,P107837,1,104.51,SALE,2024-12-07T17:12:55,S01,20241207
S01/20241207/00070,4,P106115,2,128.36,SALE,2024-12-07T17:12:55,S01,20241207
S01/20241207/00070,5,P100035,1,1810.38,SALE,2024-12-07T17:12:55,S01,20241207
S01/20241207/00070,6,TAX,1,755.01,TAX,2024-12-07T17:12:55,S01,20241207
S01/20241207/00070,7,TENDER,1,5604.80,TENDER,2024-12-07T17:12:55,S01,20241207
S01/20241207/00071,1,P103465,-2,32.05,RETURN,2024-12-07T23:30:02,S01,20241207
S01/20241207/00071,2,P101076,-2,606.89,RETURN,2024-12-07T23:30:02,S01,20241207
S01/20241207/00071,3,P102982,-1,255.95,RETURN,2024-12-07T23:30:02,S01,20241207
S01/20241207/00071,4,TAX,1,-118.30,TAX,2024-12-07T23:30:02,S01,20241207
S01/20241207/00071,5,TENDER,1,-1652.13,TENDER,2024-12-07T23:30:02,S01,20241207
S01/20241208/00001,1,P107094,4,97.95,SALE,2024-12-08T16:49:33,S01,20241208
S01/20241208/00001,2,P103202,2,295.26,SALE,2024-12-08T16:49:33,S01,20241208
S01/20241208/00001,3,P105497,3,70.98,SALE,2024-12-08T16:49:33,S01,20241208
S01/20241208/00001,4,P107018,4,187.58,SALE,2024-12-08T16:49:33,S01,20241208
S01/20241208/00001,5,P106669,2,102.72,SALE,2024-12-08T16:49:33,S01,20241208
S01/20241208/00001,6,P106577,1,52.98,SALE,2024-12-08T16:49:33,S01,20241208
S01/20241208/00001,7,P103050,4,569.48,SALE,2024-12-08T16:49:33,S01,20241208
S01/20241208/00001,8,TAX,1,217.38,TAX,2024-12-08T16:49:33,S01,20241208
S01/20241208/00001,9,TENDER,1,4699.30,TENDER,2024-12-08T16:49:33,S01,20241208
S01/20241208/00002,1,P107526,1,54.94,SALE,2024-12-08T19:09:08,S01,20241208
S01/20241208/00002,2,P101933,1,1344.63,SALE,2024-12-08T19:09:08,S01,20241208
S01/20241208/00002,3,P101444,4,838.86,SALE,2024-12-08T19:09:08,S01,20241208
S01/20241208/00002,4,P102230,1,335.28,SALE,2024-12-08T19:09:08,S01,20241208
S01/20241208/00002,5,P106703,3,76.83,SALE,2024-12-08T19:09:08,S01,20241208
S01/20241208/00002,6,P105633,1,46.25,SALE,2024-12-08T19:09:08,S01,20241208
S01/20241208/00002,7,TAX,1,413.20,TAX,2024-12-08T19:09:08,S01,20241208
S01/20241208/00002,8,TENDER,1,5780.23,TENDER,2024-12-08T19:09:08,S01,20241208
S01/20241208/00003,1,P104410,1,541.11,SALE,2024-12-08T22:40:41,S01,20241208
S01/20241208/00003,2,P102397,2,355.28,SALE,2024-12-08T22:40:41,S01,20241208
S01/20241208/00003,3,P104097,3,330.82,SALE,2024-12-08T22:40:41,S01,20241208
S01/20241208/00003,4,TAX,1,301.76,TAX,2024-12-08T22:40:41,S01,20241208
S01/20241208/00003,5,TENDER,1,2545.89,TENDER,2024-12-08T22:40:41,S01,20241208
S01/20241208/00004,1,P106270,2,308.83,SALE,2024-12-08T15:23:47,S01,20241208
S01/20241208/00004,2,P105729,2,75.27,SALE,2024-12-08T15:23:47,S01,20241208
S01/20241208/00004,3,P101419,2,202.93,SALE,2024-12-08T15:23:47,S01,20241208
S01/20241208/00004,4,P101048,1,219.90,SALE,2024-12-08T15:23:47,S01,20241208
S01/20241208/00004,5,P100761,3,51.26,SALE,2024-12-08T15:23:47,S01,20241208
S01/20241208/00004,6,P101421,1,119.60,SALE,2024-12-08T15:23:47,S01,20241208
S01/20241208/00004,7,P105684,1,1114.27,SALE,2024-12-08T15:23:47,S01,20241208
S01/20241208/00004,8,TAX,1,171.73,TAX,2024-12-08T15:23:47,S01,20241208
S01/20241208/00004,9,TENDER,1,2953.34,TENDER,2024-12-08T15:23:47,S01,20241208
S01/20241208/00005,1,P105698,4,194.14,SALE,2024-12-08T14:13:06,S01,20241208
S01/20241208/00005,2,P102640,1,270.61,SALE,2024-12-08T14:13:06,S01,20241208
S01/20241208/00005,3,TAX,1,188.49,TAX,2024-12-08T14:13:06,S01,20241208
S01/20241208/00005,4,TENDER,1,1235.66,TENDER,2024-12-08T14:13:06,S01,20241208
S01/20241208/00006,1,P108076,5,151.55,SALE,2024-12-08T20:22:36,S01,20241208
S01/20241208/00006,2,P105139,1,119.64,SALE,2024-12-08T20:22:36,S01,20241208
S01/20241208/00006,3,P103600,1,107.84,SALE,2024-12-08T20:22:36,S01,20241208
S01/20241208/00006,4,P106648,2,339.01,SALE,2024-12-08T20:22:36,S01,20241208
S01/20241208/00006,5,P103637,2,338.13,SALE,2024-12-08T20:22:36,S01,20241208
S01/20241208/00006,6,TAX,1,311.77,TAX,2024-12-08T20:22:36,S01,20241208
S01/20241208/00006,7,TENDER,1,2651.28,TENDER,2024-12-08T20:22:36,S01,20241208
S01/20241208/00007,1,P103918,1,527.10,SALE,2024-12-08T21:22:36,S01,20241208
S01/20241208/00007,2,P107654,1,409.57,SALE,2024-12-08T21:22:36,S01,20241208
S01/20241208/00007,3,P103886,2,312.24,SALE,2024-12-08T21:22:36,S01,20241208
S01/20241208/00007,4,P103168,1,980.21,SALE,2024-12-08T21:22:36,S01,20241208
S01/20241208/00007,5,P102485,1,208.13,SALE,2024-12-08T21:22:36,S01,20241208
S01/20241208/00007,6,P105918,2,294.44,SALE,2024-12-08T21:22:36,S01,20241208
S01/20241208/00007,7,P106288,4,48.38,SALE,2024-12-08T21:22:36,S01,20241208
S01/20241208/00007,8,TAX,1,319.21,TAX,2024-12-08T21:22:36,S01,20241208
S01/20241208/00007,9,TENDER,1,3851.10,TENDER,2024-12-08T21:22:36,S01,20241208
S01/20241208/00008,1,P100864,2,208.63,SALE,2024-12-08T14:35:45,S01,20241208
S01/20241208/00008,2,P107072,1,75.15,SALE,2024-12-08T14:35:45,S01,20241208
S01/20241208/00008,3,P104708,3,487.33,SALE,2024-12-08T14:35:45,S01,20241208
S01/20241208/00008,4,P101345,1,80.74,SALE,2024-12-08T14:35:45,S01,20241208
S01/20241208/00008,5,P104302,1,1255.97,SALE,2024-12-08T14:35:45,S01,20241208
S01/20241208/00008,6,P105268,2,300.66,SALE,2024-12-08T14:35:45,S01,20241208
S01/20241208/00008,7,TAX,1,411.20,TAX,2024-12-08T14:35:45,S01,20241208
S01/20241208/00008,8,TENDER,1,4303.63,TENDER,2024-12-08T14:35:45,S01,20241208
S01/20241208/00009,1,P100649,3,618.96,SALE,2024-12-08T11:21:24,S01,20241208
S01/20241208/00009,2,P103999,1,120.61,SALE,2024-12-08T11:21:24,S01,20241208
S01/20241208/00009,3,P108149,3,1073.33,SALE,2024-12-08T11:21:24,S01,20241208
S01/20241208/00009,4,P103757,1,159.40,SALE,2024-12-08T11:21:24,S01,20241208
S01/20241208/00009,5,TAX,1,106.84,TAX,2024-12-08T11:21:24,S01,20241208
S01/20241208/00009,6,TENDER,1,5463.72,TENDER,2024-12-08T11:21:24,S01,20241208
S01/20241208/00010,1,P102091,2,87.97,SALE,2024-12-08T17:25:52,S01,20241208
S01/20241208/00010,2,P102626,3,416.91,SALE,2024-12-08T17:25:52,S01,20241208
S01/20241208/00010,3,P107072,2,75.15,SALE,2024-12-08T17:25:52,S01,20241208
S01/20241208/00010,4,P103777,2,44.82,SALE,2024-12-08T17:25:52,S01,20241208
S01/20241208/00010,5,P103473,5,428.66,SALE,2024-12-08T17:25:52,S01,20241208
S01/20241208/00010,6,P106686,3,324.48,SALE,2024-12-08T17:25:52,S01,20241208
S01/20241208/00010,7,P103600,2,107.84,SALE,2024-12-08T17:25:52,S01,20241208
S01/20241208/00010,8,P107952,2,1964.70,SALE,2024-12-08T17:25:52,S01,20241208
S01/20241208/00010,9,DISC,1,-365.01,DISCOUNT,2024-12-08T17:25:52,S01,20241208
S01/20241208/00010,10,TAX,1,451.96,TAX,2024-12-08T17:25:52,S01,20241208
S01/20241208/00010,11,TENDER,1,9015.38,TENDER,2024-12-08T17:25:52,S01,20241208
S01/20241208/00011,1,P100627,1,440.29,SALE,2024-12-08T17:42:56,S01,20241208
S01/20241208/00011,2,P100967,2,969.23,SALE,2024-12-08T17:42:56,S01,20241208
S01/20241208/00011,3,P105636,2,558.71,SALE,2024-12-08T17:42:56,S01,20241208
S01/20241208/00011,4,P100367,1,537.90,SALE,2024-12-08T17:42:56,S01,20241208
S01/20241208/00011,5,P101859,2,66.16,SALE,2024-12-08T17:42:56,S01,20241208
S01/20241208/00011,6,P108090,3,139.96,SALE,2024-12-08T17:42:56,S01,20241208
S01/20241208/00011,7,TAX,1,388.32,TAX,2024-12-08T17:42:56,S01,20241208
S01/20241208/00011,8,TENDER,1,4974.59,TENDER,2024-12-08T17:42:56,S01,20241208
S01/20241208/00012,1,P100810,2,200.65,SALE,2024-12-08T11:30:08,S01,20241208
S01/20241208/00012,2,P104285,3,683.70,SALE,2024-12-08T11:30:08,S01,20241208
S01/20241208/00012,3,P100469,1,49.98,SALE,2024-12-08T11:30:08,S01,20241208
S01/20241208/00012,4,P101690,2,1044.81,SALE,2024-12-08T11:30:08,S01,20241208
S01/20241208/00012,5,P104320,1,147.42,SALE,2024-12-08T11:30:08,S01,20241208
S01/20241208/00012,6,P101298,2,213.63,SALE,2024-12-08T11:30:08,S01,20241208
S01/20241208/00012,7,TAX,1,280.87,TAX,2024-12-08T11:30:08,S01,20241208
S01/20241208/00012,8,TENDER,1,5447.55,TENDER,2024-12-08T11:30:08,S01,20241208
S01/20241208/00013,1,P103908,1,104.62,SALE,2024-12-08T17:12:32,S01,20241208
S01/20241208/00013,2,P101585,1,10.45,SALE,2024-12-08T17:12:32,S01,20241208
S01/20241208/00013,3,P108046,1,101.85,SALE,2024-12-08T17:12:32,S01,20241208
S01/20241208/00013,4,P101530,3,576.50,SALE,2024-12-08T17:12:32,S01,20241208
S01/20241208/00013,5,P100354,3,182.63,SALE,2024-12-08T17:12:32,S01,20241208
S01/20241208/00013,6,TAX,1,409.83,TAX,2024-12-08T17:12:32,S01,20241208
S01/20241208/00013,7,TENDER,1,2904.14,TENDER,2024-12-08T17:12:32,S01,20241208
S01/20241208/00014,1,P103927,1,206.11,SALE,2024-12-08T16:48:31,S01,20241208
S01/20241208/00014,2,P102849,2,682.39,SALE,2024-12-08T16:48:31,S01,20241208
S01/20241208/00014,3,P105030,1,224.07,SALE,2024-12-08T16:48:31,S01,20241208
S01/20241208/00014,4,TAX,1,214.41,TAX,2024-12-08T16:48:31,S01,20241208
S01/20241208/00014,5,TENDER,1,2009.37,TENDER,2024-12-08T16:48:31,S01,20241208
S01/20241208/00015,1,P101564,3,172.72,SALE,2024-12-08T18:59:08,S01,20241208
S01/20241208/00015,2,P104872,4,132.45,SALE,2024-12-08T18:59:08,S01,20241208
S01/20241208/00015,3,P107292,1,372.98,SALE,2024-12-08T18:59:08,S01,20241208
S01/20241208/00015,4,P102151,2,1117.25,SALE,2024-12-08T18:59:08,S01,20241208
S01/20241208/00015,5,P102534,2,98.12,SALE,2024-12-08T18:59:08,S01,20241208
S01/20241208/00015,6,P104733,3,669.60,SALE,2024-12-08T18:59:08,S01,20241208
S01/20241208/00015,7,P102364,2,104.57,SALE,2024-12-08T18:59:08,S01,20241208
S01/20241208/00015,8,DISC,1,-237.98,DISCOUNT,2024-12-08T18:59:08,S01,20241208
S01/20241208/00015,9,TAX,1,718.56,TAX,2024-12-08T18:59:08,S01,20241208
S01/20241208/00015,10,TENDER,1,6550.20,TENDER,2024-12-08T18:59:08,S01,20241208
S01/20241208/00016,1,P105677,6,109.29,SALE,2024-12-08T17:28:44,S01,20241208
S01/20241208/00016,2,P108032,1,648.04,SALE,2024-12-08T17:28:44,S01,20241208
S01/20241208/00016,3,P100077,2,173.95,SALE,2024-12-08T17:28:44,S01,20241208
S01/20241208/00016,4,P104517,4,1474.90,SALE,2024-12-08T17:28:44,S01,20241208
S01/20241208/00016,5,P102060,3,165.83,SALE,2024-12-08T17:28:44,S01,20241208
S01/20241208/00016,6,TAX,1,213.19,TAX,2024-12-08T17:28:44,S01,20241208
S01/20241208/00016,7,TENDER,1,8261.96,TENDER,2024-12-08T17:28:44,S01,20241208
S01/20241208/00017,1,P102954,2,129.98,SALE,2024-12-08T13:18:58,S01,20241208
S01/20241208/00017,2,P106773,3,397.71,SALE,2024-12-08T13:18:58,S01,20241208
S01/20241208/00017,3,P108335,3,187.61,SALE,2024-12-08T13:18:58,S01,20241208
S01/20241208/00017,4,P107502,1,311.85,SALE,2024-12-08T13:18:58,S01,20241208
S01/20241208/00017,5,P104579,2,67.48,SALE,2024-12-08T13:18:58,S01,20241208
S01/20241208/00017,6,P101842,1,227.96,SALE,2024-12-08T13:18:58,S01,20241208
S01/20241208/00017,7,P103591,1,102.70,SALE,2024-12-08T13:18:58,S01,20241208
S01/20241208/00017,8,P100348,1,527.90,SALE,2024-12-08T13:18:58,S01,20241208
S01/20241208/00017,9,P101117,4,208.14,SALE,2024-12-08T13:18:58,S01,20241208
S01/20241208/00017,10,TAX,1,358.37,TAX,2024-12-08T13:18:58,S01,20241208
S01/20241208/00017,11,TENDER,1,4512.22,TENDER,2024-12-08T13:18:58,S01,20241208
S01/20241208/00018,1,P104226,1,303.01,SALE,2024-12-08T08:07:48,S01,20241208
S01/20241208/00018,2,P103328,2,228.35,SALE,2024-12-08T08:07:48,S01,20241208
S01/20241208/00018,3,P106115,1,128.36,SALE,2024-12-08T08:07:48,S01,20241208
S01/20241208/00018,4,P102023,1,425.67,SALE,2024-12-08T08:07:48,S01,20241208
S01/20241208/00018,5,TAX,1,156.39,TAX,2024-12-08T08:07:48,S01,20241208
S01/20241208/00018,6,TENDER,1,1470.13,TENDER,2024-12-08T08:07:48,S01,20241208
S01/20241208/00019,1,P105139,2,119.64,SALE,2024-12-08T11:44:23,S01,20241208
S01/20241208/00019,2,P104236,2,289.43,SALE,2024-12-08T11:44:23,S01,20241208
S01/20241208/00019,3,P102674,4,515.88,SALE,2024-12-08T11:44:23,S01,20241208
S01/20241208/00019,4,P100354,4,182.63,SALE,2024-12-08T11:44:23,S01,20241208
S01/20241208/00019,5,P106620,3,273.19,SALE,2024-12-08T11:44:23,S01,20241208
S01/20241208/00019,6,TAX,1,690.35,TAX,2024-12-08T11:44:23,S01,20241208
S01/20241208/00019,7,TENDER,1,5122.10,TENDER,2024-12-08T11:44:23,S01,20241208
S01/20241208/00020,1,P101374,2,55.98,SALE,2024-12-08T09:56:18,S01,20241208
S01/20241208/00020,2,P100974,1,41.35,SALE,2024-12-08T09:56:18,S01,20241208
S01/20241208/00020,3,P103719,3,957.52,SALE,2024-12-08T09:56:18,S01,20241208
S01/20241208/00020,4,P105230,1,123.72,SALE,2024-12-08T09:56:18,S01,20241208
S01/20241208/00020,5,P102581,2,185.56,SALE,2024-12-08T09:56:18,S01,20241208
S01/20241208/00020,6,P108186,2,324.50,SALE,2024-12-08T09:56:18,S01,20241208
S01/20241208/00020,7,P105908,2,698.64,SALE,2024-12-08T09:56:18,S01,20241208
S01/20241208/00020,8,P102664,1,261.47,SALE,2024-12-08T09:56:18,S01,20241208
S01/20241208/00020,9,P104637,4,353.99,SALE,2024-12-08T09:56:18,S01,20241208
S01/20241208/00020,10,P108131,3,627.37,SALE,2024-12-08T09:56:18,S01,20241208
S01/20241208/00020,11,P100150,2,280.80,SALE,2024-12-08T09:56:18,S01,20241208
S01/20241208/00020,12,P107549,1,47.87,SALE,2024-12-08T09:56:18,S01,20241208
S01/20241208/00020,13,P103243,3,231.63,SALE,2024-12-08T09:56:18,S01,20241208
S01/20241208/00020,14,P100326,1,47.79,SALE,2024-12-08T09:56:18,S01,20241208
S01/20241208/00020,15,TAX,1,939.20,TAX,2024-12-08T09:56:18,S01,20241208
S01/20241208/00020,16,TENDER,1,11417.88,TENDER,2024-12-08T09:56:18,S01,20241208
S01/20241208/00021,1,P100722,2,330.17,SALE,2024-12-08T18:22:37,S01,20241208
S01/20241208/00021,2,P104058,3,372.63,SALE,2024-12-08T18:22:37,S01,20241208
S01/20241208/00021,3,P106501,2,164.07,SALE,2024-12-08T18:22:37,S01,20241208
S01/20241208/00021,4,P103563,2,26.76,SALE,2024-12-08T18:22:37,S01,20241208
S01/20241208/00021,5,P108319,2,262.79,SALE,2024-12-08T18:22:37,S01,20241208
S01/20241208/00021,6,P103340,3,537.50,SALE,2024-12-08T18:22:37,S01,20241208
S01/20241208/00021,7,P107253,3,249.41,SALE,2024-12-08T18:22:37,S01,20241208
S01/20241208/00021,8,P104965,1,88.50,SALE,2024-12-08T18:22:37,S01,20241208
S01/20241208/00021,9,TAX,1,590.87,TAX,2024-12-08T18:22:37,S01,20241208
S01/20241208/00021,10,TENDER,1,5725.57,TENDER,2024-12-08T18:22:37,S01,20241208
S01/20241208/00022,1,P103577,1,100.44,SALE,2024-12-08T15:46:00,S01,20241208
S01/20241208/00022,2,P105713,2,345.36,SALE,2024-12-08T15:46:00,S01,20241208
S01/20241208/00022,3,P105057,3,294.62,SALE,2024-12-08T15:46:00,S01,20241208
S01/20241208/00022,4,TAX,1,205.68,TAX,2024-12-08T15:46:00,S01,20241208
S01/20241208/00022,5,TENDER,1,1880.70,TENDER,2024-12-08T15:46:00,S01,20241208
S01/20241208/00023,1,P104789,1,67.52,SALE,2024-12-08T09:19:35,S01,20241208
S01/20241208/00023,2,P104270,1,1153.64,SALE,2024-12-08T09:19:35,S01,20241208
S01/20241208/00023,3,P107542,1,162.57,SALE,2024-12-08T09:19:35,S01,20241208
S01/20241208/00023,4,P105707,3,130.64,SALE,2024-12-08T09:19:35,S01,20241208
S01/20241208/00023,5,P100456,2,982.47,SALE,2024-12-08T09:19:35,S01,20241208
S01/20241208/00023,6,TAX,1,202.96,TAX,2024-12-08T09:19:35,S01,20241208
S01/20241208/00023,7,TENDER,1,3943.55,TENDER,2024-12-08T09:19:35,S01,20241208
S01/20241208/00024,1,P100268,1,197.00,SALE,2024-12-08T11:08:29,S01,20241208
S01/20241208/00024,2,DISC,1,-13.43,DISCOUNT,2024-12-08T11:08:29,S01,20241208
S01/20241208/00024,3,TAX,1,9.18,TAX,2024-12-08T11:08:29,S01,20241208
S01/20241208/00024,4,TENDER,1,192.75,TENDER,2024-12-08T11:08:29,S01,20241208
S01/20241208/00025,1,P103517,2,163.29,SALE,2024-12-08T22:17:59,S01,20241208
S01/20241208/00025,2,P102342,2,107.02,SALE,2024-12-08T22:17:59,S01,20241208
S01/20241208/00025,3,P106254,2,1282.79,SALE,2024-12-08T22:17:59,S01,20241208
S01/20241208/00025,4,P103299,2,238.05,SALE,2024-12-08T22:17:59,S01,20241208
S01/20241208/00025,5,TAX,1,111.38,TAX,2024-12-08T22:17:59,S01,20241208
S01/20241208/00025,6,TENDER,1,3693.68,TENDER,2024-12-08T22:17:59,S01,20241208
S01/20241208/00026,1,P101933,3,1344.63,SALE,2024-12-08T18:35:27,S01,20241208
S01/20241208/00026,2,P107920,1,109.22,SALE,2024-12-08T18:35:27,S01,20241208
S01/20241208/00026,3,P107859,2,136.84,SALE,2024-12-08T18:35:27,S01,20241208
S01/20241208/00026,4,P101894,3,668.48,SALE,2024-12-08T18:35:27,S01,20241208
S01/20241208/00026,5,P102718,5,327.60,SALE,2024-12-08T18:35:27,S01,20241208
S01/20241208/00026,6,P104308,2,53.24,SALE,2024-12-08T18:35:27,S01,20241208
S01/20241208/00026,7,P108026,1,103.54,SALE,2024-12-08T18:35:27,S01,20241208
S01/20241208/00026,8,P102045,4,21.89,SALE,2024-12-08T18:35:27,S01,20241208
S01/20241208/00026,9,TAX,1,1106.47,TAX,2024-12-08T18:35:27,S01,20241208
S01/20241208/00026,10,TENDER,1,9464.28,TENDER,2024-12-08T18:35:27,S01,20241208
S01/20241208/00027,1,P108262,3,592.59,SALE,2024-12-08T17:18:30,S01,20241208
S01/20241208/00027,2,P104427,3,506.64,SALE,2024-12-08T17:18:30,S01,20241208
S01/20241208/00027,3,P103155,2,270.20,SALE,2024-12-08T17:18:30,S01,20241208
S01/20241208/00027,4,P101225,4,452.38,SALE,2024-12-08T17:18:30,S01,20241208
S01/20241208/00027,5,TAX,1,908.00,TAX,2024-12-08T17:18:30,S01,20241208
S01/20241208/00027,6,TENDER,1,6555.61,TENDER,2024-12-08T17:18:30,S01,20241208
S01/20241208/00028,1,P102993,2,318.19,SALE,2024-12-08T14:31:39,S01,20241208
S01/20241208/00028,2,P103294,2,69.64,SALE,2024-12-08T14:31:39,S01,20241208
S01/20241208/00028,3,TAX,1,38.78,TAX,2024-12-08T14:31:39,S01,20241208
S01/20241208/00028,4,TENDER,1,814.44,TENDER,2024-12-08T14:31:39,S01,20241208
S01/20241208/00029,1,P107662,-1,330.01,RETURN,2024-12-08T21:03:34,S01,20241208
S01/20241208/00029,2,P104950,-2,91.01,RETURN,2024-12-08T21:03:34,S01,20241208
S01/20241208/00029,3,P107126,-2,68.67,RETURN,2024-12-08T21:03:34,S01,20241208
S01/20241208/00029,4,P101283,-2,263.48,RETURN,2024-12-08T21:03:34,S01,20241208
S01/20241208/00029,5,P105092,-3,57.00,RETURN,2024-12-08T21:03:34,S01,20241208
S01/20241208/00029,6,P101702,-2,491.39,RETURN,2024-12-08T21:03:34,S01,20241208
S01/20241208/00029,7,P105827,-3,124.38,RETURN,2024-12-08T21:03:34,S01,20241208
S01/20241208/00029,8,TAX,1,-429.84,TAX,2024-12-08T21:03:34,S01,20241208
S01/20241208/00029,9,TENDER,1,-3133.09,TENDER,2024-12-08T21:03:34,S01,20241208
S01/20241208/00030,1,P104676,2,87.52,SALE,2024-12-08T19:07:00,S01,20241208
S01/20241208/00030,2,P103068,3,153.43,SALE,2024-12-08T19:07:00,S01,20241208
S01/20241208/00030,3,P101751,1,477.38,SALE,2024-12-08T19:07:00,S01,20241208
S01/20241208/00030,4,TAX,1,140.45,TAX,2024-12-08T19:07:00,S01,20241208
S01/20241208/00030,5,TENDER,1,1253.16,TENDER,2024-12-08T19:07:00,S01,20241208
S01/20241208/00031,1,P100210,5,1073.90,SALE,2024-12-08T15:27:11,S01,20241208
S01/20241208/00031,2,P101500,2,330.53,SALE,2024-12-08T15:27:11,S01,20241208
S01/20241208/00031,3,P101122,3,69.38,SALE,2024-12-08T15:27:11,S01,20241208
S01/20241208/00031,4,P104842,2,352.80,SALE,2024-12-08T15:27:11,S01,20241208
S01/20241208/00031,5,P104544,2,104.46,SALE,2024-12-08T15:27:11,S01,20241208
S01/20241208/00031,6,TAX,1,776.92,TAX,2024-12-08T15:27:11,S01,20241208
S01/20241208/00031,7,TENDER,1,7930.14,TENDER,2024-12-08T15:27:11,S01,20241208
S01/20241208/00032,1,P102755,1,75.17,SALE,2024-12-08T15:08:46,S01,20241208
S01/20241208/00032,2,P101156,2,95.07,SALE,2024-12-08T15:08:46,S01,20241208
S01/20241208/00032,3,P101127,2,51.94,SALE,2024-12-08T15:08:46,S01,20241208
S01/20241208/00032,4,P108017,3,105.98,SALE,2024-12-08T15:08:46,S01,20241208
S01/20241208/00032,5,P106686,4,324.48,SALE,2024-12-08T15:08:46,S01,20241208
S01/20241208/00032,6,P102598,1,133.17,SALE,2024-12-08T15:08:46,S01,20241208
S01/20241208/00032,7,P105997,3,124.60,SALE,2024-12-08T15:08:46,S01,20241208
S01/20241208/00032,8,TAX,1,96.85,TAX,2024-12-08T15:08:46,S01,20241208
S01/20241208/00032,9,TENDER,1,2588.87,TENDER,2024-12-08T15:08:46,S01,20241208
S01/20241208/00033,1,P103465,3,32.05,SALE,2024-12-08T15:48:05,S01,20241208
S01/20241208/00033,2,P104789,4,67.52,SALE,2024-12-08T15:48:05,S01,20241208
S01/20241208/00033,3,P107589,2,257.75,SALE,2024-12-08T15:48:05,S01,20241208
S01/20241208/00033,4,P100810,1,200.65,SALE,2024-12-08T15:48:05,S01,20241208
S01/20241208/00033,5,TAX,1,120.13,TAX,2024-12-08T15:48:05,S01,20241208
S01/20241208/00033,6,TENDER,1,1202.51,TENDER,2024-12-08T15:48:05,S01,20241208
S01/20241208/00034,1,P106277,1,416.62,SALE,2024-12-08T18:44:26,S01,20241208
S01/20241208/00034,2,P105176,2,509.66,SALE,2024-12-08T18:44:26,S01,20241208
S01/20241208/00034,3,P103262,3,54.76,SALE,2024-12-08T18:44:26,S01,20241208
S01/20241208/00034,4,P105747,2,287.56,SALE,2024-12-08T18:44:26,S01,20241208
S01/20241208/00034,5,P107815,3,106.85,SALE,2024-12-08T18:44:26,S01,20241208
S01/20241208/00034,6,P101859,1,66.16,SALE,2024-12-08T18:44:26,S01,20241208
S01/20241208/00034,7,TAX,1,362.45,TAX,2024-12-08T18:44:26,S01,20241208
S01/20241208/00034,8,TENDER,1,2924.50,TENDER,2024-12-08T18:44:26,S01,20241208
S01/20241208/00035,1,P105030,2,224.07,SALE,2024-12-08T20:24:11,S01,20241208
S01/20241208/00035,2,P107686,4,347.22,SALE,2024-12-08T20:24:11,S01,20241208
S01/20241208/00035,3,P107119,2,18.29,SALE,2024-12-08T20:24:11,S01,20241208
S01/20241208/00035,4,P102569,2,116.37,SALE,2024-12-08T20:24:11,S01,20241208
S01/20241208/00035,5,TAX,1,365.18,TAX,2024-12-08T20:24:11,S01,20241208
S01/20241208/00035,6,TENDER,1,2471.52,TENDER,2024-12-08T20:24:11,S01,20241208
S01/20241208/00036,1,P107630,1,309.72,SALE,2024-12-08T18:29:49,S01,20241208
S01/20241208/00036,2,P102480,3,198.67,SALE,2024-12-08T18:29:49,S01,20241208
S01/20241208/00036,3,P107946,1,313.77,SALE,2024-12-08T18:29:49,S01,20241208
S01/20241208/00036,4,TAX,1,85.55,TAX,2024-12-08T18:29:49,S01,20241208
S01/20241208/00036,5,TENDER,1,1305.05,TENDER,2024-12-08T18:29:49,S01,20241208
S01/20241208/00037,1,P103950,2,1283.54,SALE,2024-12-08T19:17:40,S01,20241208
S01/20241208/00037,2,P102993,2,318.19,SALE,2024-12-08T19:17:40,S01,20241208
S01/20241208/00037,3,TAX,1,160.17,TAX,2024-12-08T19:17:40,S01,20241208
S01/20241208/00037,4,TENDER,1,3363.63,TENDER,2024-12-08T19:17:40,S01,20241208
S01/20241208/00038,1,P101359,4,49.69,SALE,2024-12-08T09:25:51,S01,20241208
S01/20241208/00038,2,P105136,4,158.61,SALE,2024-12-08T09:25:51,S01,20241208
S01/20241208/00038,3,P104372,2,105.38,SALE,2024-12-08T09:25:51,S01,20241208
S01/20241208/00038,4,P106648,1,339.01,SALE,2024-12-08T09:25:51,S01,20241208
S01/20241208/00038,5,DISC,1,-122.34,DISCOUNT,2024-12-08T09:25:51,S01,20241208
S01/20241208/00038,6,TAX,1,57.67,TAX,2024-12-08T09:25:51,S01,20241208
S01/20241208/00038,7,TENDER,1,1318.30,TENDER,2024-12-08T09:25:51,S01,20241208
S01/20241208/00039,1,P103168,-1,980.21,RETURN,2024-12-08T12:34:29,S01,20241208
S01/20241208/00039,2,P106793,-2,303.65,RETURN,2024-12-08T12:34:29,S01,20241208
S01/20241208/00039,3,P108247,-2,252.59,RETURN,2024-12-08T12:34:29,S01,20241208
S01/20241208/00039,4,P105677,-1,109.29,RETURN,2024-12-08T12:34:29,S01,20241208
S01/20241208/00039,5,P106072,-3,78.69,RETURN,2024-12-08T12:34:29,S01,20241208
S01/20241208/00039,6,P100044,-2,737.05,RETURN,2024-12-08T12:34:29,S01,20241208
S01/20241208/00039,7,TAX,1,-463.82,TAX,2024-12-08T12:34:29,S01,20241208
S01/20241208/00039,8,TENDER,1,-4375.97,TENDER,2024-12-08T12:34:29,S01,20241208
S01/20241208/00040,1,P104725,3,551.38,SALE,2024-12-08T14:03:12,S01,20241208
S01/20241208/00040,2,P102609,2,183.47,SALE,2024-12-08T14:03:12,S01,20241208
S01/20241208/00040,3,P104097,3,330.82,SALE,2024-12-08T14:03:12,S01,20241208
S01/20241208/00040,4,P103794,3,785.54,SALE,2024-12-08T14:03:12,S01,20241208
S01/20241208/00040,5,P105747,3,287.56,SALE,2024-12-08T14:03:12,S01,20241208
S01/20241208/00040,6,TAX,1,733.99,TAX,2024-12-08T14:03:12,S01,20241208
S01/20241208/00040,7,TENDER,1,6966.83,TENDER,2024-12-08T14:03:12,S01,20241208
S01/20241208/00041,1,P104800,1,692.51,SALE,2024-12-08T17:48:08,S01,20241208
S01/20241208/00041,2,P101152,1,490.05,SALE,2024-12-08T17:48:08,S01,20241208
S01/20241208/00041,3,P102772,5,151.97,SALE,2024-12-08T17:48:08,S01,20241208
S01/20241208/00041,4,P100276,2,965.56,SALE,2024-12-08T17:48:08,S01,20241208
S01/20241208/00041,5,P107354,2,227.60,SALE,2024-12-08T17:48:08,S01,20241208
S01/20241208/00041,6,P106059,1,313.87,SALE,2024-12-08T17:48:08,S01,20241208
S01/20241208/00041,7,TAX,1,416.98,TAX,2024-12-08T17:48:08,S01,20241208
S01/20241208/00041,8,TENDER,1,5059.58,TENDER,2024-12-08T17:48:08,S01,20241208
S01/20241208/00042,1,P102404,2,370.32,SALE,2024-12-08T16:43:18,S01,20241208
S01/20241208/00042,2,P105765,3,529.25,SALE,2024-12-08T16:43:18,S01,20241208
S01/20241208/00042,3,P101949,2,857.51,SALE,2024-12-08T16:43:18,S01,20241208
S01/20241208/00042,4,P106900,2,179.85,SALE,2024-12-08T16:43:18,S01,20241208
S01/20241208/00042,5,P101164,3,401.86,SALE,2024-12-08T16:43:18,S01,20241208
S01/20241208/00042,6,P104658,2,75.90,SALE,2024-12-08T16:43:18,S01,20241208
S01/20241208/00042,7,P101543,2,178.10,SALE,2024-12-08T16:43:18,S01,20241208
S01/20241208/00042,8,TAX,1,678.24,TAX,2024-12-08T16:43:18,S01,20241208
S01/20241208/00042,9,TENDER,1,6794.93,TENDER,2024-12-08T16:43:18,S01,20241208
S01/20241208/00043,1,P101500,4,330.53,SALE,2024-12-08T15:07:10,S01,20241208
S01/20241208/00043,2,P104980,2,92.75,SALE,2024-12-08T15:07:10,S01,20241208
S01/20241208/00043,3,P102718,3,356.09,SALE,2024-12-08T15:07:10,S01,20241208
S01/20241208/00043,4,P104242,2,308.27,SALE,2024-12-08T15:07:10,S01,20241208
S01/20241208/00043,5,P105729,2,75.27,SALE,2024-12-08T15:07:10,S01,20241208
S01/20241208/00043,6,P101327,1,233.22,SALE,2024-12-08T15:07:10,S01,20241208
S01/20241208/00043,7,DISC,1,-309.39,DISCOUNT,2024-12-08T15:07:10,S01,20241208
S01/20241208/00043,8,TAX,1,314.81,TAX,2024-12-08T15:07:10,S01,20241208
S01/20241208/00043,9,TENDER,1,3581.61,TENDER,2024-12-08T15:07:10,S01,20241208
S01/20241208/00044,1,P100999,1,171.06,SALE,2024-12-08T19:29:47,S01,20241208
S01/20241208/00044,2,P101751,2,477.38,SALE,2024-12-08T19:29:47,S01,20241208
S01/20241208/00044,3,TAX,1,171.86,TAX,2024-12-08T19:29:47,S01,20241208
S01/20241208/00044,4,TENDER,1,1297.68,TENDER,2024-12-08T19:29:47,S01,20241208
S01/20241208/00045,1,P104558,3,440.08,SALE,2024-12-08T14:09:45,S01,20241208
S01/20241208/00045,2,P105729,3,75.27,SALE,2024-12-08T14:09:45,S01,20241208
S01/20241208/00045,3,P106323,2,218.99,SALE,2024-12-08T14:09:45,S01,20241208
S01/20241208/00045,4,P107715,1,241.95,SALE,2024-12-08T14:09:45,S01,20241208
S01/20241208/00045,5,TAX,1,264.52,TAX,2024-12-08T14:09:45,S01,20241208
S01/20241208/00045,6,TENDER,1,2490.50,TENDER,2024-12-08T14:09:45,S01,20241208
S01/20241208/00046,1,P105614,1,652.27,SALE,2024-12-08T18:22:19,S01,20241208
S01/20241208/00046,2,P107072,2,75.15,SALE,2024-12-08T18:22:19,S01,20241208
S01/20241208/00046,3,P102286,3,281.91,SALE,2024-12-08T18:22:19,S01,20241208
S01/20241208/00046,4,P104992,4,979.87,SALE,2024-12-08T18:22:19,S01,20241208
S01/20241208/00046,5,P104733,2,709.78,SALE,2024-12-08T18:22:19,S01,20241208
S01/20241208/00046,6,TAX,1,525.16,TAX,2024-12-08T18:22:19,S01,20241208
S01/20241208/00046,7,TENDER,1,7512.50,TENDER,2024-12-08T18:22:19,S01,20241208
S01/20241208/00047,1,P107799,1,751.07,SALE,2024-12-08T15:17:45,S01,20241208
S01/20241208/00047,2,P106336,1,452.43,SALE,2024-12-08T15:17:45,S01,20241208
S01/20241208/00047,3,P105507,1,22.07,SALE,2024-12-08T15:17:45,S01,20241208
S01/20241208/00047,4,P101389,1,430.39,SALE,2024-12-08T15:17:45,S01,20241208
S01/20241208/00047,5,P107973,1,271.93,SALE,2024-12-08T15:17:45,S01,20241208
S01/20241208/00047,6,P106927,3,156.05,SALE,2024-12-08T15:17:45,S01,20241208
S01/20241208/00047,7,P107740,2,1366.88,SALE,2024-12-08T15:17:45,S01,20241208
S01/20241208/00047,8,P101762,5,528.36,SALE,2024-12-08T15:17:45,S01,20241208
S01/20241208/00047,9,TAX,1,878.53,TAX,2024-12-08T15:17:45,S01,20241208
S01/20241208/00047,10,TENDER,1,8650.13,TENDER,2024-12-08T15:17:45,S01,20241208
S01/20241208/00048,1,P101669,2,56.49,SALE,2024-12-08T19:31:05,S01,20241208
S01/20241208/00048,2,P101702,3,491.39,SALE,2024-12-08T19:31:05,S01,20241208
S01/20241208/00048,3,P107477,4,116.48,SALE,2024-12-08T19:31:05,S01,20241208
S01/20241208/00048,4,P100604,1,167.40,SALE,2024-12-08T19:31:05,S01,20241208
S01/20241208/00048,5,P104774,2,81.81,SALE,2024-12-08T19:31:05,S01,20241208
S01/20241208/00048,6,P108060,3,217.09,SALE,2024-12-08T19:31:05,S01,20241208
S01/20241208/00048,7,P100287,1,240.45,SALE,2024-12-08T19:31:05,S01,20241208
S01/20241208/00048,8,P100693,2,107.22,SALE,2024-12-08T19:31:05,S01,20241208
S01/20241208/00048,9,P103259,2,298.27,SALE,2024-12-08T19:31:05,S01,20241208
S01/20241208/00048,10,P105294,1,143.55,SALE,2024-12-08T19:31:05,S01,20241208
S01/20241208/00048,11,P103309,2,59.95,SALE,2024-12-08T19:31:05,S01,20241208
S01/20241208/00048,12,TAX,1,518.99,TAX,2024-12-08T19:31:05,S01,20241208
S01/20241208/00048,13,TENDER,1,4869.23,TENDER,2024-12-08T19:31:05,S01,20241208
S01/20241208/00049,1,P105838,1,594.50,SALE,2024-12-08T17:38:08,S01,20241208
S01/20241208/00049,2,P102845,5,261.08,SALE,2024-12-08T17:38:08,S01,20241208
S01/20241208/00049,3,TAX,1,65.27,TAX,2024-12-08T17:38:08,S01,20241208
S01/20241208/00049,4,TENDER,1,1965.17,TENDER,2024-12-08T17:38:08,S01,20241208
S01/20241208/00050,1,P104048,4,193.57,SALE,2024-12-08T17:12:30,S01,20241208
S01/20241208/00050,2,P100019,4,74.65,SALE,2024-12-08T17:12:30,S01,20241208
S01/20241208/00050,3,P101925,2,186.54,SALE,2024-12-08T17:12:30,S01,20241208
S01/20241208/00050,4,P102122,4,138.84,SALE,2024-12-08T17:12:30,S01,20241208
S01/20241208/00050,5,TAX,1,313.78,TAX,2024-12-08T17:12:30,S01,20241208
S01/20241208/00050,6,TENDER,1,2315.10,TENDER,2024-12-08T17:12:30,S01,20241208
S01/20241208/00051,1,P107914,1,244.98,SALE,2024-12-08T16:35:56,S01,20241208
S01/20241208/00051,2,P102566,2,414.37,SALE,2024-12-08T16:35:56,S01,20241208
S01/20241208/00051,3,P101955,3,364.45,SALE,2024-12-08T16:35:56,S01,20241208
S01/20241208/00051,4,P100499,3,258.12,SALE,2024-12-08T16:35:56,S01,20241208
S01/20241208/00051,5,TAX,1,375.26,TAX,2024-12-08T16:35:56,S01,20241208
S01/20241208/00051,6,TENDER,1,3316.69,TENDER,2024-12-08T16:35:56,S01,20241208
S01/20241208/00052,1,P105155,3,350.84,SALE,2024-12-08T14:08:32,S01,20241208
S01/20241208/00052,2,P107253,2,249.41,SALE,2024-12-08T14:08:32,S01,20241208
S01/20241208/00052,3,P106534,3,96.00,SALE,2024-12-08T14:08:32,S01,20241208
S01/20241208/00052,4,P101747,1,245.75,SALE,2024-12-08T14:08:32,S01,20241208
S01/20241208/00052,5,P102409,2,326.59,SALE,2024-12-08T14:08:32,S01,20241208
S01/20241208/00052,6,TAX,1,234.33,TAX,2024-12-08T14:08:32,S01,20241208
S01/20241208/00052,7,TENDER,1,2972.60,TENDER,2024-12-08T14:08:32,S01,20241208
S01/20241208/00053,1,P107078,1,98.82,SALE,2024-12-08T22:43:48,S01,20241208
S01/20241208/00053,2,P104700,2,1425.82,SALE,2024-12-08T22:43:48,S01,20241208
S01/20241208/00053,3,P107914,1,244.98,SALE,2024-12-08T22:43:48,S01,20241208
S01/20241208/00053,4,P107952,2,1964.70,SALE,2024-12-08T22:43:48,S01,20241208
S01/20241208/00053,5,DISC,1,-788.74,DISCOUNT,2024-12-08T22:43:48,S01,20241208
S01/20241208/00053,6,TAX,1,39.21,TAX,2024-12-08T22:43:48,S01,20241208
S01/20241208/00053,7,TENDER,1,6375.31,TENDER,2024-12-08T22:43:48,S01,20241208
S01/20241208/00054,1,P104676,1,87.52,SALE,2024-12-08T20:15:47,S01,20241208
S01/20241208/00054,2,P100033,1,828.62,SALE,2024-12-08T20:15:47,S01,20241208
S01/20241208/00054,3,P106288,1,48.38,SALE,2024-12-08T20:15:47,S01,20241208
S01/20241208/00054,4,P103465,3,32.05,SALE,2024-12-08T20:15:47,S01,20241208
S01/20241208/00054,5,P108101,1,1603.81,SALE,2024-12-08T20:15:47,S01,20241208
S01/20241208/00054,6,P100281,1,485.13,SALE,2024-12-08T20:15:47,S01,20241208
S01/20241208/00054,7,TAX,1,293.62,TAX,2024-12-08T20:15:47,S01,20241208
S01/20241208/00054,8,TENDER,1,3443.23,TENDER,2024-12-08T20:15:47,S01,20241208
S01/20241208/00055,1,P106984,1,28.34,SALE,2024-12-08T13:29:12,S01,20241208
S01/20241208/00055,2,P105288,2,271.73,SALE,2024-12-08T13:29:12,S01,20241208
S01/20241208/00055,3,P105351,1,109.14,SALE,2024-12-08T13:29:12,S01,20241208
S01/20241208/00055,4,TAX,1,21.06,TAX,2024-12-08T13:29:12,S01,20241208
S01/20241208/00055,5,TENDER,1,702.00,TENDER,2024-12-08T13:29:12,S01,20241208
S01/20241208/00056,1,P102091,1,87.97,SALE,2024-12-08T14:48:32,S01,20241208
S01/20241208/00056,2,P101660,1,193.14,SALE,2024-12-08T14:48:32,S01,20241208
S01/20241208/00056,3,P106443,4,52.87,SALE,2024-12-08T14:48:32,S01,20241208
S01/20241208/00056,4,P102714,1,86.80,SALE,2024-12-08T14:48:32,S01,20241208
S01/20241208/00056,5,TAX,1,30.65,TAX,2024-12-08T14:48:32,S01,20241208
S01/20241208/00056,6,TENDER,1,610.04,TENDER,2024-12-08T14:48:32,S01,20241208
S01/20241208/00057,1,P104064,1,326.15,SALE,2024-12-08T16:17:21,S01,20241208
S01/20241208/00057,2,P106434,4,178.02,SALE,2024-12-08T16:17:21,S01,20241208
S01/20241208/00057,3,TAX,1,124.59,TAX,2024-12-08T16:17:21,S01,20241208
S01/20241208/00057,4,TENDER,1,1162.82,TENDER,2024-12-08T16:17:21,S01,20241208
S01/20241208/00058,1,P105106,2,104.56,SALE,2024-12-08T12:41:44,S01,20241208
S01/20241208/00058,2,P108335,4,187.61,SALE,2024-12-08T12:41:44,S01,20241208
S01/20241208/00058,3,P104285,1,683.70,SALE,2024-12-08T12:41:44,S01,20241208
S01/20241208/00058,4,TAX,1,71.83,TAX,2024-12-08T12:41:44,S01,20241208
S01/20241208/00058,5,TENDER,1,1715.09,TENDER,2024-12-08T12:41:44,S01,20241208
S01/20241208/00059,1,P101911,4,1431.80,SALE,2024-12-08T22:48:25,S01,20241208
S01/20241208/00059,2,P104784,3,370.89,SALE,2024-12-08T22:48:25,S01,20241208
S01/20241208/00059,3,P106907,1,321.26,SALE,2024-12-08T22:48:25,S01,20241208
S01/20241208/00059,4,P106773,2,397.71,SALE,2024-12-08T22:48:25,S01,20241208
S01/20241208/00059,5,P106072,4,78.69,SALE,2024-12-08T22:48:25,S01,20241208
S01/20241208/00059,6,P105418,2,257.82,SALE,2024-12-08T22:48:25,S01,20241208
S01/20241208/00059,7,P102000,2,82.98,SALE,2024-12-08T22:48:25,S01,20241208
S01/20241208/00059,8,TAX,1,437.16,TAX,2024-12-08T22:48:25,S01,20241208
S01/20241208/00059,9,TENDER,1,9390.07,TENDER,2024-12-08T22:48:25,S01,20241208
S01/20241208/00060,1,P105230,2,123.72,SALE,2024-12-08T10:40:51,S01,20241208
S01/20241208/00060,2,P101697,3,102.34,SALE,2024-12-08T10:40:51,S01,20241208
S01/20241208/00060,3,P105720,1,69.64,SALE,2024-12-08T10:40:51,S01,20241208
S01/20241208/00060,4,P107292,3,372.98,SALE,2024-12-08T10:40:51,S01,20241208
S01/20241208/00060,5,P107630,1,309.72,SALE,2024-12-08T10:40:51,S01,20241208
S01/20241208/00060,6,P103262,2,54.76,SALE,2024-12-08T10:40:51,S01,20241208
S01/20241208/00060,7,P100767,2,277.22,SALE,2024-12-08T10:40:51,S01,20241208
S01/20241208/00060,8,TAX,1,291.72,TAX,2024-12-08T10:40:51,S01,20241208
S01/20241208/00060,9,TENDER,1,3008.44,TENDER,2024-12-08T10:40:51,S01,20241208
S01/20241208/00061,1,P106773,1,397.71,SALE,2024-12-08T17:30:15,S01,20241208
S01/20241208/00061,2,P104202,1,166.10,SALE,2024-12-08T17:30:15,S01,20241208
S01/20241208/00061,3,P105219,1,763.15,SALE,2024-12-08T17:30:15,S01,20241208
S01/20241208/00061,4,P102471,3,151.71,SALE,2024-12-08T17:30:15,S01,20241208
S01/20241208/00061,5,TAX,1,290.88,TAX,2024-12-08T17:30:15,S01,20241208
S01/20241208/00061,6,TENDER,1,2072.97,TENDER,2024-12-08T17:30:15,S01,20241208
S01/20241208/00062,1,P101842,3,227.96,SALE,2024-12-08T11:13:26,S01,20241208
S01/20241208/00062,2,P104242,1,308.27,SALE,2024-12-08T11:13:26,S01,20241208
S01/20241208/00062,3,P100362,2,282.80,SALE,2024-12-08T11:13:26,S01,20241208
S01/20241208/00062,4,P103792,2,25.06,SALE,2024-12-08T11:13:26,S01,20241208
S01/20241208/00062,5,P102480,2,198.67,SALE,2024-12-08T11:13:26,S01,20241208
S01/20241208/00062,6,TAX,1,93.56,TAX,2024-12-08T11:13:26,S01,20241208
S01/20241208/00062,7,TENDER,1,2098.77,TENDER,2024-12-08T11:13:26,S01,20241208
S01/20241208/00063,1,P107681,3,193.13,SALE,2024-12-08T13:16:03,S01,20241208
S01/20241208/00063,2,P105633,3,46.25,SALE,2024-12-08T13:16:03,S01,20241208
S01/20241208/00063,3,P104688,5,178.09,SALE,2024-12-08T13:16:03,S01,20241208
S01/20241208/00063,4,P104328,1,64.22,SALE,2024-12-08T13:16:03,S01,20241208
S01/20241208/00063,5,P105176,4,509.66,SALE,2024-12-08T13:16:03,S01,20241208
S01/20241208/00063,6,P104123,3,432.72,SALE,2024-12-08T13:16:03,S01,20241208
S01/20241208/00063,7,P105062,2,14.84,SALE,2024-12-08T13:16:03,S01,20241208
S01/20241208/00063,8,TAX,1,687.04,TAX,2024-12-08T13:16:03,S01,20241208
S01/20241208/00063,9,TENDER,1,5726.33,TENDER,2024-12-08T13:16:03,S01,20241208
S01/20241208/00064,1,P106592,4,815.90,SALE,2024-12-08T15:29:12,S01,20241208
S01/20241208/00064,2,P103760,1,103.67,SALE,2024-12-08T15:29:12,S01,20241208
S01/20241208/00064,3,P103337,1,94.03,SALE,2024-12-08T15:29:12,S01,20241208
S01/20241208/00064,4,P104700,2,1425.82,SALE,2024-12-08T15:29:12,S01,20241208
S01/20241208/00064,5,P107943,3,252.32,SALE,2024-12-08T15:29:12,S01,20241208
S01/20241208/00064,6,TAX,1,322.79,TAX,2024-12-08T15:29:12,S01,20241208
S01/20241208/00064,7,TENDER,1,7392.69,TENDER,2024-12-08T15:29:12,S01,20241208
S01/20241208/00065,1,P105092,2,57.00,SALE,2024-12-08T18:23:05,S01,20241208
S01/20241208/00065,2,P102993,1,318.19,SALE,2024-12-08T18:23:05,S01,20241208
S01/20241208/00065,3,P105855,2,123.28,SALE,2024-12-08T18:23:05,S01,20241208
S01/20241208/00065,4,P104933,2,560.59,SALE,2024-12-08T18:23:05,S01,20241208
S01/20241208/00065,5,P104950,3,91.01,SALE,2024-12-08T18:23:05,S01,20241208
S01/20241208/00065,6,TAX,1,299.72,TAX,2024-12-08T18:23:05,S01,20241208
S01/20241208/00065,7,TENDER,1,2372.68,TENDER,2024-12-08T18:23:05,S01,20241208
S01/20241208/00066,1,P101492,1,113.44,SALE,2024-12-08T17:56:39,S01,20241208
S01/20241208/00066,2,P100276,3,965.56,SALE,2024-12-08T17:56:39,S01,20241208
S01/20241208/00066,3,P102263,1,116.79,SALE,2024-12-08T17:56:39,S01,20241208
S01/20241208/00066,4,P106388,4,1120.55,SALE,2024-12-08T17:56:39,S01,20241208
S01/20241208/00066,5,P107026,1,69.10,SALE,2024-12-08T17:56:39,S01,20241208
S01/20241208/00066,6,TAX,1,191.71,TAX,2024-12-08T17:56:39,S01,20241208
S01/20241208/00066,7,TENDER,1,7869.92,TENDER,2024-12-08T17:56:39,S01,20241208
S01/20241208/00067,1,P105965,1,66.08,SALE,2024-12-08T19:36:05,S01,20241208
S01/20241208/00067,2,P100571,4,134.98,SALE,2024-12-08T19:36:05,S01,20241208
S01/20241208/00067,3,P104593,1,867.34,SALE,2024-12-08T19:36:05,S01,20241208
S01/20241208/00067,4,P103118,1,47.89,SALE,2024-12-08T19:36:05,S01,20241208
S01/20241208/00067,5,P107003,1,1218.85,SALE,2024-12-08T19:36:05,S01,20241208
S01/20241208/00067,6,TAX,1,206.96,TAX,2024-12-08T19:36:05,S01,20241208
S01/20241208/00067,7,TENDER,1,2947.04,TENDER,2024-12-08T19:36:05,S01,20241208
S01/20241208/00068,1,P101018,2,141.83,SALE,2024-12-08T12:49:17,S01,20241208
S01/20241208/00068,2,P107508,3,1577.69,SALE,2024-12-08T12:49:17,S01,20241208
S01/20241208/00068,3,P101481,1,55.03,SALE,2024-12-08T12:49:17,S01,20241208
S01/20241208/00068,4,P104842,3,352.80,SALE,2024-12-08T12:49:17,S01,20241208
S01/20241208/00068,5,P105775,1,104.41,SALE,2024-12-08T12:49:17,S01,20241208
S01/20241208/00068,6,P107996,1,224.54,SALE,2024-12-08T12:49:17,S01,20241208
S01/20241208/00068,7,P105656,3,516.52,SALE,2024-12-08T12:49:17,S01,20241208
S01/20241208/00068,8,TAX,1,708.95,TAX,2024-12-08T12:49:17,S01,20241208
S01/20241208/00068,9,TENDER,1,8717.62,TENDER,2024-12-08T12:49:17,S01,20241208
S01/20241209/00001,1,P107072,1,75.15,SALE,2024-12-09T14:17:57,S01,20241209
S01/20241209/00001,2,P100771,3,820.85,SALE,2024-12-09T14:17:57,S01,20241209
S01/20241209/00001,3,P106703,3,76.83,SALE,2024-12-09T14:17:57,S01,20241209
S01/20241209/00001,4,P100855,5,345.07,SALE,2024-12-09T14:17:57,S01,20241209
S01/20241209/00001,5,P105531,1,502.91,SALE,2024-12-09T14:17:57,S01,20241209
S01/20241209/00001,6,P106984,2,28.34,SALE,2024-12-09T14:17:57,S01,20241209
S01/20241209/00001,7,P105460,2,148.47,SALE,2024-12-09T14:17:57,S01,20241209
S01/20241209/00001,8,TAX,1,734.23,TAX,2024-12-09T14:17:57,S01,20241209
S01/20241209/00001,9,TENDER,1,6084.30,TENDER,2024-12-09T14:17:57,S01,20241209
S01/20241209/00002,1,P102972,3,227.38,SALE,2024-12-09T21:30:04,S01,20241209
S01/20241209/00002,2,P100933,3,276.15,SALE,2024-12-09T21:30:04,S01,20241209
S01/20241209/00002,3,P107859,1,136.84,SALE,2024-12-09T21:30:04,S01,20241209
S01/20241209/00002,4,TAX,1,237.82,TAX,2024-12-09T21:30:04,S01,20241209
S01/20241209/00002,5,TENDER,1,1885.25,TENDER,2024-12-09T21:30:04,S01,20241209
S01/20241209/00003,1,P107667,2,367.93,SALE,2024-12-09T23:42:47,S01,20241209
S01/20241209/00003,2,P103986,5,495.05,SALE,2024-12-09T23:42:47,S01,20241209
S01/20241209/00003,3,P107777,1,222.77,SALE,2024-12-09T23:42:47,S01,20241209
S01/20241209/00003,4,TAX,1,533.85,TAX,2024-12-09T23:42:47,S01,20241209
S01/20241209/00003,5,TENDER,1,3967.73,TENDER,2024-12-09T23:42:47,S01,20241209
S01/20241209/00004,1,P102296,1,48.88,SALE,2024-12-09T12:20:26,S01,20241209
S01/20241209/00004,2,P106336,2,452.43,SALE,2024-12-09T12:20:26,S01,20241209
S01/20241209/00004,3,P106639,1,485.46,SALE,2024-12-09T12:20:26,S01,20241209
S01/20241209/00004,4,P104121,3,131.32,SALE,2024-12-09T12:20:26,S01,20241209
S01/20241209/00004,5,P105384,3,315.25,SALE,2024-12-09T12:20:26,S01,20241209
S01/20241209/00004,6,P107863,1,575.65,SALE,2024-12-09T12:20:26,S01,20241209
S01/20241209/00004,7,P106602,1,122.17,SALE,2024-12-09T12:20:26,S01,20241209
S01/20241209/00004,8,P106282,1,448.43,SALE,2024-12-09T12:20:26,S01,20241209
S01/20241209/00004,9,DISC,1,-264.41,DISCOUNT,2024-12-09T12:20:26,S01,20241209
S01/20241209/00004,10,TAX,1,564.03,TAX,2024-12-09T12:20:26,S01,20241209
S01/20241209/00004,11,TENDER,1,4224.78,TENDER,2024-12-09T12:20:26,S01,20241209
S01/20241209/00005,1,P106072,1,78.69,SALE,2024-12-09T16:31:52,S01,20241209
S01/20241209/00005,2,P100348,3,527.90,SALE,2024-12-09T16:31:52,S01,20241209
S01/20241209/00005,3,P108186,2,324.50,SALE,2024-12-09T16:31:52,S01,20241209
S01/20241209/00005,4,P103074,2,52.85,SALE,2024-12-09T16:31:52,S01,20241209
S01/20241209/00005,5,P106599,1,245.11,SALE,2024-12-09T16:31:52,S01,20241209
S01/20241209/00005,6,P100722,2,330.17,SALE,2024-12-09T16:31:52,S01,20241209
S01/20241209/00005,7,TAX,1,197.79,TAX,2024-12-09T16:31:52,S01,20241209
S01/20241209/00005,8,TENDER,1,3520.33,TENDER,2024-12-09T16:31:52,S01,20241209
S01/20241209/00006,1,P102415,5,1245.81,SALE,2024-12-09T12:57:19,S01,20241209
S01/20241209/00006,2,P107385,3,811.35,SALE,2024-12-09T12:57:19,S01,20241209
S01/20241209/00006,3,P107564,2,325.35,SALE,2024-12-09T12:57:19,S01,20241209
S01/20241209/00006,4,P103273,1,356.86,SALE,2024-12-09T12:57:19,S01,20241209
S01/20241209/00006,5,P100255,4,1250.31,SALE,2024-12-09T12:57:19,S01,20241209
S01/20241209/00006,6,P102707,4,425.19,SALE,2024-12-09T12:57:19,S01,20241209
S01/20241209/00006,7,P102272,1,389.34,SALE,2024-12-09T12:57:19,S01,20241209
S01/20241209/00006,8,P101076,1,606.89,SALE,2024-12-09T12:57:19,S01,20241209
S01/20241209/00006,9,TAX,1,1085.28,TAX,2024-12-09T12:57:19,S01,20241209
S01/20241209/00006,10,TENDER,1,18454.17,TENDER,2024-12-09T12:57:19,S01,20241209
S01/20241209/00007,1,P101766,2,220.67,SALE,2024-12-09T15:58:10,S01,20241209
S01/20241209/00007,2,P104992,3,979.87,SALE,2024-12-09T15:58:10,S01,20241209
S01/20241209/00007,3,P105092,2,57.00,SALE,2024-12-09T15:58:10,S01,20241209
S01/20241209/00007,4,P106720,4,126.28,SALE,2024-12-09T15:58:10,S01,20241209
S01/20241209/00007,5,P101968,2,12.46,SALE,2024-12-09T15:58:10,S01,20241209
S01/20241209/00007,6,TAX,1,168.89,TAX,2024-12-09T15:58:10,S01,20241209
S01/20241209/00007,7,TENDER,1,4193.88,TENDER,2024-12-09T15:58:10,S01,20241209
S01/20241209/00008,1,P105740,1,103.24,SALE,2024-12-09T17:05:34,S01,20241209
S01/20241209/00008,2,P100441,2,509.29,SALE,2024-12-09T17:05:34,S01,20241209
S01/20241209/00008,3,P100703,1,171.10,SALE,2024-12-09T17:05:34,S01,20241209
S01/20241209/00008,4,DISC,1,-77.48,DISCOUNT,2024-12-09T17:05:34,S01,20241209
S01/20241209/00008,5,TAX,1,151.68,TAX,2024-12-09T17:05:34,S01,20241209
S01/20241209/00008,6,TENDER,1,1367.12,TENDER,2024-12-09T17:05:34,S01,20241209
S01/20241209/00009,1,P105603,4,202.29,SALE,2024-12-09T12:48:34,S01,20241209
S01/20241209/00009,2,P107903,3,22.86,SALE,2024-12-09T12:48:34,S01,20241209
S01/20241209/00009,3,P107946,1,313.77,SALE,2024-12-09T12:48:34,S01,20241209
S01/20241209/00009,4,P104072,1,724.10,SALE,2024-12-09T12:48:34,S01,20241209
S01/20241209/00009,5,P106534,1,96.00,SALE,2024-12-09T12:48:34,S01,20241209
S01/20241209/00009,6,P108275,1,504.53,SALE,2024-12-09T12:48:34,S01,20241209
S01/20241209/00009,7,P105030,1,224.07,SALE,2024-12-09T12:48:34,S01,20241209
S01/20241209/00009,8,P100555,4,435.03,SALE,2024-12-09T12:48:34,S01,20241209
S01/20241209/00009,9,P104784,1,370.89,SALE,2024-12-09T12:48:34,S01,20241209
S01/20241209/00009,10,TAX,1,700.35,TAX,2024-12-09T12:48:34,S01,20241209
S01/20241209/00009,11,TENDER,1,5551.57,TENDER,2024-12-09T12:48:34,S01,20241209
S01/20241209/00010,1,P104541,2,149.08,SALE,2024-12-09T16:24:41,S01,20241209
S01/20241209/00010,2,P107549,4,47.87,SALE,2024-12-09T16:24:41,S01,20241209
S01/20241209/00010,3,P100864,1,208.63,SALE,2024-12-09T16:24:41,S01,20241209
S01/20241209/00010,4,TAX,1,86.93,TAX,2024-12-09T16:24:41,S01,20241209
S01/20241209/00010,5,TENDER,1,785.20,TENDER,2024-12-09T16:24:41,S01,20241209
S01/20241209/00011,1,P105959,5,513.93,SALE,2024-12-09T18:08:05,S01,20241209
S01/20241209/00011,2,P102623,1,107.54,SALE,2024-12-09T18:08:05,S01,20241209
S01/20241209/00011,3,P102874,1,142.11,SALE,2024-12-09T18:08:05,S01,20241209
S01/20241209/00011,4,P105775,3,104.41,SALE,2024-12-09T18:08:05,S01,20241209
S01/20241209/00011,5,TAX,1,482.55,TAX,2024-12-09T18:08:05,S01,20241209
S01/20241209/00011,6,TENDER,1,3615.08,TENDER,2024-12-09T18:08:05,S01,20241209
S01/20241209/00012,1,P104401,2,207.51,SALE,2024-12-09T15:51:11,S01,20241209
S01/20241209/00012,2,P107681,2,193.13,SALE,2024-12-09T15:51:11,S01,20241209
S01/20241209/00012,3,P107197,1,669.72,SALE,2024-12-09T15:51:11,S01,20241209
S01/20241209/00012,4,TAX,1,239.88,TAX,2024-12-09T15:51:11,S01,20241209
S01/20241209/00012,5,TENDER,1,1710.88,TENDER,2024-12-09T15:51:11,S01,20241209
S01/20241209/00013,1,P100889,3,1028.39,SALE,2024-12-09T15:38:47,S01,20241209
S01/20241209/00013,2,P107145,2,235.69,SALE,2024-12-09T15:38:47,S01,20241209
S01/20241209/00013,3,P100652,3,45.46,SALE,2024-12-09T15:38:47,S01,20241209
S01/20241209/00013,4,P106984,2,28.34,SALE,2024-12-09T15:38:47,S01,20241209
S01/20241209/00013,5,P101933,2,1344.63,SALE,2024-12-09T15:38:47,S01,20241209
S01/20241209/00013,6,TAX,1,560.92,TAX,2024-12-09T15:38:47,S01,20241209
S01/20241209/00013,7,TENDER,1,6999.79,TENDER,2024-12-09T15:38:47,S01,20241209
S01/20241209/00014,1,P106718,1,525.27,SALE,2024-12-09T12:23:43,S01,20241209
S01/20241209/00014,2,P101327,3,233.22,SALE,2024-12-09T12:23:43,S01,20241209
S01/20241209/00014,3,P108174,2,235.92,SALE,2024-12-09T12:23:43,S01,20241209
S01/20241209/00014,4,P105323,2,84.67,SALE,2024-12-09T12:23:43,S01,20241209
S01/20241209/00014,5,TAX,1,252.55,TAX,2024-12-09T12:23:43,S01,20241209
S01/20241209/00014,6,TENDER,1,2118.66,TENDER,2024-12-09T12:23:43,S01,20241209
S01/20241209/00015,1,P106024,1,472.89,SALE,2024-12-09T13:13:40,S01,20241209
S01/20241209/00015,2,TAX,1,85.12,TAX,2024-12-09T13:13:40,S01,20241209
S01/20241209/00015,3,TENDER,1,558.01,TENDER,2024-12-09T13:13:40,S01,20241209
S01/20241209/00016,1,P101874,1,21.48,SALE,2024-12-09T10:31:06,S01,20241209
S01/20241209/00016,2,P104617,1,107.09,SALE,2024-12-09T10:31:06,S01,20241209
S01/20241209/00016,3,TAX,1,19.28,TAX,2024-12-09T10:31:06,S01,20241209
S01/20241209/00016,4,TENDER,1,147.85,TENDER,2024-12-09T10:31:06,S01,20241209
S01/20241209/00017,1,P106009,2,372.60,SALE,2024-12-09T16:45:47,S01,20241209
S01/20241209/00017,2,P105518,3,729.30,SALE,2024-12-09T16:45:47,S01,20241209
S01/20241209/00017,3,P105236,3,552.60,SALE,2024-12-09T16:45:47,S01,20241209
S01/20241209/00017,4,P106024,1,472.89,SALE,2024-12-09T16:45:47,S01,20241209
S01/20241209/00017,5,P103022,1,60.43,SALE,2024-12-09T16:45:47,S01,20241209
S01/20241209/00017,6,P100178,2,480.34,SALE,2024-12-09T16:45:47,S01,20241209
S01/20241209/00017,7,TAX,1,947.48,TAX,2024-12-09T16:45:47,S01,20241209
S01/20241209/00017,8,TENDER,1,7032.38,TENDER,2024-12-09T16:45:47,S01,20241209
S01/20241209/00018,1,P103202,2,295.26,SALE,2024-12-09T15:45:07,S01,20241209
S01/20241209/00018,2,P104187,3,86.95,SALE,2024-12-09T15:45:07,S01,20241209
S01/20241209/00018,3,P106975,2,143.78,SALE,2024-12-09T15:45:07,S01,20241209
S01/20241209/00018,4,TAX,1,135.67,TAX,2024-12-09T15:45:07,S01,20241209
S01/20241209/00018,5,TENDER,1,1274.60,TENDER,2024-12-09T15:45:07,S01,20241209
S01/20241209/00019,1,P106133,2,370.91,SALE,2024-12-09T21:17:20,S01,20241209
S01/20241209/00019,2,P102714,2,86.80,SALE,2024-12-09T21:17:20,S01,20241209
S01/20241209/00019,3,P107053,1,457.07,SALE,2024-12-09T21:17:20,S01,20241209
S01/20241209/00019,4,P107400,2,273.33,SALE,2024-12-09T21:17:20,S01,20241209
S01/20241209/00019,5,P104645,2,1052.62,SALE,2024-12-09T21:17:20,S01,20241209
S01/20241209/00019,6,P106577,1,52.98,SALE,2024-12-09T21:17:20,S01,20241209
S01/20241209/00019,7,P101345,1,80.74,SALE,2024-12-09T21:17:20,S01,20241209
S01/20241209/00019,8,TAX,1,282.30,TAX,2024-12-09T21:17:20,S01,20241209
S01/20241209/00019,9,TENDER,1,4440.41,TENDER,2024-12-09T21:17:20,S01,20241209
S01/20241209/00020,1,P100840,1,248.08,SALE,2024-12-09T14:25:52,S01,20241209
S01/20241209/00020,2,P102761,2,170.84,SALE,2024-12-09T14:25:52,S01,20241209
S01/20241209/00020,3,P103701,2,1171.33,SALE,2024-12-09T14:25:52,S01,20241209
S01/20241209/00020,4,P103124,3,523.92,SALE,2024-12-09T14:25:52,S01,20241209
S01/20241209/00020,5,P103473,2,428.66,SALE,2024-12-09T14:25:52,S01,20241209
S01/20241209/00020,6,TAX,1,547.58,TAX,2024-12-09T14:25:52,S01,20241209
S01/20241209/00020,7,TENDER,1,5909.08,TENDER,2024-12-09T14:25:52,S01,20241209
S01/20241209/00021,1,P102933,1,610.87,SALE,2024-12-09T13:36:36,S01,20241209
S01/20241209/00021,2,P102445,4,31.53,SALE,2024-12-09T13:36:36,S01,20241209
S01/20241209/00021,3,P100019,1,74.65,SALE,2024-12-09T13:36:36,S01,20241209
S01/20241209/00021,4,TAX,1,109.44,TAX,2024-12-09T13:36:36,S01,20241209
S01/20241209/00021,5,TENDER,1,921.08,TENDER,2024-12-09T13:36:36,S01,20241209
S01/20241209/00022,1,P104501,2,413.53,SALE,2024-12-09T14:29:00,S01,20241209
S01/20241209/00022,2,P102404,2,370.32,SALE,2024-12-09T14:29:00,S01,20241209
S01/20241209/00022,3,P100268,3,197.00,SALE,2024-12-09T14:29:00,S01,20241209
S01/20241209/00022,4,P105518,2,729.30,SALE,2024-12-09T14:29:00,S01,20241209
S01/20241209/00022,5,P107890,1,133.07,SALE,2024-12-09T14:29:00,S01,20241209
S01/20241209/00022,6,P101321,2,24.76,SALE,2024-12-09T14:29:00,S01,20241209
S01/20241209/00022,7,P104544,1,99.24,SALE,2024-12-09T14:29:00,S01,20241209
S01/20241209/00022,8,TAX,1,312.63,TAX,2024-12-09T14:29:00,S01,20241209
S01/20241209/00022,9,TENDER,1,4211.76,TENDER,2024-12-09T14:29:00,S01,20241209
S01/20241209/00023,1,P106911,1,232.77,SALE,2024-12-09T14:48:35,S01,20241209
S01/20241209/00023,2,P101237,3,278.87,SALE,2024-12-09T14:48:35,S01,20241209
S01/20241209/00023,3,TAX,1,100.39,TAX,2024-12-09T14:48:35,S01,20241209
S01/20241209/00023,4,TENDER,1,1169.77,TENDER,2024-12-09T14:48:35,S01,20241209
S01/20241209/00024,1,P105524,3,81.14,SALE,2024-12-09T10:54:52,S01,20241209
S01/20241209/00024,2,P101018,1,141.83,SALE,2024-12-09T10:54:52,S01,20241209
S01/20241209/00024,3,TAX,1,43.82,TAX,2024-12-09T10:54:52,S01,20241209
S01/20241209/00024,4,TENDER,1,429.07,TENDER,2024-12-09T10:54:52,S01,20241209
S01/20241209/00025,1,P103766,1,212.45,SALE,2024-12-09T12:20:02,S01,20241209
S01/20241209/00025,2,P107952,2,1964.70,SALE,2024-12-09T12:20:02,S01,20241209
S01/20241209/00025,3,P102217,1,68.46,SALE,2024-12-09T12:20:02,S01,20241209
S01/20241209/00025,4,P100268,5,197.00,SALE,2024-12-09T12:20:02,S01,20241209
S01/20241209/00025,5,P104898,1,181.50,SALE,2024-12-09T12:20:02,S01,20241209
S01/20241209/00025,6,TAX,1,68.95,TAX,2024-12-09T12:20:02,S01,20241209
S01/20241209/00025,7,TENDER,1,5445.76,TENDER,2024-12-09T12:20:02,S01,20241209
S01/20241209/00026,1,P107495,3,448.19,SALE,2024-12-09T20:34:30,S01,20241209
S01/20241209/00026,2,P107327,3,1138.42,SALE,2024-12-09T20:34:30,S01,20241209
S01/20241209/00026,3,P102945,2,43.42,SALE,2024-12-09T20:34:30,S01,20241209
S01/20241209/00026,4,P103999,2,120.61,SALE,2024-12-09T20:34:30,S01,20241209
S01/20241209/00026,5,P101101,3,74.25,SALE,2024-12-09T20:34:30,S01,20241209
S01/20241209/00026,6,P104008,2,116.02,SALE,2024-12-09T20:34:30,S01,20241209
S01/20241209/00026,7,P105112,1,194.64,SALE,2024-12-09T20:34:30,S01,20241209
S01/20241209/00026,8,P106123,1,248.44,SALE,2024-12-09T20:34:30,S01,20241209
S01/20241209/00026,9,P106975,1,143.78,SALE,2024-12-09T20:34:30,S01,20241209
S01/20241209/00026,10,DISC,1,-246.05,DISCOUNT,2024-12-09T20:34:30,S01,20241209
S01/20241209/00026,11,TAX,1,252.43,TAX,2024-12-09T20:34:30,S01,20241209
S01/20241209/00026,12,TENDER,1,6135.92,TENDER,2024-12-09T20:34:30,S01,20241209
S01/20241209/00027,1,P101389,2,430.39,SALE,2024-12-09T13:36:51,S01,20241209
S01/20241209/00027,2,P100784,1,319.36,SALE,2024-12-09T13:36:51,S01,20241209
S01/20241209/00027,3,P102516,2,1272.67,SALE,2024-12-09T13:36:51,S01,20241209
S01/20241209/00027,4,P107026,1,69.10,SALE,2024-12-09T13:36:51,S01,20241209
S01/20241209/00027,5,P105672,2,69.48,SALE,2024-12-09T13:36:51,S01,20241209
S01/20241209/00027,6,TAX,1,332.97,TAX,2024-12-09T13:36:51,S01,20241209
S01/20241209/00027,7,TENDER,1,4266.51,TENDER,2024-12-09T13:36:51,S01,20241209
S01/20241209/00028,1,P106776,1,445.40,SALE,2024-12-09T16:43:15,S01,20241209
S01/20241209/00028,2,P104236,1,289.43,SALE,2024-12-09T16:43:15,S01,20241209
S01/20241209/00028,3,P103654,2,481.76,SALE,2024-12-09T16:43:15,S01,20241209
S01/20241209/00028,4,TAX,1,122.54,TAX,2024-12-09T16:43:15,S01,20241209
S01/20241209/00028,5,TENDER,1,1820.89,TENDER,2024-12-09T16:43:15,S01,20241209
S01/20241209/00029,1,P101710,2,345.87,SALE,2024-12-09T13:35:11,S01,20241209
S01/20241209/00029,2,P106920,2,1398.34,SALE,2024-12-09T13:35:11,S01,20241209
S01/20241209/00029,3,P106200,1,119.89,SALE,2024-12-09T13:35:11,S01,20241209
S01/20241209/00029,4,TAX,1,97.40,TAX,2024-12-09T13:35:11,S01,20241209
S01/20241209/00029,5,TENDER,1,3705.71,TENDER,2024-12-09T13:35:11,S01,20241209
S01/20241209/00030,1,P103964,2,134.21,SALE,2024-12-09T12:34:41,S01,20241209
S01/20241209/00030,2,P106123,3,248.44,SALE,2024-12-09T12:34:41,S01,20241209
S01/20241209/00030,3,P106927,1,156.05,SALE,2024-12-09T12:34:41,S01,20241209
S01/20241209/00030,4,TAX,1,21.22,TAX,2024-12-09T12:34:41,S01,20241209
S01/20241209/00030,5,TENDER,1,1191.01,TENDER,2024-12-09T12:34:41,S01,20241209
S01/20241209/00031,1,P108389,3,837.30,SALE,2024-12-09T22:44:51,S01,20241209
S01/20241209/00031,2,P104544,2,104.46,SALE,2024-12-09T22:44:51,S01,20241209
S01/20241209/00031,3,P100904,3,68.79,SALE,2024-12-09T22:44:51,S01,20241209
S01/20241209/00031,4,P105609,2,817.71,SALE,2024-12-09T22:44:51,S01,20241209
S01/20241209/00031,5,TAX,1,173.19,TAX,2024-12-09T22:44:51,S01,20241209
S01/20241209/00031,6,TENDER,1,4735.80,TENDER,2024-12-09T22:44:51,S01,20241209
S01/20241209/00032,1,P106710,1,98.77,SALE,2024-12-09T17:17:58,S01,20241209
S01/20241209/00032,2,P101095,7,205.38,SALE,2024-12-09T17:17:58,S01,20241209
S01/20241209/00032,3,P106288,2,48.38,SALE,2024-12-09T17:17:58,S01,20241209
S01/20241209/00032,4,P100879,4,159.99,SALE,2024-12-09T17:17:58,S01,20241209
S01/20241209/00032,5,P104226,2,303.01,SALE,2024-12-09T17:17:58,S01,20241209
S01/20241209/00032,6,TAX,1,22.62,TAX,2024-12-09T17:17:58,S01,20241209
S01/20241209/00032,7,TENDER,1,2901.79,TENDER,2024-12-09T17:17:58,S01,20241209
S01/20241209/00033,1,P107110,4,77.73,SALE,2024-12-09T12:29:08,S01,20241209
S01/20241209/00033,2,P106367,4,650.25,SALE,2024-12-09T12:29:08,S01,20241209
S01/20241209/00033,3,P102054,2,142.99,SALE,2024-12-09T12:29:08,S01,20241209
S01/20241209/00033,4,P107681,2,193.13,SALE,2024-12-09T12:29:08,S01,20241209
S01/20241209/00033,5,P105594,3,321.63,SALE,2024-12-09T12:29:08,S01,20241209
S01/20241209/00033,6,TAX,1,385.63,TAX,2024-12-09T12:29:08,S01,20241209
S01/20241209/00033,7,TENDER,1,4934.68,TENDER,2024-12-09T12:29:08,S01,20241209
S01/20241209/00034,1,P101237,3,278.87,SALE,2024-12-09T17:39:35,S01,20241209
S01/20241209/00034,2,P100354,1,182.63,SALE,2024-12-09T17:39:35,S01,20241209
S01/20241209/00034,3,P107536,1,1613.47,SALE,2024-12-09T17:39:35,S01,20241209
S01/20241209/00034,4,P100194,2,46.79,SALE,2024-12-09T17:39:35,S01,20241209
S01/20241209/00034,5,P106958,1,125.66,SALE,2024-12-09T17:39:35,S01,20241209
S01/20241209/00034,6,TAX,1,161.77,TAX,2024-12-09T17:39:35,S01,20241209
S01/20241209/00034,7,TENDER,1,3013.72,TENDER,2024-12-09T17:39:35,S01,20241209
S01/20241209/00035,1,P107208,6,323.06,SALE,2024-12-09T15:15:17,S01,20241209
S01/20241209/00035,2,P101374,4,55.98,SALE,2024-12-09T15:15:17,S01,20241209
S01/20241209/00035,3,P107589,3,257.75,SALE,2024-12-09T15:15:17,S01,20241209
S01/20241209/00035,4,P104526,2,363.05,SALE,2024-12-09T15:15:17,S01,20241209
S01/20241209/00035,5,P100555,1,435.03,SALE,2024-12-09T15:15:17,S01,20241209
S01/20241209/00035,6,P106209,1,199.51,SALE,2024-12-09T15:15:17,S01,20241209
S01/20241209/00035,7,P101955,2,364.45,SALE,2024-12-09T15:15:17,S01,20241209
S01/20241209/00035,8,TAX,1,546.16,TAX,2024-12-09T15:15:17,S01,20241209
S01/20241209/00035,9,TENDER,1,5571.23,TENDER,2024-12-09T15:15:17,S01,20241209
S01/20241209/00036,1,P103994,1,148.39,SALE,2024-12-09T11:49:36,S01,20241209
S01/20241209/00036,2,P107278,1,55.18,SALE,2024-12-09T11:49:36,S01,20241209
S01/20241209/00036,3,P108135,2,562.62,SALE,2024-12-09T11:49:36,S01,20241209
S01/20241209/00036,4,P108335,4,187.61,SALE,2024-12-09T11:49:36,S01,20241209
S01/20241209/00036,5,TAX,1,6.62,TAX,2024-12-09T11:49:36,S01,20241209
S01/20241209/00036,6,TENDER,1,2085.87,TENDER,2024-12-09T11:49:36,S01,20241209
S01/20241209/00037,1,P100198,-1,162.72,RETURN,2024-12-09T14:21:45,S01,20241209
S01/20241209/00037,2,P105460,-1,148.47,RETURN,2024-12-09T14:21:45,S01,20241209
S01/20241209/00037,3,P105747,-1,287.56,RETURN,2024-12-09T14:21:45,S01,20241209
S01/20241209/00037,4,P104891,-3,757.22,RETURN,2024-12-09T14:21:45,S01,20241209
S01/20241209/00037,5,TAX,1,-359.22,TAX,2024-12-09T14:21:45,S01,20241209
S01/20241209/00037,6,TENDER,1,-3229.63,TENDER,2024-12-09T14:21:45,S01,20241209
S01/20241209/00038,1,P101864,4,112.21,SALE,2024-12-09T16:50:38,S01,20241209
S01/20241209/00038,2,P106506,2,125.80,SALE,2024-12-09T16:50:38,S01,20241209
S01/20241209/00038,3,P103760,3,103.67,SALE,2024-12-09T16:50:38,S01,20241209
S01/20241209/00038,4,P107826,1,136.08,SALE,2024-12-09T16:50:38,S01,20241209
S01/20241209/00038,5,P100883,2,723.68,SALE,2024-12-09T16:50:38,S01,20241209
S01/20241209/00038,6,TAX,1,270.76,TAX,2024-12-09T16:50:38,S01,20241209
S01/20241209/00038,7,TENDER,1,2865.65,TENDER,2024-12-09T16:50:38,S01,20241209
S01/20241209/00039,1,P103712,4,481.86,SALE,2024-12-09T13:50:25,S01,20241209
S01/20241209/00039,2,P100260,3,1120.33,SALE,2024-12-09T13:50:25,S01,20241209
S01/20241209/00039,3,P106731,1,153.24,SALE,2024-12-09T13:50:25,S01,20241209
S01/20241209/00039,4,P105145,2,763.65,SALE,2024-12-09T13:50:25,S01,20241209
S01/20241209/00039,5,TAX,1,231.29,TAX,2024-12-09T13:50:25,S01,20241209
S01/20241209/00039,6,TENDER,1,7200.26,TENDER,2024-12-09T13:50:25,S01,20241209
S01/20241209/00040,1,P100946,2,81.33,SALE,2024-12-09T15:40:02,S01,20241209
S01/20241209/00040,2,P107843,3,486.47,SALE,2024-12-09T15:40:02,S01,20241209
S01/20241209/00040,3,P106844,2,23.44,SALE,2024-12-09T15:40:02,S01,20241209
S01/20241209/00040,4,TAX,1,300.41,TAX,2024-12-09T15:40:02,S01,20241209
S01/20241209/00040,5,TENDER,1,1969.36,TENDER,2024-12-09T15:40:02,S01,20241209
S01/20241209/00041,1,P104242,1,308.27,SALE,2024-12-09T12:30:58,S01,20241209
S01/20241209/00041,2,P100940,2,199.52,SALE,2024-12-09T12:30:58,S01,20241209
S01/20241209/00041,3,P103424,2,295.58,SALE,2024-12-09T12:30:58,S01,20241209
S01/20241209/00041,4,TAX,1,179.76,TAX,2024-12-09T12:30:58,S01,20241209
S01/20241209/00041,5,TENDER,1,1478.23,TENDER,2024-12-09T12:30:58,S01,20241209
S01/20241209/00042,1,P100260,1,1120.33,SALE,2024-12-09T15:04:52,S01,20241209
S01/20241209/00042,2,P105246,2,840.69,SALE,2024-12-09T15:04:52,S01,20241209
S01/20241209/00042,3,P100121,1,113.08,SALE,2024-12-09T15:04:52,S01,20241209
S01/20241209/00042,4,TAX,1,89.72,TAX,2024-12-09T15:04:52,S01,20241209
S01/20241209/00042,5,TENDER,1,3004.51,TENDER,2024-12-09T15:04:52,S01,20241209
S01/20241209/00043,1,P104389,4,180.18,SALE,2024-12-09T20:58:25,S01,20241209
S01/20241209/00043,2,P100375,2,163.45,SALE,2024-12-09T20:58:25,S01,20241209
S01/20241209/00043,3,P106958,2,125.66,SALE,2024-12-09T20:58:25,S01,20241209
S01/20241209/00043,4,P104541,1,149.08,SALE,2024-12-09T20:58:25,S01,20241209
S01/20241209/00043,5,P104382,2,62.22,SALE,2024-12-09T20:58:25,S01,20241209
S01/20241209/00043,6,P100033,4,828.62,SALE,2024-12-09T20:58:25,S01,20241209
S01/20241209/00043,7,TAX,1,370.71,TAX,2024-12-09T20:58:25,S01,20241209
S01/20241209/00043,8,TENDER,1,5257.65,TENDER,2024-12-09T20:58:25,S01,20241209
S01/20241209/00044,1,P104891,2,757.22,SALE,2024-12-09T14:17:07,S01,20241209
S01/20241209/00044,2,P102744,2,98.75,SALE,2024-12-09T14:17:07,S01,20241209
S01/20241209/00044,3,P101298,3,224.87,SALE,2024-12-09T14:17:07,S01,20241209
S01/20241209/00044,4,TAX,1,272.56,TAX,2024-12-09T14:17:07,S01,20241209
S01/20241209/00044,5,TENDER,1,2659.11,TENDER,2024-12-09T14:17:07,S01,20241209
S01/20241210/00001,1,P105139,3,119.64,SALE,2024-12-10T14:39:06,S01,20241210
S01/20241210/00001,2,P107654,3,409.57,SALE,2024-12-10T14:39:06,S01,20241210
S01/20241210/00001,3,P104975,2,568.03,SALE,2024-12-10T14:39:06,S01,20241210
S01/20241210/00001,4,P105219,3,763.15,SALE,2024-12-10T14:39:06,S01,20241210
S01/20241210/00001,5,P104600,2,56.45,SALE,2024-12-10T14:39:06,S01,20241210
S01/20241210/00001,6,P100543,2,123.06,SALE,2024-12-10T14:39:06,S01,20241210
S01/20241210/00001,7,TAX,1,608.26,TAX,2024-12-10T14:39:06,S01,20241210
S01/20241210/00001,8,TENDER,1,5980.42,TENDER,2024-12-10T14:39:06,S01,20241210
S01/20241210/00002,1,P100850,1,183.21,SALE,2024-12-10T17:29:48,S01,20241210
S01/20241210/00002,2,P104802,4,213.28,SALE,2024-12-10T17:29:48,S01,20241210
S01/20241210/00002,3,P106344,2,801.30,SALE,2024-12-10T17:29:48,S01,20241210
S01/20241210/00002,4,P107662,2,330.01,SALE,2024-12-10T17:29:48,S01,20241210
S01/20241210/00002,5,P105656,4,516.52,SALE,2024-12-10T17:29:48,S01,20241210
S01/20241210/00002,6,TAX,1,294.35,TAX,2024-12-10T17:29:48,S01,20241210
S01/20241210/00002,7,TENDER,1,5659.38,TENDER,2024-12-10T17:29:48,S01,20241210
S01/20241210/00003,1,P100560,2,180.90,SALE,2024-12-10T14:28:01,S01,20241210
S01/20241210/00003,2,P106542,2,139.24,SALE,2024-12-10T14:28:01,S01,20241210
S01/20241210/00003,3,P101949,2,857.51,SALE,2024-12-10T14:28:01,S01,20241210
S01/20241210/00003,4,P108046,1,101.85,SALE,2024-12-10T14:28:01,S01,20241210
S01/20241210/00003,5,P104842,1,352.80,SALE,2024-12-10T14:28:01,S01,20241210
S01/20241210/00003,6,P105570,1,345.21,SALE,2024-12-10T14:28:01,S01,20241210
S01/20241210/00003,7,TAX,1,257.22,TAX,2024-12-10T14:28:01,S01,20241210
S01/20241210/00003,8,TENDER,1,3412.38,TENDER,2024-12-10T14:28:01,S01,20241210
S01/20241210/00004,1,P105450,4,252.15,SALE,2024-12-10T19:36:20,S01,20241210
S01/20241210/00004,2,P107346,1,449.29,SALE,2024-12-10T19:36:20,S01,20241210
S01/20241210/00004,3,P100911,3,67.40,SALE,2024-12-10T19:36:20,S01,20241210
S01/20241210/00004,4,P103978,2,347.08,SALE,2024-12-10T19:36:20,S01,20241210
S01/20241210/00004,5,TAX,1,67.28,TAX,2024-12-10T19:36:20,S01,20241210
S01/20241210/00004,6,TENDER,1,2421.53,TENDER,2024-12-10T19:36:20,S01,20241210
S01/20241210/00005,1,P108397,2,286.03,SALE,2024-12-10T14:27:21,S01,20241210
S01/20241210/00005,2,P105252,4,12.09,SALE,2024-12-10T14:27:21,S01,20241210
S01/20241210/00005,3,P104526,3,363.05,SALE,2024-12-10T14:27:21,S01,20241210
S01/20241210/00005,4,P107575,2,82.07,SALE,2024-12-10T14:27:21,S01,20241210
S01/20241210/00005,5,P105083,2,245.38,SALE,2024-12-10T14:27:21,S01,20241210
S01/20241210/00005,6,P103397,3,371.02,SALE,2024-12-10T14:27:21,S01,20241210
S01/20241210/00005,7,P104965,2,88.50,SALE,2024-12-10T14:27:21,S01,20241210
S01/20241210/00005,8,TAX,1,229.00,TAX,2024-12-10T14:27:21,S01,20241210
S01/20241210/00005,9,TENDER,1,3883.53,TENDER,2024-12-10T14:27:21,S01,20241210
S01/20241210/00006,1,P105365,1,420.06,SALE,2024-12-10T13:34:13,S01,20241210
S01/20241210/00006,2,P104212,1,426.07,SALE,2024-12-10T13:34:13,S01,20241210
S01/20241210/00006,3,TAX,1,127.10,TAX,2024-12-10T13:34:13,S01,20241210
S01/20241210/00006,4,TENDER,1,973.23,TENDER,2024-12-10T13:34:13,S01,20241210
S01/20241210/00007,1,P107759,2,257.69,SALE,2024-12-10T18:31:42,S01,20241210
S01/20241210/00007,2,P102954,1,129.98,SALE,2024-12-10T18:31:42,S01,20241210
S01/20241210/00007,3,P101208,2,593.86,SALE,2024-12-10T18:31:42,S01,20241210
S01/20241210/00007,4,P105425,2,153.55,SALE,2024-12-10T18:31:42,S01,20241210
S01/20241210/00007,5,P106629,5,57.49,SALE,2024-12-10T18:31:42,S01,20241210
S01/20241210/00007,6,TAX,1,82.69,TAX,2024-12-10T18:31:42,S01,20241210
S01/20241210/00007,7,TENDER,1,2510.32,TENDER,2024-12-10T18:31:42,S01,20241210
S01/20241210/00008,1,P106388,2,1120.55,SALE,2024-12-10T12:20:07,S01,20241210
S01/20241210/00008,2,P101258,2,216.42,SALE,2024-12-10T12:20:07,S01,20241210
S01/20241210/00008,3,P100582,2,170.67,SALE,2024-12-10T12:20:07,S01,20241210
S01/20241210/00008,4,P105747,1,287.56,SALE,2024-12-10T12:20:07,S01,20241210
S01/20241210/00008,5,P107646,2,225.19,SALE,2024-12-10T12:20:07,S01,20241210
S01/20241210/00008,6,P101404,2,228.51,SALE,2024-12-10T12:20:07,S01,20241210
S01/20241210/00008,7,P100463,3,290.57,SALE,2024-12-10T12:20:07,S01,20241210
S01/20241210/00008,8,TAX,1,341.09,TAX,2024-12-10T12:20:07,S01,20241210
S01/20241210/00008,9,TENDER,1,5423.04,TENDER,2024-12-10T12:20:07,S01,20241210
S01/20241210/00009,1,P107226,4,88.38,SALE,2024-12-10T12:57:41,S01,20241210
S01/20241210/00009,2,P103231,4,241.80,SALE,2024-12-10T12:57:41,S01,20241210
S01/20241210/00009,3,P101489,1,555.59,SALE,2024-12-10T12:57:41,S01,20241210
S01/20241210/00009,4,P101356,2,1264.05,SALE,2024-12-10T12:57:41,S01,20241210
S01/20241210/00009,5,P105394,1,327.72,SALE,2024-12-10T12:57:41,S01,20241210
S01/20241210/00009,6,TAX,1,297.39,TAX,2024-12-10T12:57:41,S01,20241210
S01/20241210/00009,7,TENDER,1,5029.52,TENDER,2024-12-10T12:57:41,S01,20241210
S01/20241210/00010,1,P105524,3,81.14,SALE,2024-12-10T16:25:15,S01,20241210
S01/20241210/00010,2,P103504,2,366.55,SALE,2024-12-10T16:25:15,S01,20241210
S01/20241210/00010,3,P101864,1,112.21,SALE,2024-12-10T16:25:15,S01,20241210
S01/20241210/00010,4,TAX,1,151.99,TAX,2024-12-10T16:25:15,S01,20241210
S01/20241210/00010,5,TENDER,1,1240.72,TENDER,2024-12-10T16:25:15,S01,20241210
S01/20241210/00011,1,P106955,1,204.37,SALE,2024-12-10T16:28:52,S01,20241210
S01/20241210/00011,2,P108227,3,551.58,SALE,2024-12-10T16:28:52,S01,20241210
S01/20241210/00011,3,P108191,2,309.71,SALE,2024-12-10T16:28:52,S01,20241210
S01/20241210/00011,4,P107996,3,224.54,SALE,2024-12-10T16:28:52,S01,20241210
S01/20241210/00011,5,P103222,2,427.41,SALE,2024-12-10T16:28:52,S01,20241210
S01/20241210/00011,6,P101940,6,201.44,SALE,2024-12-10T16:28:52,S01,20241210
S01/20241210/00011,7,P103029,2,11.28,SALE,2024-12-10T16:28:52,S01,20241210
S01/20241210/00011,8,TAX,1,326.55,TAX,2024-12-10T16:28:52,S01,20241210
S01/20241210/00011,9,TENDER,1,5564.72,TENDER,2024-12-10T16:28:52,S01,20241210
S01/20241210/00012,1,P100816,2,806.93,SALE,2024-12-10T20:26:34,S01,20241210
S01/20241210/00012,2,P102738,2,236.55,SALE,2024-12-10T20:26:34,S01,20241210
S01/20241210/00012,3,P100354,1,182.63,SALE,2024-12-10T20:26:34,S01,20241210
S01/20241210/00012,4,P108144,1,253.94,SALE,2024-12-10T20:26:34,S01,20241210
S01/20241210/00012,5,P103487,2,361.14,SALE,2024-12-10T20:26:34,S01,20241210
S01/20241210/00012,6,TAX,1,389.50,TAX,2024-12-10T20:26:34,S01,20241210
S01/20241210/00012,7,TENDER,1,3635.31,TENDER,2024-12-10T20:26:34,S01,20241210
S01/20241210/00013,1,P101298,5,224.87,SALE,2024-12-10T13:19:22,S01,20241210
S01/20241210/00013,2,P101710,2,345.87,SALE,2024-12-10T13:19:22,S01,20241210
S01/20241210/00013,3,P107508,1,1577.69,SALE,2024-12-10T13:19:22,S01,20241210
S01/20241210/00013,4,P107422,4,193.56,SALE,2024-12-10T13:19:22,S01,20241210
S01/20241210/00013,5,P101899,1,326.35,SALE,2024-12-10T13:19:22,S01,20241210
S01/20241210/00013,6,P103050,3,569.48,SALE,2024-12-10T13:19:22,S01,20241210
S01/20241210/00013,7,P104372,5,105.38,SALE,2024-12-10T13:19:22,S01,20241210
S01/20241210/00013,8,TAX,1,531.05,TAX,2024-12-10T13:19:22,S01,20241210
S01/20241210/00013,9,TENDER,1,7260.76,TENDER,2024-12-10T13:19:22,S01,20241210
S01/20241210/00014,1,P107414,3,565.57,SALE,2024-12-10T16:27:57,S01,20241210
S01/20241210/00014,2,P105405,2,430.78,SALE,2024-12-10T16:27:57,S01,20241210
S01/20241210/00014,3,P107171,1,335.20,SALE,2024-12-10T16:27:57,S01,20241210
S01/20241210/00014,4,P101470,4,196.94,SALE,2024-12-10T16:27:57,S01,20241210
S01/20241210/00014,5,P103794,2,785.54,SALE,2024-12-10T16:27:57,S01,20241210
S01/20241210/00014,6,DISC,1,-537.25,DISCOUNT,2024-12-10T16:27:57,S01,20241210
S01/20241210/00014,7,TAX,1,221.46,TAX,2024-12-10T16:27:57,S01,20241210
S01/20241210/00014,8,TENDER,1,4936.52,TENDER,2024-12-10T16:27:57,S01,20241210
S01/20241210/00015,1,P101208,2,593.86,SALE,2024-12-10T11:29:45,S01,20241210
S01/20241210/00015,2,P101292,1,380.75,SALE,2024-12-10T11:29:45,S01,20241210
S01/20241210/00015,3,P105313,1,51.83,SALE,2024-12-10T11:29:45,S01,20241210
S01/20241210/00015,4,P101152,3,490.05,SALE,2024-12-10T11:29:45,S01,20241210
S01/20241210/00015,5,P102006,1,1553.68,SALE,2024-12-10T11:29:45,S01,20241210
S01/20241210/00015,6,P100717,2,561.52,SALE,2024-12-10T11:29:45,S01,20241210
S01/20241210/00015,7,TAX,1,485.81,TAX,2024-12-10T11:29:45,S01,20241210
S01/20241210/00015,8,TENDER,1,6252.98,TENDER,2024-12-10T11:29:45,S01,20241210
S01/20241210/00016,1,P100827,2,1218.17,SALE,2024-12-10T22:36:32,S01,20241210
S01/20241210/00016,2,P103309,2,59.95,SALE,2024-12-10T22:36:32,S01,20241210
S01/20241210/00016,3,P100140,1,58.05,SALE,2024-12-10T22:36:32,S01,20241210
S01/20241210/00016,4,P106391,3,795.61,SALE,2024-12-10T22:36:32,S01,20241210
S01/20241210/00016,5,DISC,1,-512.46,DISCOUNT,2024-12-10T22:36:32,S01,20241210
S01/20241210/00016,6,TAX,1,121.87,TAX,2024-12-10T22:36:32,S01,20241210
S01/20241210/00016,7,TENDER,1,4610.53,TENDER,2024-12-10T22:36:32,S01,20241210
S01/20241210/00017,1,P104097,3,330.82,SALE,2024-12-10T15:28:46,S01,20241210
S01/20241210/00017,2,P100077,4,173.95,SALE,2024-12-10T15:28:46,S01,20241210
S01/20241210/00017,3,TAX,1,153.89,TAX,2024-12-10T15:28:46,S01,20241210
S01/20241210/00017,4,TENDER,1,1842.15,TENDER,2024-12-10T15:28:46,S01,20241210
S01/20241210/00018,1,P105860,3,674.13,SALE,2024-12-10T13:43:28,S01,20241210
S01/20241210/00018,2,P101982,2,428.91,SALE,2024-12-10T13:43:28,S01,20241210
S01/20241210/00018,3,P107564,3,325.35,SALE,2024-12-10T13:43:28,S01,20241210
S01/20241210/00018,4,P105331,3,308.39,SALE,2024-12-10T13:43:28,S01,20241210
S01/20241210/00018,5,TAX,1,418.91,TAX,2024-12-10T13:43:28,S01,20241210
S01/20241210/00018,6,TENDER,1,5200.34,TENDER,2024-12-10T13:43:28,S01,20241210
S01/20241210/00019,1,P106072,2,78.69,SALE,2024-12-10T13:44:52,S01,20241210
S01/20241210/00019,2,P106720,1,126.28,SALE,2024-12-10T13:44:52,S01,20241210
S01/20241210/00019,3,P107516,1,565.20,SALE,2024-12-10T13:44:52,S01,20241210
S01/20241210/00019,4,P103068,2,153.43,SALE,2024-12-10T13:44:52,S01,20241210
S01/20241210/00019,5,P101990,1,408.52,SALE,2024-12-10T13:44:52,S01,20241210
S01/20241210/00019,6,TAX,1,207.72,TAX,2024-12-10T13:44:52,S01,20241210
S01/20241210/00019,7,TENDER,1,1771.96,TENDER,2024-12-10T13:44:52,S01,20241210
S01/20241210/00020,1,P104008,1,116.02,SALE,2024-12-10T16:22:54,S01,20241210
S01/20241210/00020,2,P106528,1,832.82,SALE,2024-12-10T16:22:54,S01,20241210
S01/20241210/00020,3,P105112,3,194.64,SALE,2024-12-10T16:22:54,S01,20241210
S01/20241210/00020,4,P100549,3,320.43,SALE,2024-12-10T16:22:54,S01,20241210
S01/20241210/00020,5,P101164,1,401.86,SALE,2024-12-10T16:22:54,S01,20241210
S01/20241210/00020,6,TAX,1,322.63,TAX,2024-12-10T16:22:54,S01,20241210
S01/20241210/00020,7,TENDER,1,3218.54,TENDER,2024-12-10T16:22:54,S01,20241210
S01/20241210/00021,1,P106844,2,23.44,SALE,2024-12-10T19:40:10,S01,20241210
S01/20241210/00021,2,P106133,1,370.91,SALE,2024-12-10T19:40:10,S01,20241210
S01/20241210/00021,3,P102779,2,25.62,SALE,2024-12-10T19:40:10,S01,20241210
S01/20241210/00021,4,P101585,2,10.45,SALE,2024-12-10T19:40:10,S01,20241210
S01/20241210/00021,5,P102963,2,415.64,SALE,2024-12-10T19:40:10,S01,20241210
S01/20241210/00021,6,P107003,1,1218.85,SALE,2024-12-10T19:40:10,S01,20241210
S01/20241210/00021,7,P104236,1,289.43,SALE,2024-12-10T19:40:10,S01,20241210
S01/20241210/00021,8,TAX,1,286.84,TAX,2024-12-10T19:40:10,S01,20241210
S01/20241210/00021,9,TENDER,1,3116.33,TENDER,2024-12-10T19:40:10,S01,20241210
S01/20241210/00022,1,P104469,2,1631.11,SALE,2024-12-10T17:52:12,S01,20241210
S01/20241210/00022,2,P104212,1,426.07,SALE,2024-12-10T17:52:12,S01,20241210
S01/20241210/00022,3,P105009,2,65.38,SALE,2024-12-10T17:52:12,S01,20241210
S01/20241210/00022,4,P101440,1,253.26,SALE,2024-12-10T17:52:12,S01,20241210
S01/20241210/00022,5,P106731,3,153.24,SALE,2024-12-10T17:52:12,S01,20241210
S01/20241210/00022,6,P106486,3,1837.06,SALE,2024-12-10T17:52:12,S01,20241210
S01/20241210/00022,7,P102931,1,185.66,SALE,2024-12-10T17:52:12,S01,20241210
S01/20241210/00022,8,DISC,1,-893.90,DISCOUNT,2024-12-10T17:52:12,S01,20241210
S01/20241210/00022,9,TAX,1,1052.27,TAX,2024-12-10T17:52:12,S01,20241210
S01/20241210/00022,10,TENDER,1,10387.24,TENDER,2024-12-10T17:52:12,S01,20241210
S01/20241210/00023,1,P105021,1,1246.70,SALE,2024-12-10T10:31:44,S01,20241210
S01/20241210/00023,2,P106270,1,308.83,SALE,2024-12-10T10:31:44,S01,20241210
S01/20241210/00023,3,P105483,2,160.65,SALE,2024-12-10T10:31:44,S01,20241210
S01/20241210/00023,4,P104401,3,207.51,SALE,2024-12-10T10:31:44,S01,20241210
S01/20241210/00023,5,P101762,2,528.36,SALE,2024-12-10T10:31:44,S01,20241210
S01/20241210/00023,6,TAX,1,408.95,TAX,2024-12-10T10:31:44,S01,20241210
S01/20241210/00023,7,TENDER,1,3965.03,TENDER,2024-12-10T10:31:44,S01,20241210
S01/20241210/00024,1,P100682,1,337.76,SALE,2024-12-10T18:29:10,S01,20241210
S01/20241210/00024,2,P100717,2,561.52,SALE,2024-12-10T18:29:10,S01,20241210
S01/20241210/00024,3,P100771,3,820.85,SALE,2024-12-10T18:29:10,S01,20241210
S01/20241210/00024,4,TAX,1,538.18,TAX,2024-12-10T18:29:10,S01,20241210
S01/20241210/00024,5,TENDER,1,4461.53,TENDER,2024-12-10T18:29:10,S01,20241210
S01/20241210/00025,1,P101037,1,650.66,SALE,2024-12-10T16:23:17,S01,20241210
S01/20241210/00025,2,P106823,2,148.11,SALE,2024-12-10T16:23:17,S01,20241210
S01/20241210/00025,3,P101225,1,452.38,SALE,2024-12-10T16:23:17,S01,20241210
S01/20241210/00025,4,P104427,1,506.64,SALE,2024-12-10T16:23:17,S01,20241210
S01/20241210/00025,5,DISC,1,-216.74,DISCOUNT,2024-12-10T16:23:17,S01,20241210
S01/20241210/00025,6,TAX,1,264.24,TAX,2024-12-10T16:23:17,S01,20241210
S01/20241210/00025,7,TENDER,1,1953.40,TENDER,2024-12-10T16:23:17,S01,20241210
S01/20241210/00026,1,P102248,2,22.39,SALE,2024-12-10T19:07:20,S01,20241210
S01/20241210/00026,2,P105684,2,1114.27,SALE,2024-12-10T19:07:20,S01,20241210
S01/20241210/00026,3,P100348,1,527.90,SALE,2024-12-10T19:07:20,S01,20241210
S01/20241210/00026,4,P103202,5,295.26,SALE,2024-12-10T19:07:20,S01,20241210
S01/20241210/00026,5,TAX,1,314.98,TAX,2024-12-10T19:07:20,S01,20241210
S01/20241210/00026,6,TENDER,1,4592.50,TENDER,2024-12-10T19:07:20,S01,20241210
S01/20241210/00027,1,P106844,1,23.44,SALE,2024-12-10T13:00:18,S01,20241210
S01/20241210/00027,2,P100940,2,199.52,SALE,2024-12-10T13:00:18,S01,20241210
S01/20241210/00027,3,P103637,1,338.13,SALE,2024-12-10T13:00:18,S01,20241210
S01/20241210/00027,4,P101827,3,155.74,SALE,2024-12-10T13:00:18,S01,20241210
S01/20241210/00027,5,TAX,1,160.27,TAX,2024-12-10T13:00:18,S01,20241210
S01/20241210/00027,6,TENDER,1,1388.10,TENDER,2024-12-10T13:00:18,S01,20241210
S01/20241210/00028,1,P101258,2,216.42,SALE,2024-12-10T12:28:36,S01,20241210
S01/20241210/00028,2,P105524,2,81.14,SALE,2024-12-10T12:28:36,S01,20241210
S01/20241210/00028,3,P101710,3,345.87,SALE,2024-12-10T12:28:36,S01,20241210
S01/20241210/00028,4,P100106,3,318.86,SALE,2024-12-10T12:28:36,S01,20241210
S01/20241210/00028,5,TAX,1,403.82,TAX,2024-12-10T12:28:36,S01,20241210
S01/20241210/00028,6,TENDER,1,2993.13,TENDER,2024-12-10T12:28:36,S01,20241210
S01/20241210/00029,1,P100803,2,278.56,SALE,2024-12-10T13:38:31,S01,20241210
S01/20241210/00029,2,P103559,1,370.21,SALE,2024-12-10T13:38:31,S01,20241210
S01/20241210/00029,3,P100810,3,200.65,SALE,2024-12-10T13:38:31,S01,20241210
S01/20241210/00029,4,P105083,3,245.38,SALE,2024-12-10T13:38:31,S01,20241210
S01/20241210/00029,5,P102006,2,1553.68,SALE,2024-12-10T13:38:31,S01,20241210
S01/20241210/00029,6,P107365,2,1037.13,SALE,2024-12-10T13:38:31,S01,20241210
S01/20241210/00029,7,P107899,2,197.21,SALE,2024-12-10T13:38:31,S01,20241210
S01/20241210/00029,8,TAX,1,477.60,TAX,2024-12-10T13:38:31,S01,20241210
S01/20241210/00029,9,TENDER,1,8319.06,TENDER,2024-12-10T13:38:31,S01,20241210
S01/20241210/00030,1,P103222,3,427.41,SALE,2024-12-10T17:48:59,S01,20241210
S01/20241210/00030,2,P103105,4,34.12,SALE,2024-12-10T17:48:59,S01,20241210
S01/20241210/00030,3,P107119,2,18.29,SALE,2024-12-10T17:48:59,S01,20241210
S01/20241210/00030,4,P101558,2,52.58,SALE,2024-12-10T17:48:59,S01,20241210
S01/20241210/00030,5,P100441,6,509.29,SALE,2024-12-10T17:48:59,S01,20241210
S01/20241210/00030,6,P101674,2,387.70,SALE,2024-12-10T17:48:59,S01,20241210
S01/20241210/00030,7,P106239,1,803.36,SALE,2024-12-10T17:48:59,S01,20241210
S01/20241210/00030,8,P102114,3,134.74,SALE,2024-12-10T17:48:59,S01,20241210
S01/20241210/00030,9,P101345,1,80.74,SALE,2024-12-10T17:48:59,S01,20241210
S01/20241210/00030,10,P102371,2,59.77,SALE,2024-12-10T17:48:59,S01,20241210
S01/20241210/00030,11,TAX,1,734.46,TAX,2024-12-10T17:48:59,S01,20241210
S01/20241210/00030,12,TENDER,1,7533.91,TENDER,2024-12-10T17:48:59,S01,20241210
S01/20241210/00031,1,P103563,2,26.76,SALE,2024-12-10T10:58:55,S01,20241210
S01/20241210/00031,2,P102181,1,1615.15,SALE,2024-12-10T10:58:55,S01,20241210
S01/20241210/00031,3,P104842,1,352.80,SALE,2024-12-10T10:58:55,S01,20241210
S01/20241210/00031,4,TAX,1,51.97,TAX,2024-12-10T10:58:55,S01,20241210
S01/20241210/00031,5,TENDER,1,2073.44,TENDER,2024-12-10T10:58:55,S01,20241210
S01/20241210/00032,1,P101842,1,227.96,SALE,2024-12-10T10:45:50,S01,20241210
S01/20241210/00032,2,P102811,1,199.78,SALE,2024-12-10T10:45:50,S01,20241210
S01/20241210/00032,3,P100956,1,421.98,SALE,2024-12-10T10:45:50,S01,20241210
S01/20241210/00032,4,P102067,4,181.50,SALE,2024-12-10T10:45:50,S01,20241210
S01/20241210/00032,5,TAX,1,78.79,TAX,2024-12-10T10:45:50,S01,20241210
S01/20241210/00032,6,TENDER,1,1654.51,TENDER,2024-12-10T10:45:50,S01,20241210
S01/20241210/00033,1,P101810,1,793.98,SALE,2024-12-10T20:52:59,S01,20241210
S01/20241210/00033,2,P101961,3,767.84,SALE,2024-12-10T20:52:59,S01,20241210
S01/20241210/00033,3,P106024,3,472.89,SALE,2024-12-10T20:52:59,S01,20241210
S01/20241210/00033,4,P103542,6,398.89,SALE,2024-12-10T20:52:59,S01,20241210
S01/20241210/00033,5,P107040,3,474.18,SALE,2024-12-10T20:52:59,S01,20241210
S01/20241210/00033,6,TAX,1,1123.60,TAX,2024-12-10T20:52:59,S01,20241210
S01/20241210/00033,7,TENDER,1,9455.65,TENDER,2024-12-10T20:52:59,S01,20241210
S01/20241210/00034,1,P102954,1,129.98,SALE,2024-12-10T20:10:39,S01,20241210
S01/20241210/00034,2,P102371,1,59.77,SALE,2024-12-10T20:10:39,S01,20241210
S01/20241210/00034,3,P103861,4,57.59,SALE,2024-12-10T20:10:39,S01,20241210
S01/20241210/00034,4,P105112,1,194.64,SALE,2024-12-10T20:10:39,S01,20241210
S01/20241210/00034,5,P107373,2,96.28,SALE,2024-12-10T20:10:39,S01,20241210
S01/20241210/00034,6,P100899,1,131.46,SALE,2024-12-10T20:10:39,S01,20241210
S01/20241210/00034,7,TAX,1,36.85,TAX,2024-12-10T20:10:39,S01,20241210
S01/20241210/00034,8,TENDER,1,975.62,TENDER,2024-12-10T20:10:39,S01,20241210
S01/20241210/00035,1,P105636,2,558.71,SALE,2024-12-10T11:02:47,S01,20241210
S01/20241210/00035,2,P105092,1,57.00,SALE,2024-12-10T11:02:47,S01,20241210
S01/20241210/00035,3,P106133,4,370.91,SALE,2024-12-10T11:02:47,S01,20241210
S01/20241210/00035,4,P106920,3,1398.34,SALE,2024-12-10T11:02:47,S01,20241210
S01/20241210/00035,5,DISC,1,-592.39,DISCOUNT,2024-12-10T11:02:47,S01,20241210
S01/20241210/00035,6,TAX,1,253.34,TAX,2024-12-10T11:02:47,S01,20241210
S01/20241210/00035,7,TENDER,1,6514.03,TENDER,2024-12-10T11:02:47,S01,20241210
S01/20241210/00036,1,P106563,2,469.90,SALE,2024-12-10T17:33:27,S01,20241210
S01/20241210/00036,2,P105677,3,109.29,SALE,2024-12-10T17:33:27,S01,20241210
S01/20241210/00036,3,TAX,1,171.79,TAX,2024-12-10T17:33:27,S01,20241210
S01/20241210/00036,4,TENDER,1,1439.46,TENDER,2024-12-10T17:33:27,S01,20241210
S01/20241210/00037,1,P100658,2,50.53,SALE,2024-12-10T15:49:13,S01,20241210
S01/20241210/00037,2,P103994,2,148.39,SALE,2024-12-10T15:49:13,S01,20241210
S01/20241210/00037,3,TAX,1,0.00,TAX,2024-12-10T15:49:13,S01,20241210
S01/20241210/00037,4,TENDER,1,397.84,TENDER,2024-12-10T15:49:13,S01,20241210
S01/20241211/00001,1,P107630,5,309.72,SALE,2024-12-11T15:34:07,S01,20241211
S01/20241211/00001,2,P102880,1,575.53,SALE,2024-12-11T15:34:07,S01,20241211
S01/20241211/00001,3,P102305,1,111.72,SALE,2024-12-11T15:34:07,S01,20241211
S01/20241211/00001,4,TAX,1,320.93,TAX,2024-12-11T15:34:07,S01,20241211
S01/20241211/00001,5,TENDER,1,2556.78,TENDER,2024-12-11T15:34:07,S01,20241211
S01/20241211/00002,1,P103249,1,521.24,SALE,2024-12-11T17:02:43,S01,20241211
S01/20241211/00002,2,P105164,1,242.35,SALE,2024-12-11T17:02:43,S01,20241211
S01/20241211/00002,3,P104526,1,363.05,SALE,2024-12-11T17:02:43,S01,20241211
S01/20241211/00002,4,P100276,1,965.56,SALE,2024-12-11T17:02:43,S01,20241211
S01/20241211/00002,5,DISC,1,-44.10,DISCOUNT,2024-12-11T17:02:43,S01,20241211
S01/20241211/00002,6,TAX,1,90.54,TAX,2024-12-11T17:02:43,S01,20241211
S01/20241211/00002,7,TENDER,1,2138.64,TENDER,2024-12-11T17:02:43,S01,20241211
S01/20241211/00003,1,P100387,3,116.37,SALE,2024-12-11T13:46:29,S01,20241211
S01/20241211/00003,2,P106669,2,102.72,SALE,2024-12-11T13:46:29,S01,20241211
S01/20241211/00003,3,P106130,2,1317.16,SALE,2024-12-11T13:46:29,S01,20241211
S01/20241211/00003,4,P107327,1,1138.42,SALE,2024-12-11T13:46:29,S01,20241211
S01/20241211/00003,5,TAX,1,27.73,TAX,2024-12-11T13:46:29,S01,20241211
S01/20241211/00003,6,TENDER,1,4355.02,TENDER,2024-12-11T13:46:29,S01,20241211
S01/20241211/00004,1,P105614,3,652.27,SALE,2024-12-11T17:42:34,S01,20241211
S01/20241211/00004,2,P106703,1,76.83,SALE,2024-12-11T17:42:34,S01,20241211
S01/20241211/00004,3,P102892,4,227.52,SALE,2024-12-11T17:42:34,S01,20241211
S01/20241211/00004,4,TAX,1,519.88,TAX,2024-12-11T17:42:34,S01,20241211
S01/20241211/00004,5,TENDER,1,3463.60,TENDER,2024-12-11T17:42:34,S01,20241211
S01/20241211/00005,1,P102874,2,142.11,SALE,2024-12-11T18:01:26,S01,20241211
S01/20241211/00005,2,P107119,1,18.29,SALE,2024-12-11T18:01:26,S01,20241211
S01/20241211/00005,3,P106629,3,57.49,SALE,2024-12-11T18:01:26,S01,20241211
S01/20241211/00005,4,P103704,1,188.13,SALE,2024-12-11T18:01:26,S01,20241211
S01/20241211/00005,5,DISC,1,-65.96,DISCOUNT,2024-12-11T18:01:26,S01,20241211
S01/20241211/00005,6,TAX,1,74.21,TAX,2024-12-11T18:01:26,S01,20241211
S01/20241211/00005,7,TENDER,1,671.36,TENDER,2024-12-11T18:01:26,S01,20241211
S01/20241211/00006,1,P107458,2,1239.88,SALE,2024-12-11T22:06:38,S01,20241211
S01/20241211/00006,2,TAX,1,0.00,TAX,2024-12-11T22:06:38,S01,20241211
S01/20241211/00006,3,TENDER,1,2479.76,TENDER,2024-12-11T22:06:38,S01,20241211
S01/20241211/00007,1,P103606,1,185.94,SALE,2024-12-11T23:54:02,S01,20241211
S01/20241211/00007,2,P101762,2,528.36,SALE,2024-12-11T23:54:02,S01,20241211
S01/20241211/00007,3,P104872,2,132.45,SALE,2024-12-11T23:54:02,S01,20241211
S01/20241211/00007,4,TAX,1,167.89,TAX,2024-12-11T23:54:02,S01,20241211
S01/20241211/00007,5,TENDER,1,1675.45,TENDER,2024-12-11T23:54:02,S01,20241211
S01/20241211/00008,1,P107502,1,311.85,SALE,2024-12-11T18:57:27,S01,20241211
S01/20241211/00008,2,P106553,4,139.74,SALE,2024-12-11T18:57:27,S01,20241211
S01/20241211/00008,3,DISC,1,-62.42,DISCOUNT,2024-12-11T18:57:27,S01,20241211
S01/20241211/00008,4,TAX,1,145.51,TAX,2024-12-11T18:57:27,S01,20241211
S01/20241211/00008,5,TENDER,1,953.90,TENDER,2024-12-11T18:57:27,S01,20241211
S01/20241211/00009,1,P105729,1,75.27,SALE,2024-12-11T14:14:15,S01,20241211
S01/20241211/00009,2,P101802,2,44.15,SALE,2024-12-11T14:14:15,S01,20241211
S01/20241211/00009,3,P107686,6,347.22,SALE,2024-12-11T14:14:15,S01,20241211
S01/20241211/00009,4,TAX,1,392.96,TAX,2024-12-11T14:14:15,S01,20241211
S01/20241211/00009,5,TENDER,1,2639.85,TENDER,2024-12-11T14:14:15,S01,20241211
S01/20241211/00010,1,P101489,2,555.59,SALE,2024-12-11T14:57:11,S01,20241211
S01/20241211/00010,2,P107575,3,82.07,SALE,2024-12-11T14:57:11,S01,20241211
S01/20241211/00010,3,P101083,2,349.65,SALE,2024-12-11T14:57:11,S01,20241211
S01/20241211/00010,4,TAX,1,125.87,TAX,2024-12-11T14:57:11,S01,20241211
S01/20241211/00010,5,TENDER,1,2182.56,TENDER,2024-12-11T14:57:11,S01,20241211
S01/20241211/00011,1,P107149,1,145.83,SALE,2024-12-11T11:05:19,S01,20241211
S01/20241211/00011,2,P105524,3,81.14,SALE,2024-12-11T11:05:19,S01,20241211
S01/20241211/00011,3,P102324,1,194.59,SALE,2024-12-11T11:05:19,S01,20241211
S01/20241211/00011,4,P102181,2,1615.15,SALE,2024-12-11T11:05:19,S01,20241211
S01/20241211/00011,5,P108292,1,104.02,SALE,2024-12-11T11:05:19,S01,20241211
S01/20241211/00011,6,P102520,1,731.86,SALE,2024-12-11T11:05:19,S01,20241211
S01/20241211/00011,7,TAX,1,116.39,TAX,2024-12-11T11:05:19,S01,20241211
S01/20241211/00011,8,TENDER,1,4766.41,TENDER,2024-12-11T11:05:19,S01,20241211
S01/20241211/00012,1,P103530,4,427.69,SALE,2024-12-11T14:15:45,S01,20241211
S01/20241211/00012,2,P106679,2,181.66,SALE,2024-12-11T14:15:45,S01,20241211
S01/20241211/00012,3,P107446,4,593.14,SALE,2024-12-11T14:15:45,S01,20241211
S01/20241211/00012,4,P104112,1,52.93,SALE,2024-12-11T14:15:45,S01,20241211
S01/20241211/00012,5,TAX,1,737.64,TAX,2024-12-11T14:15:45,S01,20241211
S01/20241211/00012,6,TENDER,1,5237.21,TENDER,2024-12-11T14:15:45,S01,20241211
S01/20241211/00013,1,P101599,2,417.76,SALE,2024-12-11T08:41:35,S01,20241211
S01/20241211/00013,2,P105562,3,422.85,SALE,2024-12-11T08:41:35,S01,20241211
S01/20241211/00013,3,DISC,1,-149.75,DISCOUNT,2024-12-11T08:41:35,S01,20241211
S01/20241211/00013,4,TAX,1,351.78,TAX,2024-12-11T08:41:35,S01,20241211
S01/20241211/00013,5,TENDER,1,2306.10,TENDER,2024-12-11T08:41:35,S01,20241211
S01/20241211/00014,1,P106813,3,257.87,SALE,2024-12-11T14:24:28,S01,20241211
S01/20241211/00014,2,P102175,2,191.56,SALE,2024-12-11T14:24:28,S01,20241211
S01/20241211/00014,3,P103309,4,59.95,SALE,2024-12-11T14:24:28,S01,20241211
S01/20241211/00014,4,P100308,3,328.66,SALE,2024-12-11T14:24:28,S01,20241211
S01/20241211/00014,5,P101876,6,68.16,SALE,2024-12-11T14:24:28,S01,20241211
S01/20241211/00014,6,P108379,4,300.71,SALE,2024-12-11T14:24:28,S01,20241211
S01/20241211/00014,7,P106367,2,650.25,SALE,2024-12-11T14:24:28,S01,20241211
S01/20241211/00014,8,TAX,1,452.95,TAX,2024-12-11T14:24:28,S01,20241211
S01/20241211/00014,9,TENDER,1,5747.76,TENDER,2024-12-11T14:24:28,S01,20241211
S01/20241211/00015,1,P100250,2,544.91,SALE,2024-12-11T18:37:01,S01,20241211
S01/20241211/00015,2,P108206,1,81.62,SALE,2024-12-11T18:37:01,S01,20241211
S01/20241211/00015,3,P107753,4,73.61,SALE,2024-12-11T18:37:01,S01,20241211
S01/20241211/00015,4,P105562,2,422.85,SALE,2024-12-11T18:37:01,S01,20241211
S01/20241211/00015,5,P106679,3,181.66,SALE,2024-12-11T18:37:01,S01,20241211
S01/20241211/00015,6,P103374,1,38.02,SALE,2024-12-11T18:37:01,S01,20241211
S01/20241211/00015,7,P102014,2,261.84,SALE,2024-12-11T18:37:01,S01,20241211
S01/20241211/00015,8,TAX,1,307.82,TAX,2024-12-11T18:37:01,S01,20241211
S01/20241211/00015,9,TENDER,1,3726.08,TENDER,2024-12-11T18:37:01,S01,20241211
S01/20241211/00016,1,P104944,2,54.97,SALE,2024-12-11T18:59:03,S01,20241211
S01/20241211/00016,2,P103616,1,662.98,SALE,2024-12-11T18:59:03,S01,20241211
S01/20241211/00016,3,P107623,3,468.34,SALE,2024-12-11T18:59:03,S01,20241211
S01/20241211/00016,4,P108162,2,257.55,SALE,2024-12-11T18:59:03,S01,20241211
S01/20241211/00016,5,TAX,1,331.60,TAX,2024-12-11T18:59:03,S01,20241211
S01/20241211/00016,6,TENDER,1,3024.64,TENDER,2024-12-11T18:59:03,S01,20241211
S01/20241211/00017,1,P106244,4,73.94,SALE,2024-12-11T11:41:30,S01,20241211
S01/20241211/00017,2,P103202,2,295.26,SALE,2024-12-11T11:41:30,S01,20241211
S01/20241211/00017,3,P104715,1,162.67,SALE,2024-12-11T11:41:30,S01,20241211
S01/20241211/00017,4,P103886,3,312.24,SALE,2024-12-11T11:41:30,S01,20241211
S01/20241211/00017,5,TAX,1,135.63,TAX,2024-12-11T11:41:30,S01,20241211
S01/20241211/00017,6,TENDER,1,2121.30,TENDER,2024-12-11T11:41:30,S01,20241211
S01/20241211/00018,1,P103606,1,185.94,SALE,2024-12-11T10:43:17,S01,20241211
S01/20241211/00018,2,P104266,3,431.11,SALE,2024-12-11T10:43:17,S01,20241211
S01/20241211/00018,3,P106989,2,26.75,SALE,2024-12-11T10:43:17,S01,20241211
S01/20241211/00018,4,TAX,1,251.73,TAX,2024-12-11T10:43:17,S01,20241211
S01/20241211/00018,5,TENDER,1,1784.50,TENDER,2024-12-11T10:43:17,S01,20241211
S01/20241211/00019,1,P105923,1,245.29,SALE,2024-12-11T15:29:26,S01,20241211
S01/20241211/00019,2,P105307,2,818.25,SALE,2024-12-11T15:29:26,S01,20241211
S01/20241211/00019,3,P102321,3,35.15,SALE,2024-12-11T15:29:26,S01,20241211
S01/20241211/00019,4,P105155,2,350.84,SALE,2024-12-11T15:29:26,S01,20241211
S01/20241211/00019,5,P104784,1,370.89,SALE,2024-12-11T15:29:26,S01,20241211
S01/20241211/00019,6,P101570,2,298.03,SALE,2024-12-11T15:29:26,S01,20241211
S01/20241211/00019,7,P100536,2,447.94,SALE,2024-12-11T15:29:26,S01,20241211
S01/20241211/00019,8,TAX,1,419.12,TAX,2024-12-11T15:29:26,S01,20241211
S01/20241211/00019,9,TENDER,1,4970.87,TENDER,2024-12-11T15:29:26,S01,20241211
S01/20241211/00020,1,P107226,1,88.38,SALE,2024-12-11T23:44:44,S01,20241211
S01/20241211/00020,2,P102534,2,98.12,SALE,2024-12-11T23:44:44,S01,20241211
S01/20241211/00020,3,TAX,1,51.23,TAX,2024-12-11T23:44:44,S01,20241211
S01/20241211/00020,4,TENDER,1,335.85,TENDER,2024-12-11T23:44:44,S01,20241211
S01/20241211/00021,1,P103661,2,125.81,SALE,2024-12-11T12:56:01,S01,20241211
S01/20241211/00021,2,P103096,1,315.47,SALE,2024-12-11T12:56:01,S01,20241211
S01/20241211/00021,3,P106015,1,148.43,SALE,2024-12-11T12:56:01,S01,20241211
S01/20241211/00021,4,P102042,1,151.18,SALE,2024-12-11T12:56:01,S01,20241211
S01/20241211/00021,5,P104316,2,489.63,SALE,2024-12-11T12:56:01,S01,20241211
S01/20241211/00021,6,P102230,1,335.28,SALE,2024-12-11T12:56:01,S01,20241211
S01/20241211/00021,7,TAX,1,374.65,TAX,2024-12-11T12:56:01,S01,20241211
S01/20241211/00021,8,TENDER,1,2555.89,TENDER,2024-12-11T12:56:01,S01,20241211
S01/20241211/00022,1,P105236,4,552.60,SALE,2024-12-11T16:22:41,S01,20241211
S01/20241211/00022,2,P103693,2,102.71,SALE,2024-12-11T16:22:41,S01,20241211
S01/20241211/00022,3,P105030,2,224.07,SALE,2024-12-11T16:22:41,S01,20241211
S01/20241211/00022,4,P107253,1,249.41,SALE,2024-12-11T16:22:41,S01,20241211
S01/20241211/00022,5,TAX,1,345.91,TAX,2024-12-11T16:22:41,S01,20241211
S01/20241211/00022,6,TENDER,1,3459.28,TENDER,2024-12-11T16:22:41,S01,20241211
S01/20241211/00023,1,P100421,1,121.56,SALE,2024-12-11T16:59:00,S01,20241211
S01/20241211/00023,2,TAX,1,0.00,TAX,2024-12-11T16:59:00,S01,20241211
S01/20241211/00023,3,TENDER,1,121.56,TENDER,2024-12-11T16:59:00,S01,20241211
S01/20241211/00024,1,P105845,4,121.94,SALE,2024-12-11T17:55:49,S01,20241211
S01/20241211/00024,2,P105937,1,259.08,SALE,2024-12-11T17:55:49,S01,20241211
S01/20241211/00024,3,DISC,1,-64.96,DISCOUNT,2024-12-11T17:55:49,S01,20241211
S01/20241211/00024,4,TAX,1,122.74,TAX,2024-12-11T17:55:49,S01,20241211
S01/20241211/00024,5,TENDER,1,804.62,TENDER,2024-12-11T17:55:49,S01,20241211
S01/20241211/00025,1,P105636,1,558.71,SALE,2024-12-11T17:20:06,S01,20241211
S01/20241211/00025,2,P105707,3,130.64,SALE,2024-12-11T17:20:06,S01,20241211
S01/20241211/00025,3,P106151,1,298.42,SALE,2024-12-11T17:20:06,S01,20241211
S01/20241211/00025,4,P101389,2,430.39,SALE,2024-12-11T17:20:06,S01,20241211
S01/20241211/00025,5,DISC,1,-125.73,DISCOUNT,2024-12-11T17:20:06,S01,20241211
S01/20241211/00025,6,TAX,1,223.61,TAX,2024-12-11T17:20:06,S01,20241211
S01/20241211/00025,7,TENDER,1,2207.71,TENDER,2024-12-11T17:20:06,S01,20241211
S01/20241211/00026,1,P101720,1,44.26,SALE,2024-12-11T20:00:43,S01,20241211
S01/20241211/00026,2,TAX,1,2.21,TAX,2024-12-11T20:00:43,S01,20241211
S01/20241211/00026,3,TENDER,1,46.47,TENDER,2024-12-11T20:00:43,S01,20241211
S01/20241211/00027,1,P103249,3,521.24,SALE,2024-12-11T13:09:09,S01,20241211
S01/20241211/00027,2,P105507,3,22.07,SALE,2024-12-11T13:09:09,S01,20241211
S01/20241211/00027,3,P103785,2,606.71,SALE,2024-12-11T13:09:09,S01,20241211
S01/20241211/00027,4,P103886,2,312.24,SALE,2024-12-11T13:09:09,S01,20241211
S01/20241211/00027,5,P100281,2,485.13,SALE,2024-12-11T13:09:09,S01,20241211
S01/20241211/00027,6,P105997,2,124.60,SALE,2024-12-11T13:09:09,S01,20241211
S01/20241211/00027,7,P105838,1,594.50,SALE,2024-12-11T13:09:09,S01,20241211
S01/20241211/00027,8,TAX,1,284.77,TAX,2024-12-11T13:09:09,S01,20241211
S01/20241211/00027,9,TENDER,1,5566.56,TENDER,2024-12-11T13:09:09,S01,20241211
S01/20241211/00028,1,P108186,1,324.50,SALE,2024-12-11T09:41:21,S01,20241211
S01/20241211/00028,2,P103584,2,402.02,SALE,2024-12-11T09:41:21,S01,20241211
S01/20241211/00028,3,P107555,1,1314.43,SALE,2024-12-11T09:41:21,S01,20241211
S01/20241211/00028,4,P100494,3,67.32,SALE,2024-12-11T09:41:21,S01,20241211
S01/20241211/00028,5,P107056,1,341.76,SALE,2024-12-11T09:41:21,S01,20241211
S01/20241211/00028,6,TAX,1,281.54,TAX,2024-12-11T09:41:21,S01,20241211
S01/20241211/00028,7,TENDER,1,3268.23,TENDER,2024-12-11T09:41:21,S01,20241211
S01/20241211/00029,1,P108118,3,66.05,SALE,2024-12-11T19:39:35,S01,20241211
S01/20241211/00029,2,P105180,2,102.63,SALE,2024-12-11T19:39:35,S01,20241211
S01/20241211/00029,3,P103137,3,218.09,SALE,2024-12-11T19:39:35,S01,20241211
S01/20241211/00029,4,P100791,1,46.20,SALE,2024-12-11T19:39:35,S01,20241211
S01/20241211/00029,5,TAX,1,127.68,TAX,2024-12-11T19:39:35,S01,20241211
S01/20241211/00029,6,TENDER,1,1231.56,TENDER,2024-12-11T19:39:35,S01,20241211
S01/20241211/00030,1,P102081,1,164.15,SALE,2024-12-11T20:37:56,S01,20241211
S01/20241211/00030,2,P100308,1,328.66,SALE,2024-12-11T20:37:56,S01,20241211
S01/20241211/00030,3,P103542,3,398.89,SALE,2024-12-11T20:37:56,S01,20241211
S01/20241211/00030,4,P105997,3,124.60,SALE,2024-12-11T20:37:56,S01,20241211
S01/20241211/00030,5,P106611,2,341.44,SALE,2024-12-11T20:37:56,S01,20241211
S01/20241211/00030,6,TAX,1,313.22,TAX,2024-12-11T20:37:56,S01,20241211
S01/20241211/00030,7,TENDER,1,3059.38,TENDER,2024-12-11T20:37:56,S01,20241211
S01/20241211/00031,1,P105524,2,81.14,SALE,2024-12-12T00:51:47,S01,20241211
S01/20241211/00031,2,P103693,2,102.71,SALE,2024-12-12T00:51:47,S01,20241211
S01/20241211/00031,3,P101258,5,216.42,SALE,2024-12-12T00:51:47,S01,20241211
S01/20241211/00031,4,P101470,3,196.94,SALE,2024-12-12T00:51:47,S01,20241211
S01/20241211/00031,5,P101859,3,66.16,SALE,2024-12-12T00:51:47,S01,20241211
S01/20241211/00031,6,P100026,1,315.91,SALE,2024-12-12T00:51:47,S01,20241211
S01/20241211/00031,7,TAX,1,263.60,TAX,2024-12-12T00:51:47,S01,20241211
S01/20241211/00031,8,TENDER,1,2818.61,TENDER,2024-12-12T00:51:47,S01,20241211
S01/20241211/00032,1,P106297,1,169.05,SALE,2024-12-11T17:05:37,S01,20241211
S01/20241211/00032,2,P102671,4,252.00,SALE,2024-12-11T17:05:37,S01,20241211
S01/20241211/00032,3,P106773,1,397.71,SALE,2024-12-11T17:05:37,S01,20241211
S01/20241211/00032,4,P107435,2,636.54,SALE,2024-12-11T17:05:37,S01,20241211
S01/20241211/00032,5,P104469,3,1631.11,SALE,2024-12-11T17:05:37,S01,20241211
S01/20241211/00032,6,TAX,1,1099.81,TAX,2024-12-11T17:05:37,S01,20241211
S01/20241211/00032,7,TENDER,1,8840.98,TENDER,2024-12-11T17:05:37,S01,20241211
S01/20241211/00033,1,P101122,6,69.38,SALE,2024-12-11T16:02:27,S01,20241211
S01/20241211/00033,2,P105209,5,399.92,SALE,2024-12-11T16:02:27,S01,20241211
S01/20241211/00033,3,P106024,2,501.26,SALE,2024-12-11T16:02:27,S01,20241211
S01/20241211/00033,4,TAX,1,615.31,TAX,2024-12-11T16:02:27,S01,20241211
S01/20241211/00033,5,TENDER,1,4033.71,TENDER,2024-12-11T16:02:27,S01,20241211
S01/20241211/00034,1,P103337,3,94.03,SALE,2024-12-11T15:51:11,S01,20241211
S01/20241211/00034,2,P104446,2,66.45,SALE,2024-12-11T15:51:11,S01,20241211
S01/20241211/00034,3,P106703,4,76.83,SALE,2024-12-11T15:51:11,S01,20241211
S01/20241211/00034,4,P106288,3,48.38,SALE,2024-12-11T15:51:11,S01,20241211
S01/20241211/00034,5,P102207,2,342.36,SALE,2024-12-11T15:51:11,S01,20241211
S01/20241211/00034,6,TAX,1,142.82,TAX,2024-12-11T15:51:11,S01,20241211
S01/20241211/00034,7,TENDER,1,1694.99,TENDER,2024-12-11T15:51:11,S01,20241211
S01/20241211/00035,1,P102559,1,86.19,SALE,2024-12-11T16:02:04,S01,20241211
S01/20241211/00035,2,P104175,2,814.13,SALE,2024-12-11T16:02:04,S01,20241211
S01/20241211/00035,3,P108292,2,104.02,SALE,2024-12-11T16:02:04,S01,20241211
S01/20241211/00035,4,P100883,1,723.68,SALE,2024-12-11T16:02:04,S01,20241211
S01/20241211/00035,5,P101933,1,1344.63,SALE,2024-12-11T16:02:04,S01,20241211
S01/20241211/00035,6,P103435,3,443.24,SALE,2024-12-11T16:02:04,S01,20241211
S01/20241211/00035,7,TAX,1,441.20,TAX,2024-12-11T16:02:04,S01,20241211
S01/20241211/00035,8,TENDER,1,5761.72,TENDER,2024-12-11T16:02:04,S01,20241211
S01/20241211/00036,1,P102707,3,425.19,SALE,2024-12-11T13:06:03,S01,20241211
S01/20241211/00036,2,P103090,2,841.97,SALE,2024-12-11T13:06:03,S01,20241211
S01/20241211/00036,3,P100604,2,167.40,SALE,2024-12-11T13:06:03,S01,20241211
S01/20241211/00036,4,P106426,2,154.27,SALE,2024-12-11T13:06:03,S01,20241211
S01/20241211/00036,5,P103886,3,312.24,SALE,2024-12-11T13:06:03,S01,20241211
S01/20241211/00036,6,TAX,1,292.80,TAX,2024-12-11T13:06:03,S01,20241211
S01/20241211/00036,7,TENDER,1,4832.37,TENDER,2024-12-11T13:06:03,S01,20241211
S01/20241212/00001,1,P101564,2,172.72,SALE,2024-12-12T15:23:51,S01,20241212
S01/20241212/00001,2,P101974,1,302.00,SALE,2024-12-12T15:23:51,S01,20241212
S01/20241212/00001,3,P102202,1,194.70,SALE,2024-12-12T15:23:51,S01,20241212
S01/20241212/00001,4,P105845,3,121.94,SALE,2024-12-12T15:23:51,S01,20241212
S01/20241212/00001,5,TAX,1,217.43,TAX,2024-12-12T15:23:51,S01,20241212
S01/20241212/00001,6,TENDER,1,1425.39,TENDER,2024-12-12T15:23:51,S01,20241212
S01/20241212/00002,1,P102230,2,335.28,SALE,2024-12-12T15:45:39,S01,20241212
S01/20241212/00002,2,P106282,3,493.27,SALE,2024-12-12T15:45:39,S01,20241212
S01/20241212/00002,3,TAX,1,387.07,TAX,2024-12-12T15:45:39,S01,20241212
S01/20241212/00002,4,TENDER,1,2537.44,TENDER,2024-12-12T15:45:39,S01,20241212
S01/20241212/00003,1,P104251,2,79.68,SALE,2024-12-12T19:21:15,S01,20241212
S01/20241212/00003,2,P108319,4,262.79,SALE,2024-12-12T19:21:15,S01,20241212
S01/20241212/00003,3,TAX,1,81.24,TAX,2024-12-12T19:21:15,S01,20241212
S01/20241212/00003,4,TENDER,1,1291.76,TENDER,2024-12-12T19:21:15,S01,20241212
S01/20241212/00004,1,P102516,3,1272.67,SALE,2024-12-12T22:40:49,S01,20241212
S01/20241212/00004,2,P102546,2,74.67,SALE,2024-12-12T22:40:49,S01,20241212
S01/20241212/00004,3,P108369,1,343.20,SALE,2024-12-12T22:40:49,S01,20241212
S01/20241212/00004,4,TAX,1,279.56,TAX,2024-12-12T22:40:49,S01,20241212
S01/20241212/00004,5,TENDER,1,4590.11,TENDER,2024-12-12T22:40:49,S01,20241212
S01/20241212/00005,1,P106490,2,671.88,SALE,2024-12-12T11:12:29,S01,20241212
S01/20241212/00005,2,P106620,1,273.19,SALE,2024-12-12T11:12:29,S01,20241212
S01/20241212/00005,3,P104700,3,1425.82,SALE,2024-12-12T11:12:29,S01,20241212
S01/20241212/00005,4,DISC,1,-557.84,DISCOUNT,2024-12-12T11:12:29,S01,20241212
S01/20241212/00005,5,TAX,1,29.68,TAX,2024-12-12T11:12:29,S01,20241212
S01/20241212/00005,6,TENDER,1,5366.25,TENDER,2024-12-12T11:12:29,S01,20241212
S01/20241212/00006,1,P102821,1,1314.43,SALE,2024-12-12T16:02:48,S01,20241212
S01/20241212/00006,2,P100855,3,345.07,SALE,2024-12-12T16:02:48,S01,20241212
S01/20241212/00006,3,P103416,1,73.27,SALE,2024-12-12T16:02:48,S01,20241212
S01/20241212/00006,4,P100717,2,561.52,SALE,2024-12-12T16:02:48,S01,20241212
S01/20241212/00006,5,P103620,4,474.03,SALE,2024-12-12T16:02:48,S01,20241212
S01/20241212/00006,6,P106671,2,90.38,SALE,2024-12-12T16:02:48,S01,20241212
S01/20241212/00006,7,P104600,3,56.45,SALE,2024-12-12T16:02:48,S01,20241212
S01/20241212/00006,8,TAX,1,419.18,TAX,2024-12-12T16:02:48,S01,20241212
S01/20241212/00006,9,TENDER,1,6211.36,TENDER,2024-12-12T16:02:48,S01,20241212
S01/20241212/00007,1,P103231,3,241.80,SALE,2024-12-12T19:29:40,S01,20241212
S01/20241212/00007,2,P108206,1,81.62,SALE,2024-12-12T19:29:40,S01,20241212
S01/20241212/00007,3,P101218,2,61.39,SALE,2024-12-12T19:29:40,S01,20241212
S01/20241212/00007,4,P100767,1,277.22,SALE,2024-12-12T19:29:40,S01,20241212
S01/20241212/00007,5,P101842,2,227.96,SALE,2024-12-12T19:29:40,S01,20241212
S01/20241212/00007,6,P105603,1,202.29,SALE,2024-12-12T19:29:40,S01,20241212
S01/20241212/00007,7,P105923,2,245.29,SALE,2024-12-12T19:29:40,S01,20241212
S01/20241212/00007,8,P107078,1,98.82,SALE,2024-12-12T19:29:40,S01,20241212
S01/20241212/00007,9,P104485,1,643.04,SALE,2024-12-12T19:29:40,S01,20241212
S01/20241212/00007,10,DISC,1,-205.90,DISCOUNT,2024-12-12T19:29:40,S01,20241212
S01/20241212/00007,11,TAX,1,235.75,TAX,2024-12-12T19:29:40,S01,20241212
S01/20241212/00007,12,TENDER,1,3127.52,TENDER,2024-12-12T19:29:40,S01,20241212
S01/20241212/00008,1,P105453,2,465.18,SALE,2024-12-12T15:02:21,S01,20241212
S01/20241212/00008,2,P104944,1,54.97,SALE,2024-12-12T15:02:21,S01,20241212
S01/20241212/00008,3,DISC,1,-103.47,DISCOUNT,2024-12-12T15:02:21,S01,20241212
S01/20241212/00008,4,TAX,1,158.73,TAX,2024-12-12T15:02:21,S01,20241212
S01/20241212/00008,5,TENDER,1,1040.59,TENDER,2024-12-12T15:02:21,S01,20241212
S01/20241212/00009,1,P106282,2,448.43,SALE,2024-12-12T15:41:27,S01,20241212
S01/20241212/00009,2,P102833,2,680.71,SALE,2024-12-12T15:41:27,S01,20241212
S01/20241212/00009,3,P107837,2,104.51,SALE,2024-12-12T15:41:27,S01,20241212
S01/20241212/00009,4,P104410,4,541.11,SALE,2024-12-12T15:41:27,S01,20241212
S01/20241212/00009,5,P101747,3,245.75,SALE,2024-12-12T15:41:27,S01,20241212
S01/20241212/00009,6,P102129,2,241.90,SALE,2024-12-12T15:41:27,S01,20241212
S01/20241212/00009,7,TAX,1,717.78,TAX,2024-12-12T15:41:27,S01,20241212
S01/20241212/00009,8,TENDER,1,6570.57,TENDER,2024-12-12T15:41:27,S01,20241212
S01/20241212/00010,1,P102735,3,534.08,SALE,2024-12-12T09:36:09,S01,20241212
S01/20241212/00010,2,P103704,2,188.13,SALE,2024-12-12T09:36:09,S01,20241212
S01/20241212/00010,3,P106745,1,621.98,SALE,2024-12-12T09:36:09,S01,20241212
S01/20241212/00010,4,TAX,1,468.09,TAX,2024-12-12T09:36:09,S01,20241212
S01/20241212/00010,5,TENDER,1,3068.57,TENDER,2024-12-12T09:36:09,S01,20241212
S01/20241212/00011,1,P108131,2,627.37,SALE,2024-12-12T14:34:03,S01,20241212
S01/20241212/00011,2,P105145,4,763.65,SALE,2024-12-12T14:34:03,S01,20241212
S01/20241212/00011,3,P106454,2,127.35,SALE,2024-12-12T14:34:03,S01,20241212
S01/20241212/00011,4,P101404,3,228.51,SALE,2024-12-12T14:34:03,S01,20241212
S01/20241212/00011,5,DISC,1,-561.64,DISCOUNT,2024-12-12T14:34:03,S01,20241212
S01/20241212/00011,6,TAX,1,98.01,TAX,2024-12-12T14:34:03,S01,20241212
S01/20241212/00011,7,TENDER,1,4785.94,TENDER,2024-12-12T14:34:03,S01,20241212
S01/20241212/00012,1,P101083,2,349.65,SALE,2024-12-12T16:59:48,S01,20241212
S01/20241212/00012,2,P103704,3,188.13,SALE,2024-12-12T16:59:48,S01,20241212
S01/20241212/00012,3,P104478,5,18.27,SALE,2024-12-12T16:59:48,S01,20241212
S01/20241212/00012,4,P107884,3,29.77,SALE,2024-12-12T16:59:48,S01,20241212
S01/20241212/00012,5,P101720,1,44.26,SALE,2024-12-12T16:59:48,S01,20241212
S01/20241212/00012,6,P100703,2,171.10,SALE,2024-12-12T16:59:48,S01,20241212
S01/20241212/00012,7,TAX,1,303.26,TAX,2024-12-12T16:59:48,S01,20241212
S01/20241212/00012,8,TENDER,1,2134.07,TENDER,2024-12-12T16:59:48,S01,20241212
S01/20241212/00013,1,P102371,2,59.77,SALE,2024-12-12T19:03:10,S01,20241212
S01/20241212/00013,2,TAX,1,0.00,TAX,2024-12-12T19:03:10,S01,20241212
S01/20241212/00013,3,TENDER,1,119.54,TENDER,2024-12-12T19:03:10,S01,20241212
S01/20241212/00014,1,P102874,1,142.11,SALE,2024-12-12T21:04:35,S01,20241212
S01/20241212/00014,2,P106885,1,137.92,SALE,2024-12-12T21:04:35,S01,20241212
S01/20241212/00014,3,P101876,4,68.16,SALE,2024-12-12T21:04:35,S01,20241212
S01/20241212/00014,4,P107373,2,96.28,SALE,2024-12-12T21:04:35,S01,20241212
S01/20241212/00014,5,P106297,3,169.05,SALE,2024-12-12T21:04:35,S01,20241212
S01/20241212/00014,6,TAX,1,136.85,TAX,2024-12-12T21:04:35,S01,20241212
S01/20241212/00014,7,TENDER,1,1389.23,TENDER,2024-12-12T21:04:35,S01,20241212
S01/20241212/00015,1,P103328,1,228.35,SALE,2024-12-13T00:58:59,S01,20241212
S01/20241212/00015,2,P101117,3,208.14,SALE,2024-12-13T00:58:59,S01,20241212
S01/20241212/00015,3,P104257,2,42.95,SALE,2024-12-13T00:58:59,S01,20241212
S01/20241212/00015,4,P104765,2,401.36,SALE,2024-12-13T00:58:59,S01,20241212
S01/20241212/00015,5,TAX,1,141.72,TAX,2024-12-13T00:58:59,S01,20241212
S01/20241212/00015,6,TENDER,1,1883.11,TENDER,2024-12-13T00:58:59,S01,20241212
S01/20241212/00016,1,P106592,2,815.90,SALE,2024-12-12T17:18:08,S01,20241212
S01/20241212/00016,2,TAX,1,81.59,TAX,2024-12-12T17:18:08,S01,20241212
S01/20241212/00016,3,TENDER,1,1713.39,TENDER,2024-12-12T17:18:08,S01,20241212
S01/20241212/00017,1,P100555,1,435.03,SALE,2024-12-12T14:48:12,S01,20241212
S01/20241212/00017,2,P104358,1,1243.57,SALE,2024-12-12T14:48:12,S01,20241212
S01/20241212/00017,3,TAX,1,227.53,TAX,2024-12-12T14:48:12,S01,20241212
S01/20241212/00017,4,TENDER,1,1906.13,TENDER,2024-12-12T14:48:12,S01,20241212
S01/20241212/00018,1,P106942,2,206.70,SALE,2024-12-12T16:21:32,S01,20241212
S01/20241212/00018,2,P104064,1,326.15,SALE,2024-12-12T16:21:32,S01,20241212
S01/20241212/00018,3,P101638,3,402.54,SALE,2024-12-12T16:21:32,S01,20241212
S01/20241212/00018,4,P102779,3,25.62,SALE,2024-12-12T16:21:32,S01,20241212
S01/20241212/00018,5,P104155,2,137.46,SALE,2024-12-12T16:21:32,S01,20241212
S01/20241212/00018,6,TAX,1,213.95,TAX,2024-12-12T16:21:32,S01,20241212
S01/20241212/00018,7,TENDER,1,2512.90,TENDER,2024-12-12T16:21:32,S01,20241212
S01/20241212/00019,1,P100406,1,435.20,SALE,2024-12-12T19:03:35,S01,20241212
S01/20241212/00019,2,P104032,1,603.87,SALE,2024-12-12T19:03:35,S01,20241212
S01/20241212/00019,3,TAX,1,130.46,TAX,2024-12-12T19:03:35,S01,20241212
S01/20241212/00019,4,TENDER,1,1169.53,TENDER,2024-12-12T19:03:35,S01,20241212
S01/20241212/00020,1,P103727,1,116.88,SALE,2024-12-12T16:50:01,S01,20241212
S01/20241212/00020,2,P101034,2,94.74,SALE,2024-12-12T16:50:01,S01,20241212
S01/20241212/00020,3,P100677,3,256.17,SALE,2024-12-12T16:50:01,S01,20241212
S01/20241212/00020,4,P106009,2,372.60,SALE,2024-12-12T16:50:01,S01,20241212
S01/20241212/00020,5,P103986,1,495.05,SALE,2024-12-12T16:50:01,S01,20241212
S01/20241212/00020,6,P104867,3,190.50,SALE,2024-12-12T16:50:01,S01,20241212
S01/20241212/00020,7,P102371,2,59.77,SALE,2024-12-12T16:50:01,S01,20241212
S01/20241212/00020,8,P105624,3,380.06,SALE,2024-12-12T16:50:01,S01,20241212
S01/20241212/00020,9,DISC,1,-423.33,DISCOUNT,2024-12-12T16:50:01,S01,20241212
S01/20241212/00020,10,TAX,1,394.37,TAX,2024-12-12T16:50:01,S01,20241212
S01/20241212/00020,11,TENDER,1,4117.38,TENDER,2024-12-12T16:50:01,S01,20241212
S01/20241212/00021,1,P108131,3,627.37,SALE,2024-12-12T14:31:36,S01,20241212
S01/20241212/00021,2,P100595,2,404.82,SALE,2024-12-12T14:31:36,S01,20241212
S01/20241212/00021,3,P103273,2,356.86,SALE,2024-12-12T14:31:36,S01,20241212
S01/20241212/00021,4,P103973,2,108.48,SALE,2024-12-12T14:31:36,S01,20241212
S01/20241212/00021,5,TAX,1,315.96,TAX,2024-12-12T14:31:36,S01,20241212
S01/20241212/00021,6,TENDER,1,3938.39,TENDER,2024-12-12T14:31:36,S01,20241212
S01/20241212/00022,1,P103281,1,172.43,SALE,2024-12-12T19:51:15,S01,20241212
S01/20241212/00022,2,P105413,1,168.78,SALE,2024-12-12T19:51:15,S01,20241212
S01/20241212/00022,3,P106373,1,48.45,SALE,2024-12-12T19:51:15,S01,20241212
S01/20241212/00022,4,P100840,2,248.08,SALE,2024-12-12T19:51:15,S01,20241212
S01/20241212/00022,5,P105003,1,323.64,SALE,2024-12-12T19:51:15,S01,20241212
S01/20241212/00022,6,DISC,1,-60.01,DISCOUNT,2024-12-12T19:51:15,S01,20241212
S01/20241212/00022,7,TAX,1,191.29,TAX,2024-12-12T19:51:15,S01,20241212
S01/20241212/00022,8,TENDER,1,1340.74,TENDER,2024-12-12T19:51:15,S01,20241212
S01/20241212/00023,1,P104462,3,86.38,SALE,2024-12-12T17:26:53,S01,20241212
S01/20241212/00023,2,P107903,1,22.86,SALE,2024-12-12T17:26:53,S01,20241212
S01/20241212/00023,3,P107242,2,635.24,SALE,2024-12-12T17:26:53,S01,20241212
S01/20241212/00023,4,P104733,1,669.60,SALE,2024-12-12T17:26:53,S01,20241212
S01/20241212/00023,5,P101359,3,49.69,SALE,2024-12-12T17:26:53,S01,20241212
S01/20241212/00023,6,P105176,3,509.66,SALE,2024-12-12T17:26:53,S01,20241212
S01/20241212/00023,7,TAX,1,503.17,TAX,2024-12-12T17:26:53,S01,20241212
S01/20241212/00023,8,TENDER,1,4403.30,TENDER,2024-12-12T17:26:53,S01,20241212
S01/20241212/00024,1,P101184,2,64.09,SALE,2024-12-12T18:26:59,S01,20241212
S01/20241212/00024,2,P106802,5,739.16,SALE,2024-12-12T18:26:59,S01,20241212
S01/20241212/00024,3,P101225,1,452.38,SALE,2024-12-12T18:26:59,S01,20241212
S01/20241212/00024,4,P106648,4,339.01,SALE,2024-12-12T18:26:59,S01,20241212
S01/20241212/00024,5,TAX,1,322.26,TAX,2024-12-12T18:26:59,S01,20241212
S01/20241212/00024,6,TENDER,1,5954.66,TENDER,2024-12-12T18:26:59,S01,20241212
S01/20241212/00025,1,P107354,2,227.60,SALE,2024-12-12T17:10:24,S01,20241212
S01/20241212/00025,2,P105164,2,242.35,SALE,2024-12-12T17:10:24,S01,20241212
S01/20241212/00025,3,P104008,4,116.02,SALE,2024-12-12T17:10:24,S01,20241212
S01/20241212/00025,4,P108191,2,309.71,SALE,2024-12-12T17:10:24,S01,20241212
S01/20241212/00025,5,P107621,2,119.64,SALE,2024-12-12T17:10:24,S01,20241212
S01/20241212/00025,6,P102042,2,151.18,SALE,2024-12-12T17:10:24,S01,20241212
S01/20241212/00025,7,TAX,1,145.08,TAX,2024-12-12T17:10:24,S01,20241212
S01/20241212/00025,8,TENDER,1,2710.12,TENDER,2024-12-12T17:10:24,S01,20241212
S01/20241212/00026,1,P102346,2,89.47,SALE,2024-12-12T17:23:45,S01,20241212
S01/20241212/00026,2,P107477,1,116.48,SALE,2024-12-12T17:23:45,S01,20241212
S01/20241212/00026,3,P103559,2,370.21,SALE,2024-12-12T17:23:45,S01,20241212
S01/20241212/00026,4,P107409,2,486.68,SALE,2024-12-12T17:23:45,S01,20241212
S01/20241212/00026,5,DISC,1,-109.43,DISCOUNT,2024-12-12T17:23:45,S01,20241212
S01/20241212/00026,6,TAX,1,106.83,TAX,2024-12-12T17:23:45,S01,20241212
S01/20241212/00026,7,TENDER,1,2006.60,TENDER,2024-12-12T17:23:45,S01,20241212
S01/20241212/00027,1,P102718,2,356.09,SALE,2024-12-12T15:00:50,S01,20241212
S01/20241212/00027,2,P103600,1,107.84,SALE,2024-12-12T15:00:50,S01,20241212
S01/20241212/00027,3,P100921,3,441.43,SALE,2024-12-12T15:00:50,S01,20241212
S01/20241212/00027,4,P104606,1,98.45,SALE,2024-12-12T15:00:50,S01,20241212
S01/20241212/00027,5,TAX,1,383.77,TAX,2024-12-12T15:00:50,S01,20241212
S01/20241212/00027,6,TENDER,1,2626.53,TENDER,2024-12-12T15:00:50,S01,20241212
S01/20241212/00028,1,P102091,3,87.97,SALE,2024-12-12T20:20:55,S01,20241212
S01/20241212/00028,2,P104800,2,692.51,SALE,2024-12-12T20:20:55,S01,20241212
S01/20241212/00028,3,P108144,5,253.94,SALE,2024-12-12T20:20:55,S01,20241212
S01/20241212/00028,4,P106671,1,90.38,SALE,2024-12-12T20:20:55,S01,20241212
S01/20241212/00028,5,P102833,2,680.71,SALE,2024-12-12T20:20:55,S01,20241212
S01/20241212/00028,6,P108361,2,73.59,SALE,2024-12-12T20:20:55,S01,20241212
S01/20241212/00028,7,P101722,1,1460.17,SALE,2024-12-12T20:20:55,S01,20241212
S01/20241212/00028,8,P100731,3,254.77,SALE,2024-12-12T20:20:55,S01,20241212
S01/20241212/00028,9,P106080,2,361.06,SALE,2024-12-12T20:20:55,S01,20241212
S01/20241212/00028,10,TAX,1,688.40,TAX,2024-12-12T20:20:55,S01,20241212
S01/20241212/00028,11,TENDER,1,8152.61,TENDER,2024-12-12T20:20:55,S01,20241212
S01/20241212/00029,1,P100203,2,272.10,SALE,2024-12-12T15:46:29,S01,20241212
S01/20241212/00029,2,P104401,3,207.51,SALE,2024-12-12T15:46:29,S01,20241212
S01/20241212/00029,3,TAX,1,101.91,TAX,2024-12-12T15:46:29,S01,20241212
S01/20241212/00029,4,TENDER,1,1268.64,TENDER,2024-12-12T15:46:29,S01,20241212
S01/20241212/00030,1,P104155,3,144.69,SALE,2024-12-12T17:36:40,S01,20241212
S01/20241212/00030,2,P106823,5,148.11,SALE,2024-12-12T17:36:40,S01,20241212
S01/20241212/00030,3,P104328,5,64.22,SALE,2024-12-12T17:36:40,S01,20241212
S01/20241212/00030,4,P107294,1,85.13,SALE,2024-12-12T17:36:40,S01,20241212
S01/20241212/00030,5,P108050,1,1166.49,SALE,2024-12-12T17:36:40,S01,20241212
S01/20241212/00030,6,P106934,1,1701.24,SALE,2024-12-12T17:36:40,S01,20241212
S01/20241212/00030,7,P104439,1,123.98,SALE,2024-12-12T17:36:40,S01,20241212
S01/20241212/00030,8,TAX,1,189.82,TAX,2024-12-12T17:36:40,S01,20241212
S01/20241212/00030,9,TENDER,1,4762.38,TENDER,2024-12-12T17:36:40,S01,20241212
S01/20241212/00031,1,P102849,1,682.39,SALE,2024-12-12T14:08:25,S01,20241212
S01/20241212/00031,2,P104032,2,603.87,SALE,2024-12-12T14:08:25,S01,20241212
S01/20241212/00031,3,DISC,1,-111.20,DISCOUNT,2024-12-12T14:08:25,S01,20241212
S01/20241212/00031,4,TAX,1,281.67,TAX,2024-12-12T14:08:25,S01,20241212
S01/20241212/00031,5,TENDER,1,2060.60,TENDER,2024-12-12T14:08:25,S01,20241212
S01/20241212/00032,1,P104891,1,757.22,SALE,2024-12-12T13:01:00,S01,20241212
S01/20241212/00032,2,P107381,1,195.99,SALE,2024-12-12T13:01:00,S01,20241212
S01/20241212/00032,3,P107872,4,650.85,SALE,2024-12-12T13:01:00,S01,20241212
S01/20241212/00032,4,TAX,1,244.56,TAX,2024-12-12T13:01:00,S01,20241212
S01/20241212/00032,5,TENDER,1,3801.17,TENDER,2024-12-12T13:01:00,S01,20241212
S01/20241212/00033,1,P101037,2,613.83,SALE,2024-12-12T13:16:09,S01,20241212
S01/20241212/00033,2,P107508,1,1577.69,SALE,2024-12-12T13:16:09,S01,20241212
S01/20241212/00033,3,P102833,2,680.71,SALE,2024-12-12T13:16:09,S01,20241212
S01/20241212/00033,4,P108369,2,343.20,SALE,2024-12-12T13:16:09,S01,20241212
S01/20241212/00033,5,DISC,1,-272.89,DISCOUNT,2024-12-12T13:16:09,S01,20241212
S01/20241212/00033,6,TAX,1,568.08,TAX,2024-12-12T13:16:09,S01,20241212
S01/20241212/00033,7,TENDER,1,5148.36,TENDER,2024-12-12T13:16:09,S01,20241212
S01/20241212/00034,1,P106009,3,372.60,SALE,2024-12-12T13:42:37,S01,20241212
S01/20241212/00034,2,P100156,3,1528.63,SALE,2024-12-12T13:42:37,S01,20241212
S01/20241212/00034,3,P105583,1,179.43,SALE,2024-12-12T13:42:37,S01,20241212
S01/20241212/00034,4,P104107,1,479.48,SALE,2024-12-12T13:42:37,S01,20241212
S01/20241212/00034,5,P107072,1,75.15,SALE,2024-12-12T13:42:37,S01,20241212
S01/20241212/00034,6,TAX,1,252.74,TAX,2024-12-12T13:42:37,S01,20241212
S01/20241212/00034,7,TENDER,1,6690.49,TENDER,2024-12-12T13:42:37,S01,20241212
S01/20241212/00035,1,P105252,1,12.09,SALE,2024-12-12T13:27:50,S01,20241212
S01/20241212/00035,2,P100367,1,537.90,SALE,2024-12-12T13:27:50,S01,20241212
S01/20241212/00035,3,P103922,2,51.00,SALE,2024-12-12T13:27:50,S01,20241212
S01/20241212/00035,4,P108135,5,562.62,SALE,2024-12-12T13:27:50,S01,20241212
S01/20241212/00035,5,P100754,1,91.60,SALE,2024-12-12T13:27:50,S01,20241212
S01/20241212/00035,6,TAX,1,121.94,TAX,2024-12-12T13:27:50,S01,20241212
S01/20241212/00035,7,TENDER,1,3678.63,TENDER,2024-12-12T13:27:50,S01,20241212
S01/20241212/00036,1,P103273,1,356.86,SALE,2024-12-13T00:37:40,S01,20241212
S01/20241212/00036,2,P100221,1,139.88,SALE,2024-12-13T00:37:40,S01,20241212
S01/20241212/00036,3,P100276,2,965.56,SALE,2024-12-13T00:37:40,S01,20241212
S01/20241212/00036,4,P106181,2,778.60,SALE,2024-12-13T00:37:40,S01,20241212
S01/20241212/00036,5,P100511,1,442.66,SALE,2024-12-13T00:37:40,S01,20241212
S01/20241212/00036,6,P102534,1,98.12,SALE,2024-12-13T00:37:40,S01,20241212
S01/20241212/00036,7,P104435,1,477.09,SALE,2024-12-13T00:37:40,S01,20241212
S01/20241212/00036,8,DISC,1,-453.40,DISCOUNT,2024-12-13T00:37:40,S01,20241212
S01/20241212/00036,9,TAX,1,258.44,TAX,2024-12-13T00:37:40,S01,20241212
S01/20241212/00036,10,TENDER,1,4807.97,TENDER,2024-12-13T00:37:40,S01,20241212
S01/20241212/00037,1,P107966,2,391.71,SALE,2024-12-12T15:35:14,S01,20241212
S01/20241212/00037,2,P104891,3,757.22,SALE,2024-12-12T15:35:14,S01,20241212
S01/20241212/00037,3,P104372,1,105.38,SALE,2024-12-12T15:35:14,S01,20241212
S01/20241212/00037,4,P101732,4,1390.76,SALE,2024-12-12T15:35:14,S01,20241212
S01/20241212/00037,5,P102566,3,414.37,SALE,2024-12-12T15:35:14,S01,20241212
S01/20241212/00037,6,TAX,1,1007.59,TAX,2024-12-12T15:35:14,S01,20241212
S01/20241212/00037,7,TENDER,1,10974.20,TENDER,2024-12-12T15:35:14,S01,20241212
S01/20241212/00038,1,P108292,3,104.02,SALE,2024-12-12T13:54:18,S01,20241212
S01/20241212/00038,2,P100904,3,68.79,SALE,2024-12-12T13:54:18,S01,20241212
S01/20241212/00038,3,P103577,1,100.44,SALE,2024-12-12T13:54:18,S01,20241212
S01/20241212/00038,4,P103040,1,410.59,SALE,2024-12-12T13:54:18,S01,20241212
S01/20241212/00038,5,P104733,3,669.60,SALE,2024-12-12T13:54:18,S01,20241212
S01/20241212/00038,6,P104572,3,182.16,SALE,2024-12-12T13:54:18,S01,20241212
S01/20241212/00038,7,TAX,1,512.01,TAX,2024-12-12T13:54:18,S01,20241212
S01/20241212/00038,8,TENDER,1,4096.75,TENDER,2024-12-12T13:54:18,S01,20241212
S01/20241212/00039,1,P106858,2,281.23,SALE,2024-12-12T15:26:00,S01,20241212
S01/20241212/00039,2,P100421,2,121.56,SALE,2024-12-12T15:26:00,S01,20241212
S01/20241212/00039,3,P102516,3,1272.67,SALE,2024-12-12T15:26:00,S01,20241212
S01/20241212/00039,4,P106115,1,128.36,SALE,2024-12-12T15:26:00,S01,20241212
S01/20241212/00039,5,TAX,1,315.25,TAX,2024-12-12T15:26:00,S01,20241212
S01/20241212/00039,6,TENDER,1,5067.20,TENDER,2024-12-12T15:26:00,S01,20241212
S01/20241212/00040,1,P102845,2,261.08,SALE,2024-12-12T19:52:46,S01,20241212
S01/20241212/00040,2,P105819,2,66.64,SALE,2024-12-12T19:52:46,S01,20241212
S01/20241212/00040,3,P107784,1,245.59,SALE,2024-12-12T19:52:46,S01,20241212
S01/20241212/00040,4,P106353,1,267.43,SALE,2024-12-12T19:52:46,S01,20241212
S01/20241212/00040,5,DISC,1,-139.80,DISCOUNT,2024-12-12T19:52:46,S01,20241212
S01/20241212/00040,6,TAX,1,112.43,TAX,2024-12-12T19:52:46,S01,20241212
S01/20241212/00040,7,TENDER,1,1141.09,TENDER,2024-12-12T19:52:46,S01,20241212
S01/20241212/00041,1,P107549,2,47.87,SALE,2024-12-12T17:52:19,S01,20241212
S01/20241212/00041,2,P107053,2,457.07,SALE,2024-12-12T17:52:19,S01,20241212
S01/20241212/00041,3,P105236,1,552.60,SALE,2024-12-12T17:52:19,S01,20241212
S01/20241212/00041,4,P103124,1,523.92,SALE,2024-12-12T17:52:19,S01,20241212
S01/20241212/00041,5,TAX,1,223.56,TAX,2024-12-12T17:52:19,S01,20241212
S01/20241212/00041,6,TENDER,1,2309.96,TENDER,2024-12-12T17:52:19,S01,20241212
S01/20241212/00042,1,P102874,1,142.11,SALE,2024-12-12T17:43:48,S01,20241212
S01/20241212/00042,2,P107715,1,241.95,SALE,2024-12-12T17:43:48,S01,20241212
S01/20241212/00042,3,P101899,1,326.35,SALE,2024-12-12T17:43:48,S01,20241212
S01/20241212/00042,4,P107542,1,162.57,SALE,2024-12-12T17:43:48,S01,20241212
S01/20241212/00042,5,TAX,1,109.40,TAX,2024-12-12T17:43:48,S01,20241212
S01/20241212/00042,6,TENDER,1,982.38,TENDER,2024-12-12T17:43:48,S01,20241212
S01/20241212/00043,1,P106872,2,73.12,SALE,2024-12-12T15:45:33,S01,20241212
S01/20241212/00043,2,P104747,1,342.93,SALE,2024-12-12T15:45:33,S01,20241212
S01/20241212/00043,3,P102139,2,1710.06,SALE,2024-12-12T15:45:33,S01,20241212
S01/20241212/00043,4,P104107,2,479.48,SALE,2024-12-12T15:45:33,S01,20241212
S01/20241212/00043,5,TAX,1,411.09,TAX,2024-12-12T15:45:33,S01,20241212
S01/20241212/00043,6,TENDER,1,5279.34,TENDER,2024-12-12T15:45:33,S01,20241212
S01/20241212/00044,1,P103994,3,148.39,SALE,2024-12-12T12:48:59,S01,20241212
S01/20241212/00044,2,P107903,4,22.86,SALE,2024-12-12T12:48:59,S01,20241212
S01/20241212/00044,3,P100483,1,933.37,SALE,2024-12-12T12:48:59,S01,20241212
S01/20241212/00044,4,P103496,2,70.71,SALE,2024-12-12T12:48:59,S01,20241212
S01/20241212/00044,5,P105575,1,513.17,SALE,2024-12-12T12:48:59,S01,20241212
S01/20241212/00044,6,P108032,2,648.04,SALE,2024-12-12T12:48:59,S01,20241212
S01/20241212/00044,7,P101740,3,855.00,SALE,2024-12-12T12:48:59,S01,20241212
S01/20241212/00044,8,TAX,1,223.10,TAX,2024-12-12T12:48:59,S01,20241212
S01/20241212/00044,9,TENDER,1,6208.75,TENDER,2024-12-12T12:48:59,S01,20241212
S01/20241212/00045,1,P108239,2,256.06,SALE,2024-12-12T18:32:34,S01,20241212
S01/20241212/00045,2,P108356,3,234.68,SALE,2024-12-12T18:32:34,S01,20241212
S01/20241212/00045,3,P108326,1,472.80,SALE,2024-12-12T18:32:34,S01,20241212
S01/20241212/00045,4,P103637,2,358.42,SALE,2024-12-12T18:32:34,S01,20241212
S01/20241212/00045,5,P101894,3,668.48,SALE,2024-12-12T18:32:34,S01,20241212
S01/20241212/00045,6,P101481,1,55.03,SALE,2024-12-12T18:32:34,S01,20241212
S01/20241212/00045,7,P104688,3,178.09,SALE,2024-12-12T18:32:34,S01,20241212
S01/20241212/00045,8,P107943,3,252.32,SALE,2024-12-12T18:32:34,S01,20241212
S01/20241212/00045,9,TAX,1,768.80,TAX,2024-12-12T18:32:34,S01,20241212
S01/20241212/00045,10,TENDER,1,6526.30,TENDER,2024-12-12T18:32:34,S01,20241212
S01/20241213/00001,1,P105112,5,194.64,SALE,2024-12-13T14:20:08,S01,20241213
S01/20241213/00001,2,P100499,4,258.12,SALE,2024-12-13T14:20:08,S01,20241213
S01/20241213/00001,3,P103861,1,57.59,SALE,2024-12-13T14:20:08,S01,20241213
S01/20241213/00001,4,DISC,1,-54.94,DISCOUNT,2024-12-13T14:20:08,S01,20241213
S01/20241213/00001,5,TAX,1,170.77,TAX,2024-12-13T14:20:08,S01,20241213
S01/20241213/00001,6,TENDER,1,2179.10,TENDER,2024-12-13T14:20:08,S01,20241213
S01/20241213/00002,1,P103159,1,1193.28,SALE,2024-12-13T15:31:43,S01,20241213
S01/20241213/00002,2,P101925,1,186.54,SALE,2024-12-13T15:31:43,S01,20241213
S01/20241213/00002,3,P105713,1,345.36,SALE,2024-12-13T15:31:43,S01,20241213
S01/20241213/00002,4,DISC,1,-177.09,DISCOUNT,2024-12-13T15:31:43,S01,20241213
S01/20241213/00002,5,TAX,1,45.63,TAX,2024-12-13T15:31:43,S01,20241213
S01/20241213/00002,6,TENDER,1,1593.72,TENDER,2024-12-13T15:31:43,S01,20241213
S01/20241213/00003,1,P100946,1,81.33,SALE,2024-12-13T12:06:22,S01,20241213
S01/20241213/00003,2,P102794,7,416.24,SALE,2024-12-13T12:06:22,S01,20241213
S01/20241213/00003,3,P106373,1,48.45,SALE,2024-12-13T12:06:22,S01,20241213
S01/20241213/00003,4,TAX,1,17.06,TAX,2024-12-13T12:06:22,S01,20241213
S01/20241213/00003,5,TENDER,1,3060.52,TENDER,2024-12-13T12:06:22,S01,20241213
S01/20241213/00004,1,P100999,1,171.06,SALE,2024-12-13T08:19:08,S01,20241213
S01/20241213/00004,2,P102324,1,194.59,SALE,2024-12-13T08:19:08,S01,20241213
S01/20241213/00004,3,P107843,1,486.47,SALE,2024-12-13T08:19:08,S01,20241213
S01/20241213/00004,4,P100106,2,318.86,SALE,2024-12-13T08:19:08,S01,20241213
S01/20241213/00004,5,TAX,1,212.08,TAX,2024-12-13T08:19:08,S01,20241213
S01/20241213/00004,6,TENDER,1,1701.92,TENDER,2024-12-13T08:19:08,S01,20241213
S01/20241213/00005,1,P106710,4,98.77,SALE,2024-12-13T14:03:11,S01,20241213
S01/20241213/00005,2,P101023,2,213.62,SALE,2024-12-13T14:03:11,S01,20241213
S01/20241213/00005,3,TAX,1,92.48,TAX,2024-12-13T14:03:11,S01,20241213
S01/20241213/00005,4,TENDER,1,914.80,TENDER,2024-12-13T14:03:11,S01,20241213
S01/20241213/00006,1,P100784,2,319.36,SALE,2024-12-13T19:57:49,S01,20241213
S01/20241213/00006,2,P103374,3,38.02,SALE,2024-12-13T19:57:49,S01,20241213
S01/20241213/00006,3,P104909,1,363.10,SALE,2024-12-13T19:57:49,S01,20241213
S01/20241213/00006,4,P106566,1,251.68,SALE,2024-12-13T19:57:49,S01,20241213
S01/20241213/00006,5,TAX,1,142.48,TAX,2024-12-13T19:57:49,S01,20241213
S01/20241213/00006,6,TENDER,1,1510.04,TENDER,2024-12-13T19:57:49,S01,20241213
S01/20241213/00007,1,P102947,2,59.21,SALE,2024-12-13T10:23:55,S01,20241213
S01/20241213/00007,2,P107373,1,96.28,SALE,2024-12-13T10:23:55,S01,20241213
S01/20241213/00007,3,P106802,1,739.16,SALE,2024-12-13T10:23:55,S01,20241213
S01/20241213/00007,4,P103704,1,188.13,SALE,2024-12-13T10:23:55,S01,20241213
S01/20241213/00007,5,P100135,6,72.29,SALE,2024-12-13T10:23:55,S01,20241213
S01/20241213/00007,6,TAX,1,92.51,TAX,2024-12-13T10:23:55,S01,20241213
S01/20241213/00007,7,TENDER,1,1668.24,TENDER,2024-12-13T10:23:55,S01,20241213
S01/20241213/00008,1,P100255,2,1250.31,SALE,2024-12-13T23:00:48,S01,20241213
S01/20241213/00008,2,P100536,2,471.52,SALE,2024-12-13T23:00:48,S01,20241213
S01/20241213/00008,3,P107646,4,225.19,SALE,2024-12-13T23:00:48,S01,20241213
S01/20241213/00008,4,P101048,1,219.90,SALE,2024-12-13T23:00:48,S01,20241213
S01/20241213/00008,5,TAX,1,350.81,TAX,2024-12-13T23:00:48,S01,20241213
S01/20241213/00008,6,TENDER,1,4915.13,TENDER,2024-12-13T23:00:48,S01,20241213
S01/20241213/00009,1,P107676,1,213.04,SALE,2024-12-13T14:57:11,S01,20241213
S01/20241213/00009,2,P103197,1,339.40,SALE,2024-12-13T14:57:11,S01,20241213
S01/20241213/00009,3,P101622,3,272.35,SALE,2024-12-13T14:57:11,S01,20241213
S01/20241213/00009,4,P107365,1,978.42,SALE,2024-12-13T14:57:11,S01,20241213
S01/20241213/00009,5,P106300,2,425.27,SALE,2024-12-13T14:57:11,S01,20241213
S01/20241213/00009,6,P105003,1,323.64,SALE,2024-12-13T14:57:11,S01,20241213
S01/20241213/00009,7,P103645,2,285.25,SALE,2024-12-13T14:57:11,S01,20241213
S01/20241213/00009,8,DISC,1,-122.73,DISCOUNT,2024-12-13T14:57:11,S01,20241213
S01/20241213/00009,9,TAX,1,358.87,TAX,2024-12-13T14:57:11,S01,20241213
S01/20241213/00009,10,TENDER,1,4328.73,TENDER,2024-12-13T14:57:11,S01,20241213
S01/20241213/00010,1,P106382,1,81.60,SALE,2024-12-13T13:45:04,S01,20241213
S01/20241213/00010,2,P104695,1,80.54,SALE,2024-12-13T13:45:04,S01,20241213
S01/20241213/00010,3,P106123,1,248.44,SALE,2024-12-13T13:45:04,S01,20241213
S01/20241213/00010,4,P102193,2,343.13,SALE,2024-12-13T13:45:04,S01,20241213
S01/20241213/00010,5,DISC,1,-22.94,DISCOUNT,2024-12-13T13:45:04,S01,20241213
S01/20241213/00010,6,TAX,1,124.89,TAX,2024-12-13T13:45:04,S01,20241213
S01/20241213/00010,7,TENDER,1,1198.79,TENDER,2024-12-13T13:45:04,S01,20241213
S01/20241213/00011,1,P105176,1,509.66,SALE,2024-12-13T21:18:36,S01,20241213
S01/20241213/00011,2,P104637,2,353.99,SALE,2024-12-13T21:18:36,S01,20241213
S01/20241213/00011,3,P100250,1,544.91,SALE,2024-12-13T21:18:36,S01,20241213
S01/20241213/00011,4,P107231,2,1193.22,SALE,2024-12-13T21:18:36,S01,20241213
S01/20241213/00011,5,P104089,2,358.58,SALE,2024-12-13T21:18:36,S01,20241213
S01/20241213/00011,6,P105035,1,159.58,SALE,2024-12-13T21:18:36,S01,20241213
S01/20241213/00011,7,DISC,1,-539.30,DISCOUNT,2024-12-13T21:18:36,S01,20241213
S01/20241213/00011,8,TAX,1,297.29,TAX,2024-12-13T21:18:36,S01,20241213
S01/20241213/00011,9,TENDER,1,4783.72,TENDER,2024-12-13T21:18:36,S01,20241213
S01/20241213/00012,1,P105050,2,109.65,SALE,2024-12-13T14:51:16,S01,20241213
S01/20241213/00012,2,P107914,2,244.98,SALE,2024-12-13T14:51:16,S01,20241213
S01/20241213/00012,3,P105490,1,154.49,SALE,2024-12-13T14:51:16,S01,20241213
S01/20241213/00012,4,TAX,1,126.97,TAX,2024-12-13T14:51:16,S01,20241213
S01/20241213/00012,5,TENDER,1,990.72,TENDER,2024-12-13T14:51:16,S01,20241213
S01/20241213/00013,1,P106200,4,119.89,SALE,2024-12-13T15:34:49,S01,20241213
S01/20241213/00013,2,P100150,3,280.80,SALE,2024-12-13T15:34:49,S01,20241213
S01/20241213/00013,3,P107463,2,188.92,SALE,2024-12-13T15:34:49,S01,20241213
S01/20241213/00013,4,P105198,1,15.39,SALE,2024-12-13T15:34:49,S01,20241213
S01/20241213/00013,5,P104358,2,1243.57,SALE,2024-12-13T15:34:49,S01,20241213
S01/20241213/00013,6,TAX,1,467.98,TAX,2024-12-13T15:34:49,S01,20241213
S01/20241213/00013,7,TENDER,1,4670.31,TENDER,2024-12-13T15:34:49,S01,20241213
S01/20241213/00014,1,P101762,1,528.36,SALE,2024-12-13T15:35:31,S01,20241213
S01/20241213/00014,2,P105425,3,153.55,SALE,2024-12-13T15:35:31,S01,20241213
S01/20241213/00014,3,P103542,1,398.89,SALE,2024-12-13T15:35:31,S01,20241213
S01/20241213/00014,4,P102531,3,160.54,SALE,2024-12-13T15:35:31,S01,20241213
S01/20241213/00014,5,P106258,2,423.67,SALE,2024-12-13T15:35:31,S01,20241213
S01/20241213/00014,6,P101421,5,119.60,SALE,2024-12-13T15:35:31,S01,20241213
S01/20241213/00014,7,TAX,1,342.10,TAX,2024-12-13T15:35:31,S01,20241213
S01/20241213/00014,8,TENDER,1,3656.96,TENDER,2024-12-13T15:35:31,S01,20241213
S01/20241213/00015,1,P106234,3,79.42,SALE,2024-12-13T14:38:29,S01,20241213
S01/20241213/00015,2,P100889,3,1028.39,SALE,2024-12-13T14:38:29,S01,20241213
S01/20241213/00015,3,P101925,2,186.54,SALE,2024-12-13T14:38:29,S01,20241213
S01/20241213/00015,4,P101090,1,24.06,SALE,2024-12-13T14:38:29,S01,20241213
S01/20241213/00015,5,TAX,1,254.33,TAX,2024-12-13T14:38:29,S01,20241213
S01/20241213/00015,6,TENDER,1,3974.90,TENDER,2024-12-13T14:38:29,S01,20241213
S01/20241213/00016,1,P100233,3,67.07,SALE,2024-12-13T14:33:18,S01,20241213
S01/20241213/00016,2,P107282,3,1129.74,SALE,2024-12-13T14:33:18,S01,20241213
S01/20241213/00016,3,P101656,3,324.95,SALE,2024-12-13T14:33:18,S01,20241213
S01/20241213/00016,4,P106679,3,181.66,SALE,2024-12-13T14:33:18,S01,20241213
S01/20241213/00016,5,TAX,1,127.04,TAX,2024-12-13T14:33:18,S01,20241213
S01/20241213/00016,6,TENDER,1,5237.30,TENDER,2024-12-13T14:33:18,S01,20241213
S01/20241213/00017,1,P102296,3,48.88,SALE,2024-12-13T14:44:13,S01,20241213
S01/20241213/00017,2,P107623,3,468.34,SALE,2024-12-13T14:44:13,S01,20241213
S01/20241213/00017,3,P104501,1,413.53,SALE,2024-12-13T14:44:13,S01,20241213
S01/20241213/00017,4,TAX,1,279.30,TAX,2024-12-13T14:44:13,S01,20241213
S01/20241213/00017,5,TENDER,1,2244.49,TENDER,2024-12-13T14:44:13,S01,20241213
S01/20241213/00018,1,P107721,1,92.25,SALE,2024-12-13T14:40:57,S01,20241213
S01/20241213/00018,2,P103973,1,108.48,SALE,2024-12-13T14:40:57,S01,20241213
S01/20241213/00018,3,P104334,3,294.34,SALE,2024-12-13T14:40:57,S01,20241213
S01/20241213/00018,4,P106464,2,277.18,SALE,2024-12-13T14:40:57,S01,20241213
S01/20241213/00018,5,P100967,3,969.23,SALE,2024-12-13T14:40:57,S01,20241213
S01/20241213/00018,6,P105695,2,158.81,SALE,2024-12-13T14:40:57,S01,20241213
S01/20241213/00018,7,P106239,2,803.36,SALE,2024-12-13T14:40:57,S01,20241213
S01/20241213/00018,8,TAX,1,495.00,TAX,2024-12-13T14:40:57,S01,20241213
S01/20241213/00018,9,TENDER,1,6965.14,TENDER,2024-12-13T14:40:57,S01,20241213
S01/20241213/00019,1,P103946,2,338.64,SALE,2024-12-13T13:43:52,S01,20241213
S01/20241213/00019,2,P103105,1,34.12,SALE,2024-12-13T13:43:52,S01,20241213
S01/20241213/00019,3,P103680,2,210.26,SALE,2024-12-13T13:43:52,S01,20241213
S01/20241213/00019,4,P101613,1,125.30,SALE,2024-12-13T13:43:52,S01,20241213
S01/20241213/00019,5,P103616,2,662.98,SALE,2024-12-13T13:43:52,S01,20241213
S01/20241213/00019,6,TAX,1,94.99,TAX,2024-12-13T13:43:52,S01,20241213
S01/20241213/00019,7,TENDER,1,2678.17,TENDER,2024-12-13T13:43:52,S01,20241213
S01/20241213/00020,1,P100178,2,480.34,SALE,2024-12-13T18:26:08,S01,20241213
S01/20241213/00020,2,P105139,4,119.64,SALE,2024-12-13T18:26:08,S01,20241213
S01/20241213/00020,3,P105845,2,121.94,SALE,2024-12-13T18:26:08,S01,20241213
S01/20241213/00020,4,P108397,2,286.03,SALE,2024-12-13T18:26:08,S01,20241213
S01/20241213/00020,5,P102566,1,414.37,SALE,2024-12-13T18:26:08,S01,20241213
S01/20241213/00020,6,TAX,1,363.61,TAX,2024-12-13T18:26:08,S01,20241213
S01/20241213/00020,7,TENDER,1,3033.16,TENDER,2024-12-13T18:26:08,S01,20241213
S01/20241213/00021,1,P106424,3,535.14,SALE,2024-12-13T16:18:07,S01,20241213
S01/20241213/00021,2,P107733,1,56.44,SALE,2024-12-13T16:18:07,S01,20241213
S01/20241213/00021,3,P103645,2,285.25,SALE,2024-12-13T16:18:07,S01,20241213
S01/20241213/00021,4,P103654,1,481.76,SALE,2024-12-13T16:18:07,S01,20241213
S01/20241213/00021,5,P107815,1,106.85,SALE,2024-12-13T16:18:07,S01,20241213
S01/20241213/00021,6,P105062,3,14.84,SALE,2024-12-13T16:18:07,S01,20241213
S01/20241213/00021,7,P100999,1,171.06,SALE,2024-12-13T16:18:07,S01,20241213
S01/20241213/00021,8,DISC,1,-324.05,DISCOUNT,2024-12-13T16:18:07,S01,20241213
S01/20241213/00021,9,TAX,1,114.36,TAX,2024-12-13T16:18:07,S01,20241213
S01/20241213/00021,10,TENDER,1,2826.86,TENDER,2024-12-13T16:18:07,S01,20241213
S01/20241213/00022,1,P107178,4,298.69,SALE,2024-12-13T20:09:54,S01,20241213
S01/20241213/00022,2,P106776,2,445.40,SALE,2024-12-13T20:09:54,S01,20241213
S01/20241213/00022,3,DISC,1,-63.14,DISCOUNT,2024-12-13T20:09:54,S01,20241213
S01/20241213/00022,4,TAX,1,182.22,TAX,2024-12-13T20:09:54,S01,20241213
S01/20241213/00022,5,TENDER,1,2204.64,TENDER,2024-12-13T20:09:54,S01,20241213
S01/20241213/00023,1,P105384,3,315.25,SALE,2024-12-13T16:36:26,S01,20241213
S01/20241213/00023,2,P101279,3,242.90,SALE,2024-12-13T16:36:26,S01,20241213
S01/20241213/00023,3,P107815,2,106.85,SALE,2024-12-13T16:36:26,S01,20241213
S01/20241213/00023,4,P108125,1,129.06,SALE,2024-12-13T16:36:26,S01,20241213
S01/20241213/00023,5,P101851,1,1750.29,SALE,2024-12-13T16:36:26,S01,20241213
S01/20241213/00023,6,P107215,4,153.85,SALE,2024-12-13T16:36:26,S01,20241213
S01/20241213/00023,7,TAX,1,212.98,TAX,2024-12-13T16:36:26,S01,20241213
S01/20241213/00023,8,TENDER,1,4595.88,TENDER,2024-12-13T16:36:26,S01,20241213
S01/20241213/00024,1,P106330,3,218.33,SALE,2024-12-13T17:43:36,S01,20241213
S01/20241213/00024,2,P101533,1,975.60,SALE,2024-12-13T17:43:36,S01,20241213
S01/20241213/00024,3,P105069,5,168.30,SALE,2024-12-13T17:43:36,S01,20241213
S01/20241213/00024,4,P104194,1,126.18,SALE,2024-12-13T17:43:36,S01,20241213
S01/20241213/00024,5,TAX,1,409.15,TAX,2024-12-13T17:43:36,S01,20241213
S01/20241213/00024,6,TENDER,1,3007.42,TENDER,2024-12-13T17:43:36,S01,20241213
S01/20241213/00025,1,P106200,2,119.89,SALE,2024-12-13T17:51:21,S01,20241213
S01/20241213/00025,2,P102880,2,575.53,SALE,2024-12-13T17:51:21,S01,20241213
S01/20241213/00025,3,P105201,1,365.02,SALE,2024-12-13T17:51:21,S01,20241213
S01/20241213/00025,4,P105136,2,158.61,SALE,2024-12-13T17:51:21,S01,20241213
S01/20241213/00025,5,TAX,1,104.58,TAX,2024-12-13T17:51:21,S01,20241213
S01/20241213/00025,6,TENDER,1,2177.66,TENDER,2024-12-13T17:51:21,S01,20241213
S01/20241213/00026,1,P106004,3,137.38,SALE,2024-12-13T17:38:37,S01,20241213
S01/20241213/00026,2,P105413,4,168.78,SALE,2024-12-13T17:38:37,S01,20241213
S01/20241213/00026,3,P102415,3,1245.81,SALE,2024-12-13T17:38:37,S01,20241213
S01/20241213/00026,4,P101142,1,102.04,SALE,2024-12-13T17:38:37,S01,20241213
S01/20241213/00026,5,P101911,2,1431.80,SALE,2024-12-13T17:38:37,S01,20241213
S01/20241213/00026,6,P101585,2,10.45,SALE,2024-12-13T17:38:37,S01,20241213
S01/20241213/00026,7,P106592,1,815.90,SALE,2024-12-13T17:38:37,S01,20241213
S01/20241213/00026,8,TAX,1,345.29,TAX,2024-12-13T17:38:37,S01,20241213
S01/20241213/00026,9,TENDER,1,8972.42,TENDER,2024-12-13T17:38:37,S01,20241213
S01/20241213/00027,1,P100463,1,290.57,SALE,2024-12-13T18:06:38,S01,20241213
S01/20241213/00027,2,P104079,1,75.55,SALE,2024-12-13T18:06:38,S01,20241213
S01/20241213/00027,3,P103273,2,356.86,SALE,2024-12-13T18:06:38,S01,20241213
S01/20241213/00027,4,P106478,2,56.12,SALE,2024-12-13T18:06:38,S01,20241213
S01/20241213/00027,5,P103105,1,34.12,SALE,2024-12-13T18:06:38,S01,20241213
S01/20241213/00027,6,P104567,3,141.21,SALE,2024-12-13T18:06:38,S01,20241213
S01/20241213/00027,7,P107409,1,535.35,SALE,2024-12-13T18:06:38,S01,20241213
S01/20241213/00027,8,TAX,1,209.87,TAX,2024-12-13T18:06:38,S01,20241213
S01/20241213/00027,9,TENDER,1,2395.05,TENDER,2024-12-13T18:06:38,S01,20241213
S01/20241213/00028,1,P103538,1,265.96,SALE,2024-12-13T15:37:19,S01,20241213
S01/20241213/00028,2,P103068,2,153.43,SALE,2024-12-13T15:37:19,S01,20241213
S01/20241213/00028,3,P103214,2,283.38,SALE,2024-12-13T15:37:19,S01,20241213
S01/20241213/00028,4,P104107,4,479.48,SALE,2024-12-13T15:37:19,S01,20241213
S01/20241213/00028,5,P104351,3,1128.29,SALE,2024-12-13T15:37:19,S01,20241213
S01/20241213/00028,6,P104558,1,440.08,SALE,2024-12-13T15:37:19,S01,20241213
S01/20241213/00028,7,DISC,1,-600.26,DISCOUNT,2024-12-13T15:37:19,S01,20241213
S01/20241213/00028,8,TAX,1,569.81,TAX,2024-12-13T15:37:19,S01,20241213
S01/20241213/00028,9,TENDER,1,6852.00,TENDER,2024-12-13T15:37:19,S01,20241213
S01/20241213/00029,1,P108389,5,837.30,SALE,2024-12-13T10:43:38,S01,20241213
S01/20241213/00029,2,P107308,3,226.19,SALE,2024-12-13T10:43:38,S01,20241213
S01/20241213/00029,3,P106174,2,229.89,SALE,2024-12-13T10:43:38,S01,20241213
S01/20241213/00029,4,TAX,1,331.47,TAX,2024-12-13T10:43:38,S01,20241213
S01/20241213/00029,5,TENDER,1,5656.32,TENDER,2024-12-13T10:43:38,S01,20241213
S01/20241213/00030,1,P100632,1,331.55,SALE,2024-12-13T21:27:28,S01,20241213
S01/20241213/00030,2,P101298,1,224.87,SALE,2024-12-13T21:27:28,S01,20241213
S01/20241213/00030,3,P105272,3,351.65,SALE,2024-12-13T21:27:28,S01,20241213
S01/20241213/00030,4,P104986,5,221.68,SALE,2024-12-13T21:27:28,S01,20241213
S01/20241213/00030,5,P100438,2,66.55,SALE,2024-12-13T21:27:28,S01,20241213
S01/20241213/00030,6,TAX,1,419.42,TAX,2024-12-13T21:27:28,S01,20241213
S01/20241213/00030,7,TENDER,1,3272.29,TENDER,2024-12-13T21:27:28,S01,20241213
S01/20241213/00031,1,P105009,1,65.38,SALE,2024-12-13T13:38:19,S01,20241213
S01/20241213/00031,2,P100627,2,440.29,SALE,2024-12-13T13:38:19,S01,20241213
S01/20241213/00031,3,TAX,1,55.80,TAX,2024-12-13T13:38:19,S01,20241213
S01/20241213/00031,4,TENDER,1,1001.76,TENDER,2024-12-13T13:38:19,S01,20241213
S01/20241213/00032,1,P101613,1,125.30,SALE,2024-12-13T14:32:31,S01,20241213
S01/20241213/00032,2,P101492,2,113.44,SALE,2024-12-13T14:32:31,S01,20241213
S01/20241213/00032,3,P103918,2,527.10,SALE,2024-12-13T14:32:31,S01,20241213
S01/20241213/00032,4,P103197,2,339.40,SALE,2024-12-13T14:32:31,S01,20241213
S01/20241213/00032,5,TAX,1,197.56,TAX,2024-12-13T14:32:31,S01,20241213
S01/20241213/00032,6,TENDER,1,2282.74,TENDER,2024-12-13T14:32:31,S01,20241213
S01/20241213/00033,1,P100483,4,933.37,SALE,2024-12-13T18:46:36,S01,20241213
S01/20241213/00033,2,P103668,1,1530.18,SALE,2024-12-13T18:46:36,S01,20241213
S01/20241213/00033,3,P105425,1,153.55,SALE,2024-12-13T18:46:36,S01,20241213
S01/20241213/00033,4,P102695,2,1277.24,SALE,2024-12-13T18:46:36,S01,20241213
S01/20241213/00033,5,P103461,1,109.46,SALE,2024-12-13T18:46:36,S01,20241213
S01/20241213/00033,6,TAX,1,403.86,TAX,2024-12-13T18:46:36,S01,20241213
S01/20241213/00033,7,TENDER,1,8485.01,TENDER,2024-12-13T18:46:36,S01,20241213
S01/20241213/00034,1,P104439,4,123.98,SALE,2024-12-13T12:57:10,S01,20241213
S01/20241213/00034,2,P106563,2,469.90,SALE,2024-12-13T12:57:10,S01,20241213
S01/20241213/00034,3,P103629,2,60.58,SALE,2024-12-13T12:57:10,S01,20241213
S01/20241213/00034,4,P107094,3,97.95,SALE,2024-12-13T12:57:10,S01,20241213
S01/20241213/00034,5,TAX,1,276.74,TAX,2024-12-13T12:57:10,S01,20241213
S01/20241213/00034,6,TENDER,1,2127.47,TENDER,2024-12-13T12:57:10,S01,20241213
S01/20241213/00035,1,P102933,4,610.87,SALE,2024-12-13T16:56:13,S01,20241213
S01/20241213/00035,2,P107003,2,1218.85,SALE,2024-12-13T16:56:13,S01,20241213
S01/20241213/00035,3,P106669,2,102.72,SALE,2024-12-13T16:56:13,S01,20241213
S01/20241213/00035,4,TAX,1,303.49,TAX,2024-12-13T16:56:13,S01,20241213
S01/20241213/00035,5,TENDER,1,5390.11,TENDER,2024-12-13T16:56:13,S01,20241213
S01/20241213/00036,1,P107458,2,1239.88,SALE,2024-12-13T17:05:35,S01,20241213
S01/20241213/00036,2,P108282,3,472.97,SALE,2024-12-13T17:05:35,S01,20241213
S01/20241213/00036,3,P100007,1,155.06,SALE,2024-12-13T17:05:35,S01,20241213
S01/20241213/00036,4,P100198,3,162.72,SALE,2024-12-13T17:05:35,S01,20241213
S01/20241213/00036,5,P107354,2,227.60,SALE,2024-12-13T17:05:35,S01,20241213
S01/20241213/00036,6,P108110,4,16.57,SALE,2024-12-13T17:05:35,S01,20241213
S01/20241213/00036,7,DISC,1,-551.41,DISCOUNT,2024-12-13T17:05:35,S01,20241213
S01/20241213/00036,8,TAX,1,169.15,TAX,2024-12-13T17:05:35,S01,20241213
S01/20241213/00036,9,TENDER,1,4681.11,TENDER,2024-12-13T17:05:35,S01,20241213
S01/20241213/00037,1,P104023,1,630.48,SALE,2024-12-13T16:05:50,S01,20241213
S01/20241213/00037,2,P107056,3,341.76,SALE,2024-12-13T16:05:50,S01,20241213
S01/20241213/00037,3,P104898,2,181.50,SALE,2024-12-13T16:05:50,S01,20241213
S01/20241213/00037,4,P106602,2,122.17,SALE,2024-12-13T16:05:50,S01,20241213
S01/20241213/00037,5,P107676,1,213.04,SALE,2024-12-13T16:05:50,S01,20241213
S01/20241213/00037,6,P100604,1,167.40,SALE,2024-12-13T16:05:50,S01,20241213
S01/20241213/00037,7,P107568,1,140.27,SALE,2024-12-13T16:05:50,S01,20241213
S01/20241213/00037,8,TAX,1,264.11,TAX,2024-12-13T16:05:50,S01,20241213
S01/20241213/00037,9,TENDER,1,3047.92,TENDER,2024-12-13T16:05:50,S01,20241213
S01/20241213/00038,1,P100571,2,134.98,SALE,2024-12-13T23:38:30,S01,20241213
S01/20241213/00038,2,P105119,1,106.45,SALE,2024-12-13T23:38:30,S01,20241213
S01/20241213/00038,3,P105908,2,698.64,SALE,2024-12-13T23:38:30,S01,20241213
S01/20241213/00038,4,TAX,1,137.62,TAX,2024-12-13T23:38:30,S01,20241213
S01/20241213/00038,5,TENDER,1,1911.31,TENDER,2024-12-13T23:38:30,S01,20241213
S01/20241213/00039,1,P108149,2,1073.33,SALE,2024-12-13T18:47:47,S01,20241213
S01/20241213/00039,2,TAX,1,0.00,TAX,2024-12-13T18:47:47,S01,20241213
S01/20241213/00039,3,TENDER,1,2146.66,TENDER,2024-12-13T18:47:47,S01,20241213
S01/20241213/00040,1,P107807,1,118.66,SALE,2024-12-13T14:28:26,S01,20241213
S01/20241213/00040,2,P103816,3,209.63,SALE,2024-12-13T14:28:26,S01,20241213
S01/20241213/00040,3,P101810,5,793.98,SALE,2024-12-13T14:28:26,S01,20241213
S01/20241213/00040,4,P107414,1,565.57,SALE,2024-12-13T14:28:26,S01,20241213
S01/20241213/00040,5,P108179,1,307.53,SALE,2024-12-13T14:28:26,S01,20241213
S01/20241213/00040,6,P102857,4,116.85,SALE,2024-12-13T14:28:26,S01,20241213
S01/20241213/00040,7,TAX,1,744.84,TAX,2024-12-13T14:28:26,S01,20241213
S01/20241213/00040,8,TENDER,1,6802.79,TENDER,2024-12-13T14:28:26,S01,20241213
S01/20241213/00041,1,P105035,3,159.58,SALE,2024-12-13T20:56:39,S01,20241213
S01/20241213/00041,2,P106975,1,143.78,SALE,2024-12-13T20:56:39,S01,20241213
S01/20241213/00041,3,P106399,2,198.14,SALE,2024-12-13T20:56:39,S01,20241213
S01/20241213/00041,4,P106443,1,52.87,SALE,2024-12-13T20:56:39,S01,20241213
S01/20241213/00041,5,P102593,2,92.93,SALE,2024-12-13T20:56:39,S01,20241213
S01/20241213/00041,6,DISC,1,-25.40,DISCOUNT,2024-12-13T20:56:39,S01,20241213
S01/20241213/00041,7,TAX,1,80.14,TAX,2024-12-13T20:56:39,S01,20241213
S01/20241213/00041,8,TENDER,1,1312.27,TENDER,2024-12-13T20:56:39,S01,20241213
S01/20241213/00042,1,P103575,1,54.47,SALE,2024-12-13T19:51:50,S01,20241213
S01/20241213/00042,2,P104772,3,342.57,SALE,2024-12-13T19:51:50,S01,20241213
S01/20241213/00042,3,TAX,1,187.71,TAX,2024-12-13T19:51:50,S01,20241213
S01/20241213/00042,4,TENDER,1,1269.89,TENDER,2024-12-13T19:51:50,S01,20241213
S01/20241213/00043,1,P101321,3,24.76,SALE,2024-12-13T23:04:42,S01,20241213
S01/20241213/00043,2,P103168,1,980.21,SALE,2024-12-13T23:04:42,S01,20241213
S01/20241213/00043,3,P101626,1,1040.69,SALE,2024-12-13T23:04:42,S01,20241213
S01/20241213/00043,4,P107171,2,335.20,SALE,2024-12-13T23:04:42,S01,20241213
S01/20241213/00043,5,TAX,1,336.33,TAX,2024-12-13T23:04:42,S01,20241213
S01/20241213/00043,6,TENDER,1,3101.91,TENDER,2024-12-13T23:04:42,S01,20241213
S01/20241213/00044,1,P102531,3,160.54,SALE,2024-12-13T15:33:06,S01,20241213
S01/20241213/00044,2,P106072,2,78.69,SALE,2024-12-13T15:33:06,S01,20241213
S01/20241213/00044,3,P104688,1,178.09,SALE,2024-12-13T15:33:06,S01,20241213
S01/20241213/00044,4,P103144,1,145.27,SALE,2024-12-13T15:33:06,S01,20241213
S01/20241213/00044,5,P103452,2,1033.70,SALE,2024-12-13T15:33:06,S01,20241213
S01/20241213/00044,6,P104526,2,363.05,SALE,2024-12-13T15:33:06,S01,20241213
S01/20241213/00044,7,TAX,1,232.52,TAX,2024-12-13T15:33:06,S01,20241213
S01/20241213/00044,8,TENDER,1,3988.38,TENDER,2024-12-13T15:33:06,S01,20241213
S01/20241213/00045,1,P100999,1,171.06,SALE,2024-12-13T14:05:08,S01,20241213
S01/20241213/00045,2,P107495,1,448.19,SALE,2024-12-13T14:05:08,S01,20241213
S01/20241213/00045,3,P107520,2,139.81,SALE,2024-12-13T14:05:08,S01,20241213
S01/20241213/00045,4,TAX,1,67.76,TAX,2024-12-13T14:05:08,S01,20241213
S01/20241213/00045,5,TENDER,1,966.63,TENDER,2024-12-13T14:05:08,S01,20241213
S01/20241213/00046,1,P107568,3,140.27,SALE,2024-12-13T15:33:14,S01,20241213
S01/20241213/00046,2,P106793,3,303.65,SALE,2024-12-13T15:33:14,S01,20241213
S01/20241213/00046,3,TAX,1,66.59,TAX,2024-12-13T15:33:14,S01,20241213
S01/20241213/00046,4,TENDER,1,1398.35,TENDER,2024-12-13T15:33:14,S01,20241213
S01/20241213/00047,1,P101626,1,1040.69,SALE,2024-12-13T10:27:29,S01,20241213
S01/20241213/00047,2,P104842,3,352.80,SALE,2024-12-13T10:27:29,S01,20241213
S01/20241213/00047,3,P103766,2,212.45,SALE,2024-12-13T10:27:29,S01,20241213
S01/20241213/00047,4,TAX,1,273.14,TAX,2024-12-13T10:27:29,S01,20241213
S01/20241213/00047,5,TENDER,1,2797.13,TENDER,2024-12-13T10:27:29,S01,20241213
S01/20241213/00048,1,P100781,3,654.99,SALE,2024-12-13T18:29:56,S01,20241213
S01/20241213/00048,2,P106244,3,73.94,SALE,2024-12-13T18:29:56,S01,20241213
S01/20241213/00048,3,P104517,3,1474.90,SALE,2024-12-13T18:29:56,S01,20241213
S01/20241213/00048,4,P102397,3,355.28,SALE,2024-12-13T18:29:56,S01,20241213
S01/20241213/00048,5,P103348,2,485.60,SALE,2024-12-13T18:29:56,S01,20241213
S01/20241213/00048,6,P101174,3,57.43,SALE,2024-12-13T18:29:56,S01,20241213
S01/20241213/00048,7,P100595,2,404.82,SALE,2024-12-13T18:29:56,S01,20241213
S01/20241213/00048,8,P100421,2,121.56,SALE,2024-12-13T18:29:56,S01,20241213
S01/20241213/00048,9,P103530,2,427.69,SALE,2024-12-13T18:29:56,S01,20241213
S01/20241213/00048,10,TAX,1,816.51,TAX,2024-12-13T18:29:56,S01,20241213
S01/20241213/00048,11,TENDER,1,11545.47,TENDER,2024-12-13T18:29:56,S01,20241213
S01/20241213/00049,1,P103118,1,47.89,SALE,2024-12-13T07:00:43,S01,20241213
S01/20241213/00049,2,P101332,5,400.98,SALE,2024-12-13T07:00:43,S01,20241213
S01/20241213/00049,3,P105369,1,143.76,SALE,2024-12-13T07:00:43,S01,20241213
S01/20241213/00049,4,P106745,4,621.98,SALE,2024-12-13T07:00:43,S01,20241213
S01/20241213/00049,5,TAX,1,836.98,TAX,2024-12-13T07:00:43,S01,20241213
S01/20241213/00049,6,TENDER,1,5521.45,TENDER,2024-12-13T07:00:43,S01,20241213
S01/20241213/00050,1,P103364,2,118.90,SALE,2024-12-13T16:13:35,S01,20241213
S01/20241213/00050,2,P104645,1,1052.62,SALE,2024-12-13T16:13:35,S01,20241213
S01/20241213/00050,3,P104202,2,166.10,SALE,2024-12-13T16:13:35,S01,20241213
S01/20241213/00050,4,P102151,1,1117.25,SALE,2024-12-13T16:13:35,S01,20241213
S01/20241213/00050,5,P107100,1,200.76,SALE,2024-12-13T16:13:35,S01,20241213
S01/20241213/00050,6,P108144,2,253.94,SALE,2024-12-13T16:13:35,S01,20241213
S01/20241213/00050,7,P107495,3,448.19,SALE,2024-12-13T16:13:35,S01,20241213
S01/20241213/00050,8,P106783,2,94.23,SALE,2024-12-13T16:13:35,S01,20241213
S01/20241213/00050,9,TAX,1,336.17,TAX,2024-12-13T16:13:35,S01,20241213
S01/20241213/00050,10,TENDER,1,5317.71,TENDER,2024-12-13T16:13:35,S01,20241213
S01/20241213/00051,1,P108149,2,1073.33,SALE,2024-12-13T19:40:29,S01,20241213
S01/20241213/00051,2,P103727,1,116.88,SALE,2024-12-13T19:40:29,S01,20241213
S01/20241213/00051,3,P104478,1,18.27,SALE,2024-12-13T19:40:29,S01,20241213
S01/20241213/00051,4,P104149,1,88.07,SALE,2024-12-13T19:40:29,S01,20241213
S01/20241213/00051,5,P102272,1,412.70,SALE,2024-12-13T19:40:29,S01,20241213
S01/20241213/00051,6,P104133,3,248.31,SALE,2024-12-13T19:40:29,S01,20241213
S01/20241213/00051,7,P104670,3,108.77,SALE,2024-12-13T19:40:29,S01,20241213
S01/20241213/00051,8,TAX,1,129.98,TAX,2024-12-13T19:40:29,S01,20241213
S01/20241213/00051,9,TENDER,1,3983.80,TENDER,2024-12-13T19:40:29,S01,20241213
S01/20241213/00052,1,P100077,1,173.95,SALE,2024-12-13T17:05:20,S01,20241213
S01/20241213/00052,2,P105246,2,840.69,SALE,2024-12-13T17:05:20,S01,20241213
S01/20241213/00052,3,P106720,3,126.28,SALE,2024-12-13T17:05:20,S01,20241213
S01/20241213/00052,4,P100164,3,594.91,SALE,2024-12-13T17:05:20,S01,20241213
S01/20241213/00052,5,P108159,2,488.81,SALE,2024-12-13T17:05:20,S01,20241213
S01/20241213/00052,6,P103081,2,480.46,SALE,2024-12-13T17:05:20,S01,20241213
S01/20241213/00052,7,P105209,2,399.92,SALE,2024-12-13T17:05:20,S01,20241213
S01/20241213/00052,8,P108379,1,300.71,SALE,2024-12-13T17:05:20,S01,20241213
S01/20241213/00052,9,TAX,1,835.23,TAX,2024-12-13T17:05:20,S01,20241213
S01/20241213/00052,10,TENDER,1,7893.22,TENDER,2024-12-13T17:05:20,S01,20241213
S01/20241213/00053,1,P101810,1,793.98,SALE,2024-12-13T15:24:31,S01,20241213
S01/20241213/00053,2,P102868,1,471.29,SALE,2024-12-13T15:24:31,S01,20241213
S01/20241213/00053,3,P103861,1,57.59,SALE,2024-12-13T15:24:31,S01,20241213
S01/20241213/00053,4,P107063,1,387.93,SALE,2024-12-13T15:24:31,S01,20241213
S01/20241213/00053,5,P106639,3,485.46,SALE,2024-12-13T15:24:31,S01,20241213
S01/20241213/00053,6,TAX,1,404.31,TAX,2024-12-13T15:24:31,S01,20241213
S01/20241213/00053,7,TENDER,1,3571.48,TENDER,2024-12-13T15:24:31,S01,20241213
S01/20241213/00054,1,P106254,1,1359.76,SALE,2024-12-13T16:36:34,S01,20241213
S01/20241213/00054,2,P106024,1,472.89,SALE,2024-12-13T16:36:34,S01,20241213
S01/20241213/00054,3,P101048,3,219.90,SALE,2024-12-13T16:36:34,S01,20241213
S01/20241213/00054,4,P107914,2,244.98,SALE,2024-12-13T16:36:34,S01,20241213
S01/20241213/00054,5,P107884,2,29.77,SALE,2024-12-13T16:36:34,S01,20241213
S01/20241213/00054,6,P100731,3,254.77,SALE,2024-12-13T16:36:34,S01,20241213
S01/20241213/00054,7,P107549,1,47.87,SALE,2024-12-13T16:36:34,S01,20241213
S01/20241213/00054,8,TAX,1,363.21,TAX,2024-12-13T16:36:34,S01,20241213
S01/20241213/00054,9,TENDER,1,4217.24,TENDER,2024-12-13T16:36:34,S01,20241213
S01/20241213/00055,1,P102674,2,515.88,SALE,2024-12-13T08:57:47,S01,20241213
S01/20241213/00055,2,P106388,5,1120.55,SALE,2024-12-13T08:57:47,S01,20241213
S01/20241213/00055,3,P104665,3,217.71,SALE,2024-12-13T08:57:47,S01,20241213
S01/20241213/00055,4,P102975,3,234.92,SALE,2024-12-13T08:57:47,S01,20241213
S01/20241213/00055,5,P103504,1,366.55,SALE,2024-12-13T08:57:47,S01,20241213
S01/20241213/00055,6,P106367,2,650.25,SALE,2024-12-13T08:57:47,S01,20241213
S01/20241213/00055,7,TAX,1,499.96,TAX,2024-12-13T08:57:47,S01,20241213
S01/20241213/00055,8,TENDER,1,10159.41,TENDER,2024-12-13T08:57:47,S01,20241213
S01/20241213/00056,1,P103964,1,134.21,SALE,2024-12-13T11:11:57,S01,20241213
S01/20241213/00056,2,P103372,3,49.00,SALE,2024-12-13T11:11:57,S01,20241213
S01/20241213/00056,3,P107899,3,197.21,SALE,2024-12-13T11:11:57,S01,20241213
S01/20241213/00056,4,P103206,1,450.05,SALE,2024-12-13T11:11:57,S01,20241213
S01/20241213/00056,5,P105209,1,399.92,SALE,2024-12-13T11:11:57,S01,20241213
S01/20241213/00056,6,TAX,1,215.75,TAX,2024-12-13T11:11:57,S01,20241213
S01/20241213/00056,7,TENDER,1,1938.56,TENDER,2024-12-13T11:11:57,S01,20241213
S01/20241213/00057,1,P107555,1,1314.43,SALE,2024-12-13T15:26:22,S01,20241213
S01/20241213/00057,2,P100255,2,1250.31,SALE,2024-12-13T15:26:22,S01,20241213
S01/20241213/00057,3,P102593,2,92.93,SALE,2024-12-13T15:26:22,S01,20241213
S01/20241213/00057,4,P101697,1,102.34,SALE,2024-12-13T15:26:22,S01,20241213
S01/20241213/00057,5,TAX,1,158.49,TAX,2024-12-13T15:26:22,S01,20241213
S01/20241213/00057,6,TENDER,1,4261.74,TENDER,2024-12-13T15:26:22,S01,20241213
S01/20241214/00001,1,P105351,3,109.14,SALE,2024-12-14T15:33:12,S01,20241214
S01/20241214/00001,2,P106765,1,279.73,SALE,2024-12-14T15:33:12,S01,20241214
S01/20241214/00001,3,P106907,2,321.26,SALE,2024-12-14T15:33:12,S01,20241214
S01/20241214/00001,4,P101332,2,400.98,SALE,2024-12-14T15:33:12,S01,20241214
S01/20241214/00001,5,TAX,1,253.64,TAX,2024-12-14T15:33:12,S01,20241214
S01/20241214/00001,6,TENDER,1,2305.27,TENDER,2024-12-14T15:33:12,S01,20241214
S01/20241214/00002,1,P103090,2,841.97,SALE,2024-12-14T20:02:44,S01,20241214
S01/20241214/00002,2,P107145,1,235.69,SALE,2024-12-14T20:02:44,S01,20241214
S01/20241214/00002,3,P102707,1,425.19,SALE,2024-12-14T20:02:44,S01,20241214
S01/20241214/00002,4,TAX,1,163.50,TAX,2024-12-14T20:02:44,S01,20241214
S01/20241214/00002,5,TENDER,1,2508.32,TENDER,2024-12-14T20:02:44,S01,20241214
S01/20241214/00003,1,P106584,5,247.63,SALE,2024-12-14T15:23:50,S01,20241214
S01/20241214/00003,2,P104081,3,652.80,SALE,2024-12-14T15:23:50,S01,20241214
S01/20241214/00003,3,TAX,1,0.00,TAX,2024-12-14T15:23:50,S01,20241214
S01/20241214/00003,4,TENDER,1,3196.55,TENDER,2024-12-14T15:23:50,S01,20241214
S01/20241214/00004,1,P106478,3,56.12,SALE,2024-12-14T17:54:58,S01,20241214
S01/20241214/00004,2,P101864,2,112.21,SALE,2024-12-14T17:54:58,S01,20241214
S01/20241214/00004,3,P104715,2,162.67,SALE,2024-12-14T17:54:58,S01,20241214
S01/20241214/00004,4,P104417,3,332.65,SALE,2024-12-14T17:54:58,S01,20241214
S01/20241214/00004,5,P105614,1,652.27,SALE,2024-12-14T17:54:58,S01,20241214
S01/20241214/00004,6,TAX,1,344.54,TAX,2024-12-14T17:54:58,S01,20241214
S01/20241214/00004,7,TENDER,1,2712.88,TENDER,2024-12-14T17:54:58,S01,20241214
S01/20241214/00005,1,P108017,1,105.98,SALE,2024-12-14T13:19:59,S01,20241214
S01/20241214/00005,2,P105139,2,119.64,SALE,2024-12-14T13:19:59,S01,20241214
S01/20241214/00005,3,P104625,2,296.80,SALE,2024-12-14T13:19:59,S01,20241214
S01/20241214/00005,4,P100494,2,67.32,SALE,2024-12-14T13:19:59,S01,20241214
S01/20241214/00005,5,P100604,2,167.40,SALE,2024-12-14T13:19:59,S01,20241214
S01/20241214/00005,6,P105127,2,77.13,SALE,2024-12-14T13:19:59,S01,20241214
S01/20241214/00005,7,TAX,1,60.66,TAX,2024-12-14T13:19:59,S01,20241214
S01/20241214/00005,8,TENDER,1,1623.22,TENDER,2024-12-14T13:19:59,S01,20241214
S01/20241214/00006,1,P102845,2,261.08,SALE,2024-12-14T14:44:12,S01,20241214
S01/20241214/00006,2,P100255,2,1250.31,SALE,2024-12-14T14:44:12,S01,20241214
S01/20241214/00006,3,P103743,1,1117.90,SALE,2024-12-14T14:44:12,S01,20241214
S01/20241214/00006,4,P107458,1,1239.88,SALE,2024-12-14T14:44:12,S01,20241214
S01/20241214/00006,5,P108050,1,1166.49,SALE,2024-12-14T14:44:12,S01,20241214
S01/20241214/00006,6,P100904,2,68.79,SALE,2024-12-14T14:44:12,S01,20241214
S01/20241214/00006,7,P104401,4,207.51,SALE,2024-12-14T14:44:12,S01,20241214
S01/20241214/00006,8,TAX,1,333.83,TAX,2024-12-14T14:44:12,S01,20241214
S01/20241214/00006,9,TENDER,1,7848.50,TENDER,2024-12-14T14:44:12,S01,20241214
S01/20241214/00007,1,P106872,1,73.12,SALE,2024-12-14T08:08:24,S01,20241214
S01/20241214/00007,2,P102175,1,191.56,SALE,2024-12-14T08:08:24,S01,20241214
S01/20241214/00007,3,P108389,1,837.30,SALE,2024-12-14T08:08:24,S01,20241214
S01/20241214/00007,4,TAX,1,55.03,TAX,2024-12-14T08:08:24,S01,20241214
S01/20241214/00007,5,TENDER,1,1157.01,TENDER,2024-12-14T08:08:24,S01,20241214
S01/20241214/00008,1,P102219,3,780.86,SALE,2024-12-14T20:12:08,S01,20241214
S01/20241214/00008,2,P108275,3,504.53,SALE,2024-12-14T20:12:08,S01,20241214
S01/20241214/00008,3,TAX,1,389.58,TAX,2024-12-14T20:12:08,S01,20241214
S01/20241214/00008,4,TENDER,1,4245.75,TENDER,2024-12-14T20:12:08,S01,20241214
S01/20241214/00009,1,P107346,1,449.29,SALE,2024-12-14T16:11:27,S01,20241214
S01/20241214/00009,2,P102415,1,1245.81,SALE,2024-12-14T16:11:27,S01,20241214
S01/20241214/00009,3,P102364,1,104.57,SALE,2024-12-14T16:11:27,S01,20241214
S01/20241214/00009,4,P102207,2,342.36,SALE,2024-12-14T16:11:27,S01,20241214
S01/20241214/00009,5,P105971,2,1150.46,SALE,2024-12-14T16:11:27,S01,20241214
S01/20241214/00009,6,P101279,2,242.90,SALE,2024-12-14T16:11:27,S01,20241214
S01/20241214/00009,7,TAX,1,300.79,TAX,2024-12-14T16:11:27,S01,20241214
S01/20241214/00009,8,TENDER,1,5571.90,TENDER,2024-12-14T16:11:27,S01,20241214
S01/20241214/00010,1,P106388,1,1120.55,SALE,2024-12-14T21:11:35,S01,20241214
S01/20241214/00010,2,P108282,4,472.97,SALE,2024-12-14T21:11:35,S01,20241214
S01/20241214/00010,3,P103299,2,238.05,SALE,2024-12-14T21:11:35,S01,20241214
S01/20241214/00010,4,P102982,1,255.95,SALE,2024-12-14T21:11:35,S01,20241214
S01/20241214/00010,5,TAX,1,226.36,TAX,2024-12-14T21:11:35,S01,20241214
S01/20241214/00010,6,TENDER,1,3970.84,TENDER,2024-12-14T21:11:35,S01,20241214
S01/20241214/00011,1,P106270,2,308.83,SALE,2024-12-14T10:20:32,S01,20241214
S01/20241214/00011,2,P104149,2,88.07,SALE,2024-12-14T10:20:32,S01,20241214
S01/20241214/00011,3,P104277,2,128.39,SALE,2024-12-14T10:20:32,S01,20241214
S01/20241214/00011,4,P101095,1,205.38,SALE,2024-12-14T10:20:32,S01,20241214
S01/20241214/00011,5,P103822,1,594.96,SALE,2024-12-14T10:20:32,S01,20241214
S01/20241214/00011,6,P101225,2,452.38,SALE,2024-12-14T10:20:32,S01,20241214
S01/20241214/00011,7,TAX,1,255.28,TAX,2024-12-14T10:20:32,S01,20241214
S01/20241214/00011,8,TENDER,1,3010.96,TENDER,2024-12-14T10:20:32,S01,20241214
S01/20241214/00012,1,P107178,2,298.69,SALE,2024-12-14T18:45:08,S01,20241214
S01/20241214/00012,2,P102886,2,139.22,SALE,2024-12-14T18:45:08,S01,20241214
S01/20241214/00012,3,TAX,1,85.61,TAX,2024-12-14T18:45:08,S01,20241214
S01/20241214/00012,4,TENDER,1,961.43,TENDER,2024-12-14T18:45:08,S01,20241214
S01/20241214/00013,1,P106258,-1,423.67,RETURN,2024-12-14T22:13:18,S01,20241214
S01/20241214/00013,2,P101710,-2,345.87,RETURN,2024-12-14T22:13:18,S01,20241214
S01/20241214/00013,3,TAX,1,-104.19,TAX,2024-12-14T22:13:18,S01,20241214
S01/20241214/00013,4,TENDER,1,-1219.60,TENDER,2024-12-14T22:13:18,S01,20241214
S01/20241214/00014,1,P104579,1,67.48,SALE,2024-12-14T18:10:00,S01,20241214
S01/20241214/00014,2,P102230,2,335.28,SALE,2024-12-14T18:10:00,S01,20241214
S01/20241214/00014,3,P106659,1,106.86,SALE,2024-12-14T18:10:00,S01,20241214
S01/20241214/00014,4,P102886,3,139.22,SALE,2024-12-14T18:10:00,S01,20241214
S01/20241214/00014,5,TAX,1,154.41,TAX,2024-12-14T18:10:00,S01,20241214
S01/20241214/00014,6,TENDER,1,1416.97,TENDER,2024-12-14T18:10:00,S01,20241214
S01/20241214/00015,1,P106405,4,40.51,SALE,2024-12-14T16:20:35,S01,20241214
S01/20241214/00015,2,P104844,1,553.13,SALE,2024-12-14T16:20:35,S01,20241214
S01/20241214/00015,3,P105575,2,513.17,SALE,2024-12-14T16:20:35,S01,20241214
S01/20241214/00015,4,P106191,3,1230.97,SALE,2024-12-14T16:20:35,S01,20241214
S01/20241214/00015,5,TAX,1,108.14,TAX,2024-12-14T16:20:35,S01,20241214
S01/20241214/00015,6,TENDER,1,5542.56,TENDER,2024-12-14T16:20:35,S01,20241214
S01/20241214/00016,1,P106288,2,48.38,SALE,2024-12-14T10:53:54,S01,20241214
S01/20241214/00016,2,P100791,4,46.20,SALE,2024-12-14T10:53:54,S01,20241214
S01/20241214/00016,3,TAX,1,14.08,TAX,2024-12-14T10:53:54,S01,20241214
S01/20241214/00016,4,TENDER,1,295.64,TENDER,2024-12-14T10:53:54,S01,20241214
S01/20241214/00017,1,P106911,3,232.77,SALE,2024-12-14T14:42:05,S01,20241214
S01/20241214/00017,2,P102290,2,587.69,SALE,2024-12-14T14:42:05,S01,20241214
S01/20241214/00017,3,P100178,2,480.34,SALE,2024-12-14T14:42:05,S01,20241214
S01/20241214/00017,4,P106911,-3,232.77,VOID,2024-12-14T14:42:05,S01,20241214
S01/20241214/00017,5,P102290,-2,587.69,VOID,2024-12-14T14:42:05,S01,20241214
S01/20241214/00017,6,P100178,-2,480.34,VOID,2024-12-14T14:42:05,S01,20241214
S01/20241214/00017,7,TAX,1,0.00,TAX,2024-12-14T14:42:05,S01,20241214
S01/20241214/00017,8,TENDER,1,0.00,TENDER,2024-12-14T14:42:05,S01,20241214
S01/20241214/00018,1,P104155,2,144.69,SALE,2024-12-14T10:48:25,S01,20241214
S01/20241214/00018,2,P105405,1,430.78,SALE,2024-12-14T10:48:25,S01,20241214
S01/20241214/00018,3,P102903,2,51.46,SALE,2024-12-14T10:48:25,S01,20241214
S01/20241214/00018,4,P102054,1,142.99,SALE,2024-12-14T10:48:25,S01,20241214
S01/20241214/00018,5,P108179,2,307.53,SALE,2024-12-14T10:48:25,S01,20241214
S01/20241214/00018,6,P101530,3,576.50,SALE,2024-12-14T10:48:25,S01,20241214
S01/20241214/00018,7,P102305,2,111.72,SALE,2024-12-14T10:48:25,S01,20241214
S01/20241214/00018,8,P104600,2,56.45,SALE,2024-12-14T10:48:25,S01,20241214
S01/20241214/00018,9,TAX,1,464.79,TAX,2024-12-14T10:48:25,S01,20241214
S01/20241214/00018,10,TENDER,1,4111.76,TENDER,2024-12-14T10:48:25,S01,20241214
S01/20241214/00019,1,P102432,3,895.86,SALE,2024-12-14T16:25:51,S01,20241214
S01/20241214/00019,2,P101558,3,52.58,SALE,2024-12-14T16:25:51,S01,20241214
S01/20241214/00019,3,P101332,1,400.98,SALE,2024-12-14T16:25:51,S01,20241214
S01/20241214/00019,4,P106158,2,507.58,SALE,2024-12-14T16:25:51,S01,20241214
S01/20241214/00019,5,P107422,2,193.56,SALE,2024-12-14T16:25:51,S01,20241214
S01/20241214/00019,6,P103040,3,410.59,SALE,2024-12-14T16:25:51,S01,20241214
S01/20241214/00019,7,P103647,1,42.08,SALE,2024-12-14T16:25:51,S01,20241214
S01/20241214/00019,8,P108379,3,300.71,SALE,2024-12-14T16:25:51,S01,20241214
S01/20241214/00019,9,P102768,2,158.73,SALE,2024-12-14T16:25:51,S01,20241214
S01/20241214/00019,10,P104194,3,119.04,SALE,2024-12-14T16:25:51,S01,20241214
S01/20241214/00019,11,P105747,2,287.56,SALE,2024-12-14T16:25:51,S01,20241214
S01/20241214/00019,12,TAX,1,1048.11,TAX,2024-12-14T16:25:51,S01,20241214
S01/20241214/00019,13,TENDER,1,9122.37,TENDER,2024-12-14T16:25:51,S01,20241214
S01/20241214/00020,1,P108159,4,488.81,SALE,2024-12-14T10:18:09,S01,20241214
S01/20241214/00020,2,P101876,1,68.16,SALE,2024-12-14T10:18:09,S01,20241214
S01/20241214/00020,3,P105003,1,323.64,SALE,2024-12-14T10:18:09,S01,20241214
S01/20241214/00020,4,P101164,1,401.86,SALE,2024-12-14T10:18:09,S01,20241214
S01/20241214/00020,5,TAX,1,134.00,TAX,2024-12-14T10:18:09,S01,20241214
S01/20241214/00020,6,TENDER,1,2882.90,TENDER,2024-12-14T10:18:09,S01,20241214
S01/20241214/00021,1,P101520,2,187.47,SALE,2024-12-14T07:37:06,S01,20241214
S01/20241214/00021,2,P101122,2,69.38,SALE,2024-12-14T07:37:06,S01,20241214
S01/20241214/00021,3,P105227,2,292.54,SALE,2024-12-14T07:37:06,S01,20241214
S01/20241214/00021,4,DISC,1,-33.97,DISCOUNT,2024-12-14T07:37:06,S01,20241214
S01/20241214/00021,5,TAX,1,110.41,TAX,2024-12-14T07:37:06,S01,20241214
S01/20241214/00021,6,TENDER,1,1175.22,TENDER,2024-12-14T07:37:06,S01,20241214
S01/20241214/00022,1,P107826,1,136.08,SALE,2024-12-14T15:08:21,S01,20241214
S01/20241214/00022,2,P107662,3,330.01,SALE,2024-12-14T15:08:21,S01,20241214
S01/20241214/00022,3,P106158,1,507.58,SALE,2024-12-14T15:08:21,S01,20241214
S01/20241214/00022,4,TAX,1,219.91,TAX,2024-12-14T15:08:21,S01,20241214
S01/20241214/00022,5,TENDER,1,1853.60,TENDER,2024-12-14T15:08:21,S01,20241214
S01/20241214/00023,1,P103843,2,660.15,SALE,2024-12-14T15:50:02,S01,20241214
S01/20241214/00023,2,P101558,3,52.58,SALE,2024-12-14T15:50:02,S01,20241214
S01/20241214/00023,3,TAX,1,266.05,TAX,2024-12-14T15:50:02,S01,20241214
S01/20241214/00023,4,TENDER,1,1744.09,TENDER,2024-12-14T15:50:02,S01,20241214
S01/20241214/00024,1,P107012,3,109.16,SALE,2024-12-14T15:53:44,S01,20241214
S01/20241214/00024,2,P102452,1,176.54,SALE,2024-12-14T15:53:44,S01,20241214
S01/20241214/00024,3,P104811,2,108.16,SALE,2024-12-14T15:53:44,S01,20241214
S01/20241214/00024,4,TAX,1,64.14,TAX,2024-12-14T15:53:44,S01,20241214
S01/20241214/00024,5,TENDER,1,784.48,TENDER,2024-12-14T15:53:44,S01,20241214
S01/20241214/00025,1,P102718,1,356.09,SALE,2024-12-14T16:23:15,S01,20241214
S01/20241214/00025,2,P104789,2,67.52,SALE,2024-12-14T16:23:15,S01,20241214
S01/20241214/00025,3,P101732,1,1390.76,SALE,2024-12-14T16:23:15,S01,20241214
S01/20241214/00025,4,P105345,1,335.85,SALE,2024-12-14T16:23:15,S01,20241214
S01/20241214/00025,5,P108239,3,256.06,SALE,2024-12-14T16:23:15,S01,20241214
S01/20241214/00025,6,TAX,1,386.05,TAX,2024-12-14T16:23:15,S01,20241214
S01/20241214/00025,7,TENDER,1,3371.97,TENDER,2024-12-14T16:23:15,S01,20241214
S01/20241214/00026,1,P101982,2,428.91,SALE,2024-12-14T19:20:44,S01,20241214
S01/20241214/00026,2,P100367,2,537.90,SALE,2024-12-14T19:20:44,S01,20241214
S01/20241214/00026,3,P100693,1,107.22,SALE,2024-12-14T19:20:44,S01,20241214
S01/20241214/00026,4,P107721,3,92.25,SALE,2024-12-14T19:20:44,S01,20241214
S01/20241214/00026,5,P105882,2,222.02,SALE,2024-12-14T19:20:44,S01,20241214
S01/20241214/00026,6,P101034,2,94.74,SALE,2024-12-14T19:20:44,S01,20241214
S01/20241214/00026,7,P106424,2,535.14,SALE,2024-12-14T19:20:44,S01,20241214
S01/20241214/00026,8,TAX,1,523.53,TAX,2024-12-14T19:20:44,S01,20241214
S01/20241214/00026,9,TENDER,1,4544.92,TENDER,2024-12-14T19:20:44,S01,20241214
S01/20241214/00027,1,P104956,2,141.84,SALE,2024-12-14T14:08:16,S01,20241214
S01/20241214/00027,2,P105789,4,42.75,SALE,2024-12-14T14:08:16,S01,20241214
S01/20241214/00027,3,P101851,2,1750.29,SALE,2024-12-14T14:08:16,S01,20241214
S01/20241214/00027,4,TAX,1,81.84,TAX,2024-12-14T14:08:16,S01,20241214
S01/20241214/00027,5,TENDER,1,4037.10,TENDER,2024-12-14T14:08:16,S01,20241214
S01/20241214/00028,1,P101410,1,958.72,SALE,2024-12-14T15:19:05,S01,20241214
S01/20241214/00028,2,TAX,1,115.05,TAX,2024-12-14T15:19:05,S01,20241214
S01/20241214/00028,3,TENDER,1,1073.77,TENDER,2024-12-14T15:19:05,S01,20241214
S01/20241214/00029,1,P102718,2,356.09,SALE,2024-12-14T17:10:15,S01,20241214
S01/20241214/00029,2,P104593,1,867.34,SALE,2024-12-14T17:10:15,S01,20241214
S01/20241214/00029,3,P106130,3,1317.16,SALE,2024-12-14T17:10:15,S01,20241214
S01/20241214/00029,4,P101789,2,391.48,SALE,2024-12-14T17:10:15,S01,20241214
S01/20241214/00029,5,P103542,4,398.89,SALE,2024-12-14T17:10:15,S01,20241214
S01/20241214/00029,6,P107137,2,32.59,SALE,2024-12-14T17:10:15,S01,20241214
S01/20241214/00029,7,P104872,1,132.45,SALE,2024-12-14T17:10:15,S01,20241214
S01/20241214/00029,8,P104921,2,425.26,SALE,2024-12-14T17:10:15,S01,20241214
S01/20241214/00029,9,TAX,1,631.88,TAX,2024-12-14T17:10:15,S01,20241214
S01/20241214/00029,10,TENDER,1,9589.55,TENDER,2024-12-14T17:10:15,S01,20241214
S01/20241214/00030,1,P107320,2,231.92,SALE,2024-12-14T15:15:19,S01,20241214
S01/20241214/00030,2,P101489,3,555.59,SALE,2024-12-14T15:15:19,S01,20241214
S01/20241214/00030,3,P102175,2,191.56,SALE,2024-12-14T15:15:19,S01,20241214
S01/20241214/00030,4,P101766,3,220.67,SALE,2024-12-14T15:15:19,S01,20241214
S01/20241214/00030,5,TAX,1,135.10,TAX,2024-12-14T15:15:19,S01,20241214
S01/20241214/00030,6,TENDER,1,3310.84,TENDER,2024-12-14T15:15:19,S01,20241214
S01/20241214/00031,1,P101955,2,364.45,SALE,2024-12-14T12:13:36,S01,20241214
S01/20241214/00031,2,P106679,1,181.66,SALE,2024-12-14T12:13:36,S01,20241214
S01/20241214/00031,3,P103994,1,148.39,SALE,2024-12-14T12:13:36,S01,20241214
S01/20241214/00031,4,P104081,2,652.80,SALE,2024-12-14T12:13:36,S01,20241214
S01/20241214/00031,5,TAX,1,131.20,TAX,2024-12-14T12:13:36,S01,20241214
S01/20241214/00031,6,TENDER,1,2495.75,TENDER,2024-12-14T12:13:36,S01,20241214
S01/20241214/00032,1,P105468,4,1100.43,SALE,2024-12-14T16:18:52,S01,20241214
S01/20241214/00032,2,P106620,1,273.19,SALE,2024-12-14T16:18:52,S01,20241214
S01/20241214/00032,3,P105815,1,320.65,SALE,2024-12-14T16:18:52,S01,20241214
S01/20241214/00032,4,P101904,2,607.91,SALE,2024-12-14T16:18:52,S01,20241214
S01/20241214/00032,5,P104526,2,363.05,SALE,2024-12-14T16:18:52,S01,20241214
S01/20241214/00032,6,P105553,2,764.76,SALE,2024-12-14T16:18:52,S01,20241214
S01/20241214/00032,7,P101530,2,576.50,SALE,2024-12-14T16:18:52,S01,20241214
S01/20241214/00032,8,P100403,2,71.79,SALE,2024-12-14T16:18:52,S01,20241214
S01/20241214/00032,9,TAX,1,954.81,TAX,2024-12-14T16:18:52,S01,20241214
S01/20241214/00032,10,TENDER,1,10718.39,TENDER,2024-12-14T16:18:52,S01,20241214
S01/20241214/00033,1,P100421,2,121.56,SALE,2024-12-14T19:33:09,S01,20241214
S01/20241214/00033,2,P104187,1,86.95,SALE,2024-12-14T19:33:09,S01,20241214
S01/20241214/00033,3,P101367,1,512.46,SALE,2024-12-14T19:33:09,S01,20241214
S01/20241214/00033,4,P101796,1,990.67,SALE,2024-12-14T19:33:09,S01,20241214
S01/20241214/00033,5,TAX,1,146.12,TAX,2024-12-14T19:33:09,S01,20241214
S01/20241214/00033,6,TENDER,1,1979.32,TENDER,2024-12-14T19:33:09,S01,20241214
S01/20241214/00034,1,P104965,1,88.50,SALE,2024-12-14T16:06:38,S01,20241214
S01/20241214/00034,2,P101660,2,193.14,SALE,2024-12-14T16:06:38,S01,20241214
S01/20241214/00034,3,P104212,1,426.07,SALE,2024-12-14T16:06:38,S01,20241214
S01/20241214/00034,4,P106367,3,650.25,SALE,2024-12-14T16:06:38,S01,20241214
S01/20241214/00034,5,P102738,2,236.55,SALE,2024-12-14T16:06:38,S01,20241214
S01/20241214/00034,6,P101384,5,42.99,SALE,2024-12-14T16:06:38,S01,20241214
S01/20241214/00034,7,TAX,1,265.49,TAX,2024-12-14T16:06:38,S01,20241214
S01/20241214/00034,8,TENDER,1,3805.14,TENDER,2024-12-14T16:06:38,S01,20241214
S01/20241214/00035,1,P101592,2,295.58,SALE,2024-12-14T18:54:14,S01,20241214
S01/20241214/00035,2,P105695,1,158.81,SALE,2024-12-14T18:54:14,S01,20241214
S01/20241214/00035,3,P101064,1,33.84,SALE,2024-12-14T18:54:14,S01,20241214
S01/20241214/00035,4,P101311,2,481.74,SALE,2024-12-14T18:54:14,S01,20241214
S01/20241214/00035,5,TAX,1,168.61,TAX,2024-12-14T18:54:14,S01,20241214
S01/20241214/00035,6,TENDER,1,1915.90,TENDER,2024-12-14T18:54:14,S01,20241214
S01/20241214/00036,1,P106115,4,128.36,SALE,2024-12-14T23:20:58,S01,20241214
S01/20241214/00036,2,P103822,2,594.96,SALE,2024-12-14T23:20:58,S01,20241214
S01/20241214/00036,3,P103704,2,188.13,SALE,2024-12-14T23:20:58,S01,20241214
S01/20241214/00036,4,P105603,1,202.29,SALE,2024-12-14T23:20:58,S01,20241214
S01/20241214/00036,5,P100761,3,51.26,SALE,2024-12-14T23:20:58,S01,20241214
S01/20241214/00036,6,P106478,2,56.12,SALE,2024-12-14T23:20:58,S01,20241214
S01/20241214/00036,7,TAX,1,424.04,TAX,2024-12-14T23:20:58,S01,20241214
S01/20241214/00036,8,TENDER,1,2971.97,TENDER,2024-12-14T23:20:58,S01,20241214
S01/20241214/00037,1,P100974,1,41.35,SALE,2024-12-14T15:09:15,S01,20241214
S01/20241214/00037,2,P104950,2,96.47,SALE,2024-12-14T15:09:15,S01,20241214
S01/20241214/00037,3,DISC,1,-18.61,DISCOUNT,2024-12-14T15:09:15,S01,20241214
S01/20241214/00037,4,TAX,1,33.87,TAX,2024-12-14T15:09:15,S01,20241214
S01/20241214/00037,5,TENDER,1,249.55,TENDER,2024-12-14T15:09:15,S01,20241214
S01/20241214/00038,1,P101660,2,193.14,SALE,2024-12-14T13:48:08,S01,20241214
S01/20241214/00038,2,P106454,1,127.35,SALE,2024-12-14T13:48:08,S01,20241214
S01/20241214/00038,3,P106679,2,181.66,SALE,2024-12-14T13:48:08,S01,20241214
S01/20241214/00038,4,DISC,1,-90.22,DISCOUNT,2024-12-14T13:48:08,S01,20241214
S01/20241214/00038,5,TAX,1,23.04,TAX,2024-12-14T13:48:08,S01,20241214
S01/20241214/00038,6,TENDER,1,809.77,TENDER,2024-12-14T13:48:08,S01,20241214
S01/20241214/00039,1,P103111,1,40.41,SALE,2024-12-14T13:18:59,S01,20241214
S01/20241214/00039,2,P107759,3,257.69,SALE,2024-12-14T13:18:59,S01,20241214
S01/20241214/00039,3,P100250,2,544.91,SALE,2024-12-14T13:18:59,S01,20241214
S01/20241214/00039,4,P107843,3,486.47,SALE,2024-12-14T13:18:59,S01,20241214
S01/20241214/00039,5,P104361,4,1519.18,SALE,2024-12-14T13:18:59,S01,20241214
S01/20241214/00039,6,P101242,1,92.35,SALE,2024-12-14T13:18:59,S01,20241214
S01/20241214/00039,7,TAX,1,1065.03,TAX,2024-12-14T13:18:59,S01,20241214
S01/20241214/00039,8,TENDER,1,10596.81,TENDER,2024-12-14T13:18:59,S01,20241214
S01/20241214/00040,1,P102880,1,575.53,SALE,2024-12-14T13:07:53,S01,20241214
S01/20241214/00040,2,P100057,2,233.39,SALE,2024-12-14T13:07:53,S01,20241214
S01/20241214/00040,3,P101076,2,606.89,SALE,2024-12-14T13:07:53,S01,20241214
S01/20241214/00040,4,P107449,3,1495.62,SALE,2024-12-14T13:07:53,S01,20241214
S01/20241214/00040,5,P107282,2,1189.20,SALE,2024-12-14T13:07:53,S01,20241214
S01/20241214/00040,6,P103319,2,356.46,SALE,2024-12-14T13:07:53,S01,20241214
S01/20241214/00040,7,TAX,1,719.55,TAX,2024-12-14T13:07:53,S01,20241214
S01/20241214/00040,8,TENDER,1,10553.82,TENDER,2024-12-14T13:07:53,S01,20241214
S01/20241214/00041,1,P102160,2,221.62,SALE,2024-12-14T14:37:53,S01,20241214
S01/20241214/00041,2,P108227,2,551.58,SALE,2024-12-14T14:37:53,S01,20241214
S01/20241214/00041,3,DISC,1,-127.10,DISCOUNT,2024-12-14T14:37:53,S01,20241214
S01/20241214/00041,4,TAX,1,48.82,TAX,2024-12-14T14:37:53,S01,20241214
S01/20241214/00041,5,TENDER,1,1468.12,TENDER,2024-12-14T14:37:53,S01,20241214
S01/20241214/00042,1,P100803,1,278.56,SALE,2024-12-14T21:27:08,S01,20241214
S01/20241214/00042,2,P106048,2,310.59,SALE,2024-12-14T21:27:08,S01,20241214
S01/20241214/00042,3,P104439,2,123.98,SALE,2024-12-14T21:27:08,S01,20241214
S01/20241214/00042,4,TAX,1,133.10,TAX,2024-12-14T21:27:08,S01,20241214
S01/20241214/00042,5,TENDER,1,1280.80,TENDER,2024-12-14T21:27:08,S01,20241214
S01/20241214/00043,1,P104168,3,512.27,SALE,2024-12-14T20:58:44,S01,20241214
S01/20241214/00043,2,P106942,2,206.70,SALE,2024-12-14T20:58:44,S01,20241214
S01/20241214/00043,3,P107053,3,457.07,SALE,2024-12-14T20:58:44,S01,20241214
S01/20241214/00043,4,P105268,2,300.66,SALE,2024-12-14T20:58:44,S01,20241214
S01/20241214/00043,5,P108159,2,488.81,SALE,2024-12-14T20:58:44,S01,20241214
S01/20241214/00043,6,P104637,2,353.99,SALE,2024-12-14T20:58:44,S01,20241214
S01/20241214/00043,7,P108313,2,455.94,SALE,2024-12-14T20:58:44,S01,20241214
S01/20241214/00043,8,TAX,1,468.69,TAX,2024-12-14T20:58:44,S01,20241214
S01/20241214/00043,9,TENDER,1,6988.91,TENDER,2024-12-14T20:58:44,S01,20241214
S01/20241214/00044,1,P107899,2,197.21,SALE,2024-12-14T17:00:12,S01,20241214
S01/20241214/00044,2,P103012,3,240.75,SALE,2024-12-14T17:00:12,S01,20241214
S01/20241214/00044,3,P100889,3,1028.39,SALE,2024-12-14T17:00:12,S01,20241214
S01/20241214/00044,4,P102193,1,343.13,SALE,2024-12-14T17:00:12,S01,20241214
S01/20241214/00044,5,P106282,2,448.43,SALE,2024-12-14T17:00:12,S01,20241214
S01/20241214/00044,6,TAX,1,483.85,TAX,2024-12-14T17:00:12,S01,20241214
S01/20241214/00044,7,TENDER,1,5925.68,TENDER,2024-12-14T17:00:12,S01,20241214
S01/20241214/00045,1,P101827,1,155.74,SALE,2024-12-14T13:03:05,S01,20241214
S01/20241214/00045,2,P107914,2,244.98,SALE,2024-12-14T13:03:05,S01,20241214
S01/20241214/00045,3,P103299,1,238.05,SALE,2024-12-14T13:03:05,S01,20241214
S01/20241214/00045,4,P107158,1,147.89,SALE,2024-12-14T13:03:05,S01,20241214
S01/20241214/00045,5,DISC,1,-87.03,DISCOUNT,2024-12-14T13:03:05,S01,20241214
S01/20241214/00045,6,TAX,1,151.49,TAX,2024-12-14T13:03:05,S01,20241214
S01/20241214/00045,7,TENDER,1,1096.10,TENDER,2024-12-14T13:03:05,S01,20241214
S01/20241214/00046,1,P106174,2,229.89,SALE,2024-12-14T19:52:59,S01,20241214
S01/20241214/00046,2,P105878,1,282.51,SALE,2024-12-14T19:52:59,S01,20241214
S01/20241214/00046,3,P102616,1,82.31,SALE,2024-12-14T19:52:59,S01,20241214
S01/20241214/00046,4,TAX,1,28.94,TAX,2024-12-14T19:52:59,S01,20241214
S01/20241214/00046,5,TENDER,1,853.54,TENDER,2024-12-14T19:52:59,S01,20241214
S01/20241214/00047,1,P100840,1,248.08,SALE,2024-12-14T19:09:13,S01,20241214
S01/20241214/00047,2,P100049,2,68.93,SALE,2024-12-14T19:09:13,S01,20241214
S01/20241214/00047,3,P102735,1,534.08,SALE,2024-12-14T19:09:13,S01,20241214
S01/20241214/00047,4,P107920,3,109.22,SALE,2024-12-14T19:09:13,S01,20241214
S01/20241214/00047,5,DISC,1,-97.79,DISCOUNT,2024-12-14T19:09:13,S01,20241214
S01/20241214/00047,6,TAX,1,206.98,TAX,2024-12-14T19:09:13,S01,20241214
S01/20241214/00047,7,TENDER,1,1356.87,TENDER,2024-12-14T19:09:13,S01,20241214
S01/20241214/00048,1,P100827,1,1218.17,SALE,2024-12-14T16:29:52,S01,20241214
S01/20241214/00048,2,P107880,2,347.04,SALE,2024-12-14T16:29:52,S01,20241214
S01/20241214/00048,3,P102375,2,509.34,SALE,2024-12-14T16:29:52,S01,20241214
S01/20241214/00048,4,TAX,1,218.07,TAX,2024-12-14T16:29:52,S01,20241214
S01/20241214/00048,5,TENDER,1,3149.00,TENDER,2024-12-14T16:29:52,S01,20241214
S01/20241214/00049,1,P105127,1,77.13,SALE,2024-12-14T12:32:30,S01,20241214
S01/20241214/00049,2,P108275,2,504.53,SALE,2024-12-14T12:32:30,S01,20241214
S01/20241214/00049,3,P103719,2,957.52,SALE,2024-12-14T12:32:30,S01,20241214
S01/20241214/00049,4,P102409,1,326.59,SALE,2024-12-14T12:32:30,S01,20241214
S01/20241214/00049,5,P104097,1,330.82,SALE,2024-12-14T12:32:30,S01,20241214
S01/20241214/00049,6,P105092,3,57.00,SALE,2024-12-14T12:32:30,S01,20241214
S01/20241214/00049,7,TAX,1,544.56,TAX,2024-12-14T12:32:30,S01,20241214
S01/20241214/00049,8,TENDER,1,4374.20,TENDER,2024-12-14T12:32:30,S01,20241214
S01/20241214/00050,1,P106151,2,298.42,SALE,2024-12-14T09:28:31,S01,20241214
S01/20241214/00050,2,P102569,1,116.37,SALE,2024-12-14T09:28:31,S01,20241214
S01/20241214/00050,3,TAX,1,85.59,TAX,2024-12-14T09:28:31,S01,20241214
S01/20241214/00050,4,TENDER,1,798.80,TENDER,2024-12-14T09:28:31,S01,20241214
S01/20241214/00051,1,P102404,1,370.32,SALE,2024-12-14T16:54:47,S01,20241214
S01/20241214/00051,2,P106399,2,198.14,SALE,2024-12-14T16:54:47,S01,20241214
S01/20241214/00051,3,P102290,2,587.69,SALE,2024-12-14T16:54:47,S01,20241214
S01/20241214/00051,4,P100933,1,276.15,SALE,2024-12-14T16:54:47,S01,20241214
S01/20241214/00051,5,P106426,2,154.27,SALE,2024-12-14T16:54:47,S01,20241214
S01/20241214/00051,6,P102674,2,515.88,SALE,2024-12-14T16:54:47,S01,20241214
S01/20241214/00051,7,P103222,2,427.41,SALE,2024-12-14T16:54:47,S01,20241214
S01/20241214/00051,8,TAX,1,554.40,TAX,2024-12-14T16:54:47,S01,20241214
S01/20241214/00051,9,TENDER,1,4967.65,TENDER,2024-12-14T16:54:47,S01,20241214
S01/20241215/00001,1,P101339,2,230.61,SALE,2024-12-15T15:57:07,S01,20241215
S01/20241215/00001,2,P107264,2,190.99,SALE,2024-12-15T15:57:07,S01,20241215
S01/20241215/00001,3,P106735,3,320.99,SALE,2024-12-15T15:57:07,S01,20241215
S01/20241215/00001,4,P107520,3,139.81,SALE,2024-12-15T15:57:07,S01,20241215
S01/20241215/00001,5,P100869,3,62.15,SALE,2024-12-15T15:57:07,S01,20241215
S01/20241215/00001,6,DISC,1,-286.04,DISCOUNT,2024-12-15T15:57:07,S01,20241215
S01/20241215/00001,7,TAX,1,271.91,TAX,2024-12-15T15:57:07,S01,20241215
S01/20241215/00001,8,TENDER,1,2397.92,TENDER,2024-12-15T15:57:07,S01,20241215
S01/20241215/00002,1,P102248,1,22.39,SALE,2024-12-15T14:51:39,S01,20241215
S01/20241215/00002,2,P107409,2,486.68,SALE,2024-12-15T14:51:39,S01,20241215
S01/20241215/00002,3,P103029,3,11.28,SALE,2024-12-15T14:51:39,S01,20241215
S01/20241215/00002,4,TAX,1,54.76,TAX,2024-12-15T14:51:39,S01,20241215
S01/20241215/00002,5,TENDER,1,1084.35,TENDER,2024-12-15T14:51:39,S01,20241215
S01/20241215/00003,1,P102296,1,48.88,SALE,2024-12-15T20:08:38,S01,20241215
S01/20241215/00003,2,P100509,1,143.57,SALE,2024-12-15T20:08:38,S01,20241215
S01/20241215/00003,3,P102664,3,261.47,SALE,2024-12-15T20:08:38,S01,20241215
S01/20241215/00003,4,TAX,1,157.17,TAX,2024-12-15T20:08:38,S01,20241215
S01/20241215/00003,5,TENDER,1,1134.03,TENDER,2024-12-15T20:08:38,S01,20241215
S01/20241215/00004,1,P104867,2,190.50,SALE,2024-12-15T18:46:10,S01,20241215
S01/20241215/00004,2,P103188,1,30.16,SALE,2024-12-15T18:46:10,S01,20241215
S01/20241215/00004,3,P101940,2,201.44,SALE,2024-12-15T18:46:10,S01,20241215
S01/20241215/00004,4,P100421,1,121.56,SALE,2024-12-15T18:46:10,S01,20241215
S01/20241215/00004,5,TAX,1,72.82,TAX,2024-12-15T18:46:10,S01,20241215
S01/20241215/00004,6,TENDER,1,1008.42,TENDER,2024-12-15T18:46:10,S01,20241215
S01/20241215/00005,1,P104645,1,1052.62,SALE,2024-12-15T15:27:08,S01,20241215
S01/20241215/00005,2,P105583,5,179.43,SALE,2024-12-15T15:27:08,S01,20241215
S01/20241215/00005,3,P103986,2,495.05,SALE,2024-12-15T15:27:08,S01,20241215
S01/20241215/00005,4,P103757,2,159.40,SALE,2024-12-15T15:27:08,S01,20241215
S01/20241215/00005,5,P101177,4,166.36,SALE,2024-12-15T15:27:08,S01,20241215
S01/20241215/00005,6,P103461,6,109.46,SALE,2024-12-15T15:27:08,S01,20241215
S01/20241215/00005,7,TAX,1,467.73,TAX,2024-12-15T15:27:08,S01,20241215
S01/20241215/00005,8,TENDER,1,5048.60,TENDER,2024-12-15T15:27:08,S01,20241215
S01/20241215/00006,1,P101656,4,324.95,SALE,2024-12-15T21:29:35,S01,20241215
S01/20241215/00006,2,P106388,2,1120.55,SALE,2024-12-15T21:29:35,S01,20241215
S01/20241215/00006,3,P103760,1,103.67,SALE,2024-12-15T21:29:35,S01,20241215
S01/20241215/00006,4,P105119,3,106.45,SALE,2024-12-15T21:29:35,S01,20241215
S01/20241215/00006,5,P100816,2,806.93,SALE,2024-12-15T21:29:35,S01,20241215
S01/20241215/00006,6,P104645,1,1052.62,SALE,2024-12-15T21:29:35,S01,20241215
S01/20241215/00006,7,TAX,1,425.78,TAX,2024-12-15T21:29:35,S01,20241215
S01/20241215/00006,8,TENDER,1,7056.18,TENDER,2024-12-15T21:29:35,S01,20241215
S01/20241215/00007,1,P107446,2,593.14,SALE,2024-12-15T12:51:34,S01,20241215
S01/20241215/00007,2,P101933,2,1344.63,SALE,2024-12-15T12:51:34,S01,20241215
S01/20241215/00007,3,P107373,2,96.28,SALE,2024-12-15T12:51:34,S01,20241215
S01/20241215/00007,4,TAX,1,536.24,TAX,2024-12-15T12:51:34,S01,20241215
S01/20241215/00007,5,TENDER,1,4604.34,TENDER,2024-12-15T12:51:34,S01,20241215
S01/20241215/00008,1,P102975,2,234.92,SALE,2024-12-15T17:19:08,S01,20241215
S01/20241215/00008,2,P101458,1,1365.07,SALE,2024-12-15T17:19:08,S01,20241215
S01/20241215/00008,3,P105050,1,109.65,SALE,2024-12-15T17:19:08,S01,20241215
S01/20241215/00008,4,P107414,2,565.57,SALE,2024-12-15T17:19:08,S01,20241215
S01/20241215/00008,5,P106807,1,322.15,SALE,2024-12-15T17:19:08,S01,20241215
S01/20241215/00008,6,TAX,1,204.60,TAX,2024-12-15T17:19:08,S01,20241215
S01/20241215/00008,7,TENDER,1,3602.45,TENDER,2024-12-15T17:19:08,S01,20241215
S01/20241215/00009,1,P106975,2,143.78,SALE,2024-12-15T11:43:51,S01,20241215
S01/20241215/00009,2,P100380,2,136.58,SALE,2024-12-15T11:43:51,S01,20241215
S01/20241215/00009,3,P102114,2,134.74,SALE,2024-12-15T11:43:51,S01,20241215
S01/20241215/00009,4,P102460,4,582.21,SALE,2024-12-15T11:43:51,S01,20241215
S01/20241215/00009,5,TAX,1,214.46,TAX,2024-12-15T11:43:51,S01,20241215
S01/20241215/00009,6,TENDER,1,3373.50,TENDER,2024-12-15T11:43:51,S01,20241215
S01/20241215/00010,1,P103171,2,68.42,SALE,2024-12-15T14:37:36,S01,20241215
S01/20241215/00010,2,P108008,3,128.46,SALE,2024-12-15T14:37:36,S01,20241215
S01/20241215/00010,3,TAX,1,76.21,TAX,2024-12-15T14:37:36,S01,20241215
S01/20241215/00010,4,TENDER,1,598.43,TENDER,2024-12-15T14:37:36,S01,20241215
S01/20241215/00011,1,P102585,2,516.36,SALE,2024-12-15T16:25:05,S01,20241215
S01/20241215/00011,2,P100803,2,278.56,SALE,2024-12-15T16:25:05,S01,20241215
S01/20241215/00011,3,P105483,1,160.65,SALE,2024-12-15T16:25:05,S01,20241215
S01/20241215/00011,4,P106592,2,815.90,SALE,2024-12-15T16:25:05,S01,20241215
S01/20241215/00011,5,P101023,3,213.62,SALE,2024-12-15T16:25:05,S01,20241215
S01/20241215/00011,6,TAX,1,222.04,TAX,2024-12-15T16:25:05,S01,20241215
S01/20241215/00011,7,TENDER,1,4245.19,TENDER,2024-12-15T16:25:05,S01,20241215
S01/20241215/00012,1,P102375,1,509.34,SALE,2024-12-15T15:13:15,S01,20241215
S01/20241215/00012,2,P104844,2,553.13,SALE,2024-12-15T15:13:15,S01,20241215
S01/20241215/00012,3,P104975,5,568.03,SALE,2024-12-15T15:13:15,S01,20241215
S01/20241215/00012,4,TAX,1,146.99,TAX,2024-12-15T15:13:15,S01,20241215
S01/20241215/00012,5,TENDER,1,4602.74,TENDER,2024-12-15T15:13:15,S01,20241215
S01/20241215/00013,1,P107171,2,335.20,SALE,2024-12-15T11:49:21,S01,20241215
S01/20241215/00013,2,P107163,2,187.11,SALE,2024-12-15T11:49:21,S01,20241215
S01/20241215/00013,3,P102263,2,116.79,SALE,2024-12-15T11:49:21,S01,20241215
S01/20241215/00013,4,TAX,1,127.19,TAX,2024-12-15T11:49:21,S01,20241215
S01/20241215/00013,5,TENDER,1,1405.39,TENDER,2024-12-15T11:49:21,S01,20241215
S01/20241215/00014,1,P102549,1,139.23,SALE,2024-12-15T14:27:33,S01,20241215
S01/20241215/00014,2,P105167,1,826.20,SALE,2024-12-15T14:27:33,S01,20241215
S01/20241215/00014,3,P105908,1,698.64,SALE,2024-12-15T14:27:33,S01,20241215
S01/20241215/00014,4,P106872,3,73.12,SALE,2024-12-15T14:27:33,S01,20241215
S01/20241215/00014,5,P101520,1,187.47,SALE,2024-12-15T14:27:33,S01,20241215
S01/20241215/00014,6,TAX,1,125.10,TAX,2024-12-15T14:27:33,S01,20241215
S01/20241215/00014,7,TENDER,1,2196.00,TENDER,2024-12-15T14:27:33,S01,20241215
S01/20241215/00015,1,P105180,3,102.63,SALE,2024-12-15T15:40:45,S01,20241215
S01/20241215/00015,2,P103517,1,177.49,SALE,2024-12-15T15:40:45,S01,20241215
S01/20241215/00015,3,P100268,2,197.00,SALE,2024-12-15T15:40:45,S01,20241215
S01/20241215/00015,4,P106776,3,445.40,SALE,2024-12-15T15:40:45,S01,20241215
S01/20241215/00015,5,TAX,1,141.93,TAX,2024-12-15T15:40:45,S01,20241215
S01/20241215/00015,6,TENDER,1,2357.51,TENDER,2024-12-15T15:40:45,S01,20241215
S01/20241215/00016,1,P101470,2,196.94,SALE,2024-12-15T13:53:08,S01,20241215
S01/20241215/00016,2,P107208,3,323.06,SALE,2024-12-15T13:53:08,S01,20241215
S01/20241215/00016,3,P101225,1,452.38,SALE,2024-12-15T13:53:08,S01,20241215
S01/20241215/00016,4,P102346,3,89.47,SALE,2024-12-15T13:53:08,S01,20241215
S01/20241215/00016,5,P106751,2,134.60,SALE,2024-12-15T13:53:08,S01,20241215
S01/20241215/00016,6,TAX,1,148.41,TAX,2024-12-15T13:53:08,S01,20241215
S01/20241215/00016,7,TENDER,1,2501.46,TENDER,2024-12-15T13:53:08,S01,20241215
S01/20241215/00017,1,P100999,3,171.06,SALE,2024-12-15T16:10:39,S01,20241215
S01/20241215/00017,2,P100649,1,618.96,SALE,2024-12-15T16:10:39,S01,20241215
S01/20241215/00017,3,P104417,1,332.65,SALE,2024-12-15T16:10:39,S01,20241215
S01/20241215/00017,4,DISC,1,-76.66,DISCOUNT,2024-12-15T16:10:39,S01,20241215
S01/20241215/00017,5,TAX,1,67.16,TAX,2024-12-15T16:10:39,S01,20241215
S01/20241215/00017,6,TENDER,1,1455.29,TENDER,2024-12-15T16:10:39,S01,20241215
S01/20241215/00018,1,P104526,2,363.05,SALE,2024-12-15T19:11:03,S01,20241215
S01/20241215/00018,2,TAX,1,36.31,TAX,2024-12-15T19:11:03,S01,20241215
S01/20241215/00018,3,TENDER,1,762.41,TENDER,2024-12-15T19:11:03,S01,20241215
S01/20241215/00019,1,P104469,1,1631.11,SALE,2024-12-15T18:26:58,S01,20241215
S01/20241215/00019,2,P106391,1,795.61,SALE,2024-12-15T18:26:58,S01,20241215
S01/20241215/00019,3,P102531,6,160.54,SALE,2024-12-15T18:26:58,S01,20241215
S01/20241215/00019,4,P100519,1,365.61,SALE,2024-12-15T18:26:58,S01,20241215
S01/20241215/00019,5,P105733,1,151.69,SALE,2024-12-15T18:26:58,S01,20241215
S01/20241215/00019,6,P101533,4,975.60,SALE,2024-12-15T18:26:58,S01,20241215
S01/20241215/00019,7,P106399,2,198.14,SALE,2024-12-15T18:26:58,S01,20241215
S01/20241215/00019,8,P100178,1,480.34,SALE,2024-12-15T18:26:58,S01,20241215
S01/20241215/00019,9,P108206,1,81.62,SALE,2024-12-15T18:26:58,S01,20241215
S01/20241215/00019,10,TAX,1,996.84,TAX,2024-12-15T18:26:58,S01,20241215
S01/20241215/00019,11,TENDER,1,9764.74,TENDER,2024-12-15T18:26:58,S01,20241215
S01/20241215/00020,1,P105733,4,151.69,SALE,2024-12-15T14:50:31,S01,20241215
S01/20241215/00020,2,P108046,1,101.85,SALE,2024-12-15T14:50:31,S01,20241215
S01/20241215/00020,3,TAX,1,127.55,TAX,2024-12-15T14:50:31,S01,20241215
S01/20241215/00020,4,TENDER,1,836.16,TENDER,2024-12-15T14:50:31,S01,20241215
S01/20241215/00021,1,P102909,1,48.78,SALE,2024-12-15T17:03:17,S01,20241215
S01/20241215/00021,2,P100632,2,331.55,SALE,2024-12-15T17:03:17,S01,20241215
S01/20241215/00021,3,P105405,2,430.78,SALE,2024-12-15T17:03:17,S01,20241215
S01/20241215/00021,4,P108082,1,236.40,SALE,2024-12-15T17:03:17,S01,20241215
S01/20241215/00021,5,P107676,3,213.04,SALE,2024-12-15T17:03:17,S01,20241215
S01/20241215/00021,6,P105524,2,81.14,SALE,2024-12-15T17:03:17,S01,20241215
S01/20241215/00021,7,TAX,1,266.15,TAX,2024-12-15T17:03:17,S01,20241215
S01/20241215/00021,8,TENDER,1,2877.39,TENDER,2024-12-15T17:03:17,S01,20241215
S01/20241215/00022,1,P101859,2,66.16,SALE,2024-12-15T15:51:53,S01,20241215
S01/20241215/00022,2,P102160,1,221.62,SALE,2024-12-15T15:51:53,S01,20241215
S01/20241215/00022,3,P100519,2,365.61,SALE,2024-12-15T15:51:53,S01,20241215
S01/20241215/00022,4,P101034,6,94.74,SALE,2024-12-15T15:51:53,S01,20241215
S01/20241215/00022,5,TAX,1,198.43,TAX,2024-12-15T15:51:53,S01,20241215
S01/20241215/00022,6,TENDER,1,1852.03,TENDER,2024-12-15T15:51:53,S01,20241215
S01/20241215/00023,1,P103575,3,54.47,SALE,2024-12-15T23:38:16,S01,20241215
S01/20241215/00023,2,P101225,1,452.38,SALE,2024-12-15T23:38:16,S01,20241215
S01/20241215/00023,3,P105747,1,287.56,SALE,2024-12-15T23:38:16,S01,20241215
S01/20241215/00023,4,P102432,2,895.86,SALE,2024-12-15T23:38:16,S01,20241215
S01/20241215/00023,5,DISC,1,-304.50,DISCOUNT,2024-12-15T23:38:16,S01,20241215
S01/20241215/00023,6,TAX,1,292.03,TAX,2024-12-15T23:38:16,S01,20241215
S01/20241215/00023,7,TENDER,1,2682.60,TENDER,2024-12-15T23:38:16,S01,20241215
S01/20241215/00024,1,P103222,1,427.41,SALE,2024-12-15T11:31:56,S01,20241215
S01/20241215/00024,2,P102335,4,94.24,SALE,2024-12-15T11:31:56,S01,20241215
S01/20241215/00024,3,P102593,1,92.93,SALE,2024-12-15T11:31:56,S01,20241215
S01/20241215/00024,4,P102045,1,21.89,SALE,2024-12-15T11:31:56,S01,20241215
S01/20241215/00024,5,TAX,1,139.81,TAX,2024-12-15T11:31:56,S01,20241215
S01/20241215/00024,6,TENDER,1,1059.00,TENDER,2024-12-15T11:31:56,S01,20241215
S01/20241215/00025,1,P100499,2,258.12,SALE,2024-12-15T19:51:14,S01,20241215
S01/20241215/00025,2,P107597,5,562.77,SALE,2024-12-15T19:51:14,S01,20241215
S01/20241215/00025,3,TAX,1,202.64,TAX,2024-12-15T19:51:14,S01,20241215
S01/20241215/00025,4,TENDER,1,3532.73,TENDER,2024-12-15T19:51:14,S01,20241215
S01/20241215/00026,1,P102151,2,1117.25,SALE,2024-12-15T12:29:05,S01,20241215
S01/20241215/00026,2,P107308,3,226.19,SALE,2024-12-15T12:29:05,S01,20241215
S01/20241215/00026,3,P101321,2,24.76,SALE,2024-12-15T12:29:05,S01,20241215
S01/20241215/00026,4,P107837,2,104.51,SALE,2024-12-15T12:29:05,S01,20241215
S01/20241215/00026,5,P101949,3,857.51,SALE,2024-12-15T12:29:05,S01,20241215
S01/20241215/00026,6,TAX,1,409.03,TAX,2024-12-15T12:29:05,S01,20241215
S01/20241215/00026,7,TENDER,1,6153.17,TENDER,2024-12-15T12:29:05,S01,20241215
S01/20241215/00027,1,P103517,1,177.49,SALE,2024-12-15T18:50:19,S01,20241215
S01/20241215/00027,2,P105460,2,148.47,SALE,2024-12-15T18:50:19,S01,20241215
S01/20241215/00027,3,P105643,2,1294.23,SALE,2024-12-15T18:50:19,S01,20241215
S01/20241215/00027,4,P103374,2,38.02,SALE,2024-12-15T18:50:19,S01,20241215
S01/20241215/00027,5,TAX,1,67.14,TAX,2024-12-15T18:50:19,S01,20241215
S01/20241215/00027,6,TENDER,1,3206.07,TENDER,2024-12-15T18:50:19,S01,20241215
S01/20241215/00028,1,P100319,1,54.97,SALE,2024-12-15T15:40:32,S01,20241215
S01/20241215/00028,2,P106490,1,671.88,SALE,2024-12-15T15:40:32,S01,20241215
S01/20241215/00028,3,P104194,1,119.04,SALE,2024-12-15T15:40:32,S01,20241215
S01/20241215/00028,4,P103682,2,372.67,SALE,2024-12-15T15:40:32,S01,20241215
S01/20241215/00028,5,P107920,2,109.22,SALE,2024-12-15T15:40:32,S01,20241215
S01/20241215/00028,6,TAX,1,197.66,TAX,2024-12-15T15:40:32,S01,20241215
S01/20241215/00028,7,TENDER,1,2007.33,TENDER,2024-12-15T15:40:32,S01,20241215
S01/20241215/00029,1,P105337,1,35.20,SALE,2024-12-15T17:44:58,S01,20241215
S01/20241215/00029,2,P105201,3,365.02,SALE,2024-12-15T17:44:58,S01,20241215
S01/20241215/00029,3,P104121,2,131.32,SALE,2024-12-15T17:44:58,S01,20241215
S01/20241215/00029,4,P105062,4,14.84,SALE,2024-12-15T17:44:58,S01,20241215
S01/20241215/00029,5,P104700,4,1425.82,SALE,2024-12-15T17:44:58,S01,20241215
S01/20241215/00029,6,P108162,5,257.55,SALE,2024-12-15T17:44:58,S01,20241215
S01/20241215/00029,7,TAX,1,178.86,TAX,2024-12-15T17:44:58,S01,20241215
S01/20241215/00029,8,TENDER,1,8622.15,TENDER,2024-12-15T17:44:58,S01,20241215
S01/20241215/00030,1,P101404,2,228.51,SALE,2024-12-15T18:49:13,S01,20241215
S01/20241215/00030,2,P102207,3,342.36,SALE,2024-12-15T18:49:13,S01,20241215
S01/20241215/00030,3,P103811,1,739.96,SALE,2024-12-15T18:49:13,S01,20241215
S01/20241215/00030,4,P101940,2,201.44,SALE,2024-12-15T18:49:13,S01,20241215
S01/20241215/00030,5,TAX,1,194.45,TAX,2024-12-15T18:49:13,S01,20241215
S01/20241215/00030,6,TENDER,1,2821.39,TENDER,2024-12-15T18:49:13,S01,20241215
S01/20241215/00031,1,P101292,2,380.75,SALE,2024-12-15T16:23:57,S01,20241215
S01/20241215/00031,2,P103206,6,450.05,SALE,2024-12-15T16:23:57,S01,20241215
S01/20241215/00031,3,TAX,1,524.13,TAX,2024-12-15T16:23:57,S01,20241215
S01/20241215/00031,4,TENDER,1,3985.93,TENDER,2024-12-15T16:23:57,S01,20241215
S01/20241215/00032,1,P103168,1,980.21,SALE,2024-12-15T20:03:57,S01,20241215
S01/20241215/00032,2,P103918,4,527.10,SALE,2024-12-15T20:03:57,S01,20241215
S01/20241215/00032,3,TAX,1,223.05,TAX,2024-12-15T20:03:57,S01,20241215
S01/20241215/00032,4,TENDER,1,3311.66,TENDER,2024-12-15T20:03:57,S01,20241215
S01/20241215/00033,1,P101585,3,10.45,SALE,2024-12-15T15:57:43,S01,20241215
S01/20241215/00033,2,P104739,1,172.21,SALE,2024-12-15T15:57:43,S01,20241215
S01/20241215/00033,3,P103316,1,1774.02,SALE,2024-12-15T15:57:43,S01,20241215
S01/20241215/00033,4,P107880,3,347.04,SALE,2024-12-15T15:57:43,S01,20241215
S01/20241215/00033,5,P106592,1,815.90,SALE,2024-12-15T15:57:43,S01,20241215
S01/20241215/00033,6,TAX,1,342.37,TAX,2024-12-15T15:57:43,S01,20241215
S01/20241215/00033,7,TENDER,1,4176.97,TENDER,2024-12-15T15:57:43,S01,20241215
S01/20241215/00034,1,P104404,3,890.27,SALE,2024-12-15T16:11:15,S01,20241215
S01/20241215/00034,2,P105345,1,335.85,SALE,2024-12-15T16:11:15,S01,20241215
S01/20241215/00034,3,P101949,1,857.51,SALE,2024-12-15T16:11:15,S01,20241215
S01/20241215/00034,4,P103927,2,206.11,SALE,2024-12-15T16:11:15,S01,20241215
S01/20241215/00034,5,P105835,2,238.39,SALE,2024-12-15T16:11:15,S01,20241215
S01/20241215/00034,6,TAX,1,424.62,TAX,2024-12-15T16:11:15,S01,20241215
S01/20241215/00034,7,TENDER,1,5177.79,TENDER,2024-12-15T16:11:15,S01,20241215
S01/20241215/00035,1,P100287,3,240.45,SALE,2024-12-15T23:47:44,S01,20241215
S01/20241215/00035,2,P105570,1,345.21,SALE,2024-12-15T23:47:44,S01,20241215
S01/20241215/00035,3,P101142,2,96.94,SALE,2024-12-15T23:47:44,S01,20241215
S01/20241215/00035,4,P105575,1,513.17,SALE,2024-12-15T23:47:44,S01,20241215
S01/20241215/00035,5,P105643,2,1294.23,SALE,2024-12-15T23:47:44,S01,20241215
S01/20241215/00035,6,TAX,1,152.75,TAX,2024-12-15T23:47:44,S01,20241215
S01/20241215/00035,7,TENDER,1,4514.82,TENDER,2024-12-15T23:47:44,S01,20241215
S01/20241215/00036,1,P105651,4,108.83,SALE,2024-12-15T16:40:18,S01,20241215
S01/20241215/00036,2,P105280,1,220.35,SALE,2024-12-15T16:40:18,S01,20241215
S01/20241215/00036,3,P101622,2,272.35,SALE,2024-12-15T16:40:18,S01,20241215
S01/20241215/00036,4,P102000,2,82.98,SALE,2024-12-15T16:40:18,S01,20241215
S01/20241215/00036,5,P101864,1,112.21,SALE,2024-12-15T16:40:18,S01,20241215
S01/20241215/00036,6,TAX,1,166.68,TAX,2024-12-15T16:40:18,S01,20241215
S01/20241215/00036,7,TENDER,1,1645.22,TENDER,2024-12-15T16:40:18,S01,20241215
S01/20241215/00037,1,P102296,2,48.88,SALE,2024-12-15T17:38:45,S01,20241215
S01/20241215/00037,2,P108369,1,343.20,SALE,2024-12-15T17:38:45,S01,20241215
S01/20241215/00037,3,P101410,2,958.72,SALE,2024-12-15T17:38:45,S01,20241215
S01/20241215/00037,4,P101697,1,102.34,SALE,2024-12-15T17:38:45,S01,20241215
S01/20241215/00037,5,P107208,4,323.06,SALE,2024-12-15T17:38:45,S01,20241215
S01/20241215/00037,6,TAX,1,374.08,TAX,2024-12-15T17:38:45,S01,20241215
S01/20241215/00037,7,TENDER,1,4127.06,TENDER,2024-12-15T17:38:45,S01,20241215
S01/20241215/00038,1,P106934,1,1604.94,SALE,2024-12-15T20:15:33,S01,20241215
S01/20241215/00038,2,P106443,1,52.87,SALE,2024-12-15T20:15:33,S01,20241215
S01/20241215/00038,3,P105440,1,107.89,SALE,2024-12-15T20:15:33,S01,20241215
S01/20241215/00038,4,P103435,2,443.24,SALE,2024-12-15T20:15:33,S01,20241215
S01/20241215/00038,5,P101720,3,44.26,SALE,2024-12-15T20:15:33,S01,20241215
S01/20241215/00038,6,TAX,1,174.24,TAX,2024-12-15T20:15:33,S01,20241215
S01/20241215/00038,7,TENDER,1,2959.20,TENDER,2024-12-15T20:15:33,S01,20241215
S01/20241215/00039,1,P104133,2,248.31,SALE,2024-12-15T12:47:08,S01,20241215
S01/20241215/00039,2,P101018,1,141.83,SALE,2024-12-15T12:47:08,S01,20241215
S01/20241215/00039,3,P104651,2,540.51,SALE,2024-12-15T12:47:08,S01,20241215
S01/20241215/00039,4,P102371,3,59.77,SALE,2024-12-15T12:47:08,S01,20241215
S01/20241215/00039,5,P102880,3,575.53,SALE,2024-12-15T12:47:08,S01,20241215
S01/20241215/00039,6,TAX,1,216.05,TAX,2024-12-15T12:47:08,S01,20241215
S01/20241215/00039,7,TENDER,1,3841.42,TENDER,2024-12-15T12:47:08,S01,20241215
S01/20241215/00040,1,P107435,2,636.54,SALE,2024-12-15T16:55:23,S01,20241215
S01/20241215/00040,2,P106907,1,321.26,SALE,2024-12-15T16:55:23,S01,20241215
S01/20241215/00040,3,P103918,4,527.10,SALE,2024-12-15T16:55:23,S01,20241215
S01/20241215/00040,4,P102674,2,515.88,SALE,2024-12-15T16:55:23,S01,20241215
S01/20241215/00040,5,DISC,1,-531.97,DISCOUNT,2024-12-15T16:55:23,S01,20241215
S01/20241215/00040,6,TAX,1,461.83,TAX,2024-12-15T16:55:23,S01,20241215
S01/20241215/00040,7,TENDER,1,4664.36,TENDER,2024-12-15T16:55:23,S01,20241215
S01/20241215/00041,1,P105460,1,148.47,SALE,2024-12-15T13:35:21,S01,20241215
S01/20241215/00041,2,P101961,1,767.84,SALE,2024-12-15T13:35:21,S01,20241215
S01/20241215/00041,3,P104351,2,1128.29,SALE,2024-12-15T13:35:21,S01,20241215
S01/20241215/00041,4,P104072,2,724.10,SALE,2024-12-15T13:35:21,S01,20241215
S01/20241215/00041,5,TAX,1,350.17,TAX,2024-12-15T13:35:21,S01,20241215
S01/20241215/00041,6,TENDER,1,4971.26,TENDER,2024-12-15T13:35:21,S01,20241215
S01/20241215/00042,1,P100940,2,199.52,SALE,2024-12-15T15:43:41,S01,20241215
S01/20241215/00042,2,P104251,1,79.68,SALE,2024-12-15T15:43:41,S01,20241215
S01/20241215/00042,3,P107226,2,88.38,SALE,2024-12-15T15:43:41,S01,20241215
S01/20241215/00042,4,P108361,3,73.59,SALE,2024-12-15T15:43:41,S01,20241215
S01/20241215/00042,5,TAX,1,117.99,TAX,2024-12-15T15:43:41,S01,20241215
S01/20241215/00042,6,TENDER,1,994.24,TENDER,2024-12-15T15:43:41,S01,20241215
S01/20241215/00043,1,P107526,2,54.94,SALE,2024-12-15T14:59:03,S01,20241215
S01/20241215/00043,2,P105479,4,253.92,SALE,2024-12-15T14:59:03,S01,20241215
S01/20241215/00043,3,P105483,2,160.65,SALE,2024-12-15T14:59:03,S01,20241215
S01/20241215/00043,4,TAX,1,199.49,TAX,2024-12-15T14:59:03,S01,20241215
S01/20241215/00043,5,TENDER,1,1646.35,TENDER,2024-12-15T14:59:03,S01,20241215
S01/20241215/00044,1,P102886,2,139.22,SALE,2024-12-15T16:04:38,S01,20241215
S01/20241215/00044,2,P101174,4,57.43,SALE,2024-12-15T16:04:38,S01,20241215
S01/20241215/00044,3,P106044,3,40.72,SALE,2024-12-15T16:04:38,S01,20241215
S01/20241215/00044,4,P100260,2,1120.33,SALE,2024-12-15T16:04:38,S01,20241215
S01/20241215/00044,5,P101018,3,141.83,SALE,2024-12-15T16:04:38,S01,20241215
S01/20241215/00044,6,P105636,1,558.71,SALE,2024-12-15T16:04:38,S01,20241215
S01/20241215/00044,7,TAX,1,47.40,TAX,2024-12-15T16:04:38,S01,20241215
S01/20241215/00044,8,TENDER,1,3902.58,TENDER,2024-12-15T16:04:38,S01,20241215
S01/20241215/00045,1,P102903,1,51.46,SALE,2024-12-15T11:36:19,S01,20241215
S01/20241215/00045,2,P101825,1,183.68,SALE,2024-12-15T11:36:19,S01,20241215
S01/20241215/00045,3,P104202,2,166.10,SALE,2024-12-15T11:36:19,S01,20241215
S01/20241215/00045,4,TAX,1,18.45,TAX,2024-12-15T11:36:19,S01,20241215
S01/20241215/00045,5,TENDER,1,585.79,TENDER,2024-12-15T11:36:19,S01,20241215
S01/20241215/00046,1,P101190,1,89.25,SALE,2024-12-15T11:57:46,S01,20241215
S01/20241215/00046,2,P104187,3,86.95,SALE,2024-12-15T11:57:46,S01,20241215
S01/20241215/00046,3,P107516,4,565.20,SALE,2024-12-15T11:57:46,S01,20241215
S01/20241215/00046,4,P101356,2,1264.05,SALE,2024-12-15T11:57:46,S01,20241215
S01/20241215/00046,5,TAX,1,562.46,TAX,2024-12-15T11:57:46,S01,20241215
S01/20241215/00046,6,TENDER,1,5701.46,TENDER,2024-12-15T11:57:46,S01,20241215
S01/20241215/00047,1,P103591,2,102.70,SALE,2024-12-15T18:59:07,S01,20241215
S01/20241215/00047,2,P101827,2,155.74,SALE,2024-12-15T18:59:07,S01,20241215
S01/20241215/00047,3,P104916,2,340.18,SALE,2024-12-15T18:59:07,S01,20241215
S01/20241215/00047,4,P100494,1,67.32,SALE,2024-12-15T18:59:07,S01,20241215
S01/20241215/00047,5,P108313,1,455.94,SALE,2024-12-15T18:59:07,S01,20241215
S01/20241215/00047,6,DISC,1,-42.43,DISCOUNT,2024-12-15T18:59:07,S01,20241215
S01/20241215/00047,7,TAX,1,235.88,TAX,2024-12-15T18:59:07,S01,20241215
S01/20241215/00047,8,TENDER,1,1913.95,TENDER,2024-12-15T18:59:07,S01,20241215
S01/20241215/00048,1,P103934,2,284.79,SALE,2024-12-15T11:23:57,S01,20241215
S01/20241215/00048,2,P100682,2,337.76,SALE,2024-12-15T11:23:57,S01,20241215
S01/20241215/00048,3,P106367,1,650.25,SALE,2024-12-15T11:23:57,S01,20241215
S01/20241215/00048,4,P100816,1,806.93,SALE,2024-12-15T11:23:57,S01,20241215
S01/20241215/00048,5,TAX,1,312.93,TAX,2024-12-15T11:23:57,S01,20241215
S01/20241215/00048,6,TENDER,1,3015.21,TENDER,2024-12-15T11:23:57,S01,20241215
S01/20241215/00049,1,P100946,2,81.33,SALE,2024-12-15T21:27:38,S01,20241215
S01/20241215/00049,2,P107446,1,593.14,SALE,2024-12-15T21:27:38,S01,20241215
S01/20241215/00049,3,P107740,2,1366.88,SALE,2024-12-15T21:27:38,S01,20241215
S01/20241215/00049,4,P105923,4,245.29,SALE,2024-12-15T21:27:38,S01,20241215
S01/20241215/00049,5,P101292,1,380.75,SALE,2024-12-15T21:27:38,S01,20241215
S01/20241215/00049,6,TAX,1,532.19,TAX,2024-12-15T21:27:38,S01,20241215
S01/20241215/00049,7,TENDER,1,5383.66,TENDER,2024-12-15T21:27:38,S01,20241215
S01/20241215/00050,1,P107292,2,372.98,SALE,2024-12-15T18:04:37,S01,20241215
S01/20241215/00050,2,P107056,3,341.76,SALE,2024-12-15T18:04:37,S01,20241215
S01/20241215/00050,3,P105313,2,51.83,SALE,2024-12-15T18:04:37,S01,20241215
S01/20241215/00050,4,P104302,1,1255.97,SALE,2024-12-15T18:04:37,S01,20241215
S01/20241215/00050,5,P100658,5,50.53,SALE,2024-12-15T18:04:37,S01,20241215
S01/20241215/00050,6,P102931,1,185.66,SALE,2024-12-15T18:04:37,S01,20241215
S01/20241215/00050,7,P101876,2,68.16,SALE,2024-12-15T18:04:37,S01,20241215
S01/20241215/00050,8,TAX,1,431.60,TAX,2024-12-15T18:04:37,S01,20241215
S01/20241215/00050,9,TENDER,1,4137.10,TENDER,2024-12-15T18:04:37,S01,20241215
S01/20241215/00051,1,P102054,2,142.99,SALE,2024-12-15T16:53:40,S01,20241215
S01/20241215/00051,2,P101974,3,302.00,SALE,2024-12-15T16:53:40,S01,20241215
S01/20241215/00051,3,P106093,2,315.93,SALE,2024-12-15T16:53:40,S01,20241215
S01/20241215/00051,4,P107137,2,32.59,SALE,2024-12-15T16:53:40,S01,20241215
S01/20241215/00051,5,TAX,1,253.20,TAX,2024-12-15T16:53:40,S01,20241215
S01/20241215/00051,6,TENDER,1,2142.22,TENDER,2024-12-15T16:53:40,S01,20241215
S01/20241215/00052,1,P100560,3,180.90,SALE,2024-12-15T16:48:09,S01,20241215
S01/20241215/00052,2,P103262,3,54.76,SALE,2024-12-15T16:48:09,S01,20241215
S01/20241215/00052,3,TAX,1,73.34,TAX,2024-12-15T16:48:09,S01,20241215
S01/20241215/00052,4,TENDER,1,780.32,TENDER,2024-12-15T16:48:09,S01,20241215
S01/20241215/00053,1,P104097,2,330.82,SALE,2024-12-15T18:10:35,S01,20241215
S01/20241215/00053,2,P102585,3,516.36,SALE,2024-12-15T18:10:35,S01,20241215
S01/20241215/00053,3,P105589,1,90.25,SALE,2024-12-15T18:10:35,S01,20241215
S01/20241215/00053,4,P102122,2,138.84,SALE,2024-12-15T18:10:35,S01,20241215
S01/20241215/00053,5,P102682,1,95.00,SALE,2024-12-15T18:10:35,S01,20241215
S01/20241215/00053,6,P107266,3,71.89,SALE,2024-12-15T18:10:35,S01,20241215
S01/20241215/00053,7,TAX,1,238.61,TAX,2024-12-15T18:10:35,S01,20241215
S01/20241215/00053,8,TENDER,1,3127.93,TENDER,2024-12-15T18:10:35,S01,20241215
S01/20241215/00054,1,P100172,2,205.47,SALE,2024-12-15T12:39:31,S01,20241215
S01/20241215/00054,2,P107775,1,737.39,SALE,2024-12-15T12:39:31,S01,20241215
S01/20241215/00054,3,TAX,1,57.42,TAX,2024-12-15T12:39:31,S01,20241215
S01/20241215/00054,4,TENDER,1,1205.75,TENDER,2024-12-15T12:39:31,S01,20241215
S01/20241215/00055,1,P104986,1,221.68,SALE,2024-12-15T10:19:50,S01,20241215
S01/20241215/00055,2,P103155,2,270.20,SALE,2024-12-15T10:19:50,S01,20241215
S01/20241215/00055,3,P103435,3,443.24,SALE,2024-12-15T10:19:50,S01,20241215
S01/20241215/00055,4,P104572,2,182.16,SALE,2024-12-15T10:19:50,S01,20241215
S01/20241215/00055,5,TAX,1,394.74,TAX,2024-12-15T10:19:50,S01,20241215
S01/20241215/00055,6,TENDER,1,2850.86,TENDER,2024-12-15T10:19:50,S01,20241215
S01/20241215/00056,1,P105614,2,652.27,SALE,2024-12-15T13:55:27,S01,20241215
S01/20241215/00056,2,P106357,1,1078.45,SALE,2024-12-15T13:55:27,S01,20241215
S01/20241215/00056,3,P105100,1,270.01,SALE,2024-12-15T13:55:27,S01,20241215
S01/20241215/00056,4,P101458,2,1365.07,SALE,2024-12-15T13:55:27,S01,20241215
S01/20241215/00056,5,P104992,2,979.87,SALE,2024-12-15T13:55:27,S01,20241215
S01/20241215/00056,6,P106426,2,154.27,SALE,2024-12-15T13:55:27,S01,20241215
S01/20241215/00056,7,TAX,1,468.37,TAX,2024-12-15T13:55:27,S01,20241215
S01/20241215/00056,8,TENDER,1,8119.79,TENDER,2024-12-15T13:55:27,S01,20241215
S01/20241215/00057,1,P101201,1,48.42,SALE,2024-12-15T11:23:54,S01,20241215
S01/20241215/00057,2,P106907,1,321.26,SALE,2024-12-15T11:23:54,S01,20241215
S01/20241215/00057,3,P102217,1,68.46,SALE,2024-12-15T11:23:54,S01,20241215
S01/20241215/00057,4,P107589,2,257.75,SALE,2024-12-15T11:23:54,S01,20241215
S01/20241215/00057,5,P101968,1,12.46,SALE,2024-12-15T11:23:54,S01,20241215
S01/20241215/00057,6,P104883,1,370.64,SALE,2024-12-15T11:23:54,S01,20241215
S01/20241215/00057,7,TAX,1,115.99,TAX,2024-12-15T11:23:54,S01,20241215
S01/20241215/00057,8,TENDER,1,1452.73,TENDER,2024-12-15T11:23:54,S01,20241215
S01/20241215/00058,1,P102335,4,94.24,SALE,2024-12-15T18:12:13,S01,20241215
S01/20241215/00058,2,P105440,3,107.89,SALE,2024-12-15T18:12:13,S01,20241215
S01/20241215/00058,3,P105198,2,15.39,SALE,2024-12-15T18:12:13,S01,20241215
S01/20241215/00058,4,P106920,1,1398.34,SALE,2024-12-15T18:12:13,S01,20241215
S01/20241215/00058,5,P102616,2,82.31,SALE,2024-12-15T18:12:13,S01,20241215
S01/20241215/00058,6,TAX,1,117.36,TAX,2024-12-15T18:12:13,S01,20241215
S01/20241215/00058,7,TENDER,1,2411.73,TENDER,2024-12-15T18:12:13,S01,20241215
S01/20241215/00059,1,P101710,2,345.87,SALE,2024-12-15T09:13:26,S01,20241215
S01/20241215/00059,2,P100946,2,81.33,SALE,2024-12-15T09:13:26,S01,20241215
S01/20241215/00059,3,P100791,1,46.20,SALE,2024-12-15T09:13:26,S01,20241215
S01/20241215/00059,4,P101874,5,21.48,SALE,2024-12-15T09:13:26,S01,20241215
S01/20241215/00059,5,P102060,4,165.83,SALE,2024-12-15T09:13:26,S01,20241215
S01/20241215/00059,6,TAX,1,114.60,TAX,2024-12-15T09:13:26,S01,20241215
S01/20241215/00059,7,TENDER,1,1785.92,TENDER,2024-12-15T09:13:26,S01,20241215
S01/20241215/00060,1,P106151,2,298.42,SALE,2024-12-15T16:44:31,S01,20241215
S01/20241215/00060,2,P103946,3,338.64,SALE,2024-12-15T16:44:31,S01,20241215
S01/20241215/00060,3,P100686,2,800.21,SALE,2024-12-15T16:44:31,S01,20241215
S01/20241215/00060,4,P105313,2,51.83,SALE,2024-12-15T16:44:31,S01,20241215
S01/20241215/00060,5,P105827,1,124.38,SALE,2024-12-15T16:44:31,S01,20241215
S01/20241215/00060,6,P101225,4,452.38,SALE,2024-12-15T16:44:31,S01,20241215
S01/20241215/00060,7,DISC,1,-529.47,DISCOUNT,2024-12-15T16:44:31,S01,20241215
S01/20241215/00060,8,TAX,1,265.24,TAX,2024-12-15T16:44:31,S01,20241215
S01/20241215/00060,9,TENDER,1,4986.51,TENDER,2024-12-15T16:44:31,S01,20241215
S01/20241215/00061,1,P101052,2,212.18,SALE,2024-12-15T20:28:41,S01,20241215
S01/20241215/00061,2,P100276,1,965.56,SALE,2024-12-15T20:28:41,S01,20241215
S01/20241215/00061,3,TAX,1,124.66,TAX,2024-12-15T20:28:41,S01,20241215
S01/20241215/00061,4,TENDER,1,1514.58,TENDER,2024-12-15T20:28:41,S01,20241215
S01/20241215/00062,1,P101802,4,44.15,SALE,2024-12-15T10:10:40,S01,20241215
S01/20241215/00062,2,P106501,1,164.07,SALE,2024-12-15T10:10:40,S01,20241215
S01/20241215/00062,3,P107681,2,193.13,SALE,2024-12-15T10:10:40,S01,20241215
S01/20241215/00062,4,P102581,1,185.56,SALE,2024-12-15T10:10:40,S01,20241215
S01/20241215/00062,5,P104944,1,54.97,SALE,2024-12-15T10:10:40,S01,20241215
S01/20241215/00062,6,TAX,1,127.06,TAX,2024-12-15T10:10:40,S01,20241215
S01/20241215/00062,7,TENDER,1,1094.52,TENDER,2024-12-15T10:10:40,S01,20241215
S01/20241215/00063,1,P103487,1,361.14,SALE,2024-12-15T14:10:10,S01,20241215
S01/20241215/00063,2,P107984,2,357.15,SALE,2024-12-15T14:10:10,S01,20241215
S01/20241215/00063,3,P105965,4,66.08,SALE,2024-12-15T14:10:10,S01,20241215
S01/20241215/00063,4,TAX,1,185.13,TAX,2024-12-15T14:10:10,S01,20241215
S01/20241215/00063,5,TENDER,1,1524.89,TENDER,2024-12-15T14:10:10,S01,20241215
S01/20241215/00064,1,P100781,1,654.99,SALE,2024-12-15T07:10:40,S01,20241215
S01/20241215/00064,2,P105965,5,66.08,SALE,2024-12-15T07:10:40,S01,20241215
S01/20241215/00064,3,P104469,1,1631.11,SALE,2024-12-15T07:10:40,S01,20241215
S01/20241215/00064,4,P101062,7,52.38,SALE,2024-12-15T07:10:40,S01,20241215
S01/20241215/00064,5,P100224,1,79.22,SALE,2024-12-15T07:10:40,S01,20241215
S01/20241215/00064,6,P106793,2,303.65,SALE,2024-12-15T07:10:40,S01,20241215
S01/20241215/00064,7,TAX,1,382.81,TAX,2024-12-15T07:10:40,S01,20241215
S01/20241215/00064,8,TENDER,1,4052.49,TENDER,2024-12-15T07:10:40,S01,20241215
S01/20241216/00001,1,P106965,4,89.01,SALE,2024-12-16T09:20:44,S01,20241216
S01/20241216/00001,2,P105145,1,763.65,SALE,2024-12-16T09:20:44,S01,20241216
S01/20241216/00001,3,P104072,3,724.10,SALE,2024-12-16T09:20:44,S01,20241216
S01/20241216/00001,4,P106891,3,642.78,SALE,2024-12-16T09:20:44,S01,20241216
S01/20241216/00001,5,TAX,1,222.83,TAX,2024-12-16T09:20:44,S01,20241216
S01/20241216/00001,6,TENDER,1,5443.16,TENDER,2024-12-16T09:20:44,S01,20241216
S01/20241216/00002,1,P105937,3,259.08,SALE,2024-12-16T16:33:51,S01,20241216
S01/20241216/00002,2,P107743,1,197.87,SALE,2024-12-16T16:33:51,S01,20241216
S01/20241216/00002,3,P107516,3,565.20,SALE,2024-12-16T16:33:51,S01,20241216
S01/20241216/00002,4,P105838,1,594.50,SALE,2024-12-16T16:33:51,S01,20241216
S01/20241216/00002,5,P103946,1,338.64,SALE,2024-12-16T16:33:51,S01,20241216
S01/20241216/00002,6,TAX,1,468.86,TAX,2024-12-16T16:33:51,S01,20241216
S01/20241216/00002,7,TENDER,1,4072.71,TENDER,2024-12-16T16:33:51,S01,20241216
S01/20241216/00003,1,P101421,1,119.60,SALE,2024-12-16T18:55:46,S01,20241216
S01/20241216/00003,2,P105944,3,985.47,SALE,2024-12-16T18:55:46,S01,20241216
S01/20241216/00003,3,P105950,3,1356.49,SALE,2024-12-16T18:55:46,S01,20241216
S01/20241216/00003,4,P107630,2,309.72,SALE,2024-12-16T18:55:46,S01,20241216
S01/20241216/00003,5,P104501,3,413.53,SALE,2024-12-16T18:55:46,S01,20241216
S01/20241216/00003,6,TAX,1,487.80,TAX,2024-12-16T18:55:46,S01,20241216
S01/20241216/00003,7,TENDER,1,9493.31,TENDER,2024-12-16T18:55:46,S01,20241216
S01/20241216/00004,1,P100819,3,1109.59,SALE,2024-12-16T15:23:35,S01,20241216
S01/20241216/00004,2,P106009,2,372.60,SALE,2024-12-16T15:23:35,S01,20241216
S01/20241216/00004,3,P100838,1,38.03,SALE,2024-12-16T15:23:35,S01,20241216
S01/20241216/00004,4,P107003,3,1218.85,SALE,2024-12-16T15:23:35,S01,20241216
S01/20241216/00004,5,P100100,3,435.38,SALE,2024-12-16T15:23:35,S01,20241216
S01/20241216/00004,6,P105483,2,160.65,SALE,2024-12-16T15:23:35,S01,20241216
S01/20241216/00004,7,P102452,2,176.54,SALE,2024-12-16T15:23:35,S01,20241216
S01/20241216/00004,8,TAX,1,323.55,TAX,2024-12-16T15:23:35,S01,20241216
S01/20241216/00004,9,TENDER,1,10072.62,TENDER,2024-12-16T15:23:35,S01,20241216
S01/20241216/00005,1,P103319,1,356.46,SALE,2024-12-16T13:37:53,S01,20241216
S01/20241216/00005,2,P101547,2,66.03,SALE,2024-12-16T13:37:53,S01,20241216
S01/20241216/00005,3,P106735,1,320.99,SALE,2024-12-16T13:37:53,S01,20241216
S01/20241216/00005,4,P107715,4,241.95,SALE,2024-12-16T13:37:53,S01,20241216
S01/20241216/00005,5,P106765,1,279.73,SALE,2024-12-16T13:37:53,S01,20241216
S01/20241216/00005,6,P108335,1,187.61,SALE,2024-12-16T13:37:53,S01,20241216
S01/20241216/00005,7,P104226,1,303.01,SALE,2024-12-16T13:37:53,S01,20241216
S01/20241216/00005,8,P106084,2,592.14,SALE,2024-12-16T13:37:53,S01,20241216
S01/20241216/00005,9,P105288,3,271.73,SALE,2024-12-16T13:37:53,S01,20241216
S01/20241216/00005,10,DISC,1,-264.97,DISCOUNT,2024-12-16T13:37:53,S01,20241216
S01/20241216/00005,11,TAX,1,344.65,TAX,2024-12-16T13:37:53,S01,20241216
S01/20241216/00005,12,TENDER,1,4626.81,TENDER,2024-12-16T13:37:53,S01,20241216
S01/20241216/00006,1,P105656,4,516.52,SALE,2024-12-16T19:57:46,S01,20241216
S01/20241216/00006,2,P101305,3,114.22,SALE,2024-12-16T19:57:46,S01,20241216
S01/20241216/00006,3,P101064,2,33.84,SALE,2024-12-16T19:57:46,S01,20241216
S01/20241216/00006,4,P107740,4,1366.88,SALE,2024-12-16T19:57:46,S01,20241216
S01/20241216/00006,5,P108346,1,534.07,SALE,2024-12-16T19:57:46,S01,20241216
S01/20241216/00006,6,DISC,1,-719.73,DISCOUNT,2024-12-16T19:57:46,S01,20241216
S01/20241216/00006,7,TAX,1,692.43,TAX,2024-12-16T19:57:46,S01,20241216
S01/20241216/00006,8,TENDER,1,8450.71,TENDER,2024-12-16T19:57:46,S01,20241216
S01/20241216/00007,1,P101899,1,326.35,SALE,2024-12-16T11:55:29,S01,20241216
S01/20241216/00007,2,P100026,2,315.91,SALE,2024-12-16T11:55:29,S01,20241216
S01/20241216/00007,3,P101218,2,61.39,SALE,2024-12-16T11:55:29,S01,20241216
S01/20241216/00007,4,P108032,2,648.04,SALE,2024-12-16T11:55:29,S01,20241216
S01/20241216/00007,5,P107190,2,223.50,SALE,2024-12-16T11:55:29,S01,20241216
S01/20241216/00007,6,TAX,1,348.42,TAX,2024-12-16T11:55:29,S01,20241216
S01/20241216/00007,7,TENDER,1,3172.45,TENDER,2024-12-16T11:55:29,S01,20241216
S01/20241216/00008,1,P102886,2,139.22,SALE,2024-12-16T18:31:03,S01,20241216
S01/20241216/00008,2,P101048,3,219.90,SALE,2024-12-16T18:31:03,S01,20241216
S01/20241216/00008,3,P101558,1,52.58,SALE,2024-12-16T18:31:03,S01,20241216
S01/20241216/00008,4,P107435,3,636.54,SALE,2024-12-16T18:31:03,S01,20241216
S01/20241216/00008,5,P103144,2,145.27,SALE,2024-12-16T18:31:03,S01,20241216
S01/20241216/00008,6,P104089,1,358.58,SALE,2024-12-16T18:31:03,S01,20241216
S01/20241216/00008,7,P105127,2,77.13,SALE,2024-12-16T18:31:03,S01,20241216
S01/20241216/00008,8,P106490,2,671.88,SALE,2024-12-16T18:31:03,S01,20241216
S01/20241216/00008,9,P107667,3,367.93,SALE,2024-12-16T18:31:03,S01,20241216
S01/20241216/00008,10,TAX,1,619.34,TAX,2024-12-16T18:31:03,S01,20241216
S01/20241216/00008,11,TENDER,1,6770.61,TENDER,2024-12-16T18:31:03,S01,20241216
S01/20241216/00009,1,P106336,1,452.43,SALE,2024-12-16T21:49:39,S01,20241216
S01/20241216/00009,2,P107952,2,1964.70,SALE,2024-12-16T21:49:39,S01,20241216
S01/20241216/00009,3,P101933,1,1344.63,SALE,2024-12-16T21:49:39,S01,20241216
S01/20241216/00009,4,P100438,1,66.55,SALE,2024-12-16T21:49:39,S01,20241216
S01/20241216/00009,5,P105594,3,321.63,SALE,2024-12-16T21:49:39,S01,20241216
S01/20241216/00009,6,P107589,1,257.75,SALE,2024-12-16T21:49:39,S01,20241216
S01/20241216/00009,7,P100483,1,933.37,SALE,2024-12-16T21:49:39,S01,20241216
S01/20241216/00009,8,TAX,1,408.30,TAX,2024-12-16T21:49:39,S01,20241216
S01/20241216/00009,9,TENDER,1,8357.32,TENDER,2024-12-16T21:49:39,S01,20241216
S01/20241216/00010,1,P105507,2,22.07,SALE,2024-12-16T20:41:59,S01,20241216
S01/20241216/00010,2,P102788,2,920.26,SALE,2024-12-16T20:41:59,S01,20241216
S01/20241216/00010,3,P107246,2,313.74,SALE,2024-12-16T20:41:59,S01,20241216
S01/20241216/00010,4,P106773,1,377.82,SALE,2024-12-16T20:41:59,S01,20241216
S01/20241216/00010,5,P105890,1,1196.88,SALE,2024-12-16T20:41:59,S01,20241216
S01/20241216/00010,6,P108101,2,1603.81,SALE,2024-12-16T20:41:59,S01,20241216
S01/20241216/00010,7,P105369,1,143.76,SALE,2024-12-16T20:41:59,S01,20241216
S01/20241216/00010,8,TAX,1,743.62,TAX,2024-12-16T20:41:59,S01,20241216
S01/20241216/00010,9,TENDER,1,8181.84,TENDER,2024-12-16T20:41:59,S01,20241216
S01/20241216/00011,1,P106848,2,17.39,SALE,2024-12-16T13:58:14,S01,20241216
S01/20241216/00011,2,P103994,1,148.39,SALE,2024-12-16T13:58:14,S01,20241216
S01/20241216/00011,3,P104975,2,568.03,SALE,2024-12-16T13:58:14,S01,20241216
S01/20241216/00011,4,P105827,5,124.38,SALE,2024-12-16T13:58:14,S01,20241216
S01/20241216/00011,5,P108041,2,368.87,SALE,2024-12-16T13:58:14,S01,20241216
S01/20241216/00011,6,P105835,1,238.39,SALE,2024-12-16T13:58:14,S01,20241216
S01/20241216/00011,7,P104944,1,54.97,SALE,2024-12-16T13:58:14,S01,20241216
S01/20241216/00011,8,TAX,1,141.44,TAX,2024-12-16T13:58:14,S01,20241216
S01/20241216/00011,9,TENDER,1,3113.67,TENDER,2024-12-16T13:58:14,S01,20241216
S01/20241216/00012,1,P107171,1,335.20,SALE,2024-12-16T16:31:32,S01,20241216
S01/20241216/00012,2,P105819,2,66.64,SALE,2024-12-16T16:31:32,S01,20241216
S01/20241216/00012,3,P107110,3,77.73,SALE,2024-12-16T16:31:32,S01,20241216
S01/20241216/00012,4,P103517,2,177.49,SALE,2024-12-16T16:31:32,S01,20241216
S01/20241216/00012,5,P104358,2,1243.57,SALE,2024-12-16T16:31:32,S01,20241216
S01/20241216/00012,6,TAX,1,404.65,TAX,2024-12-16T16:31:32,S01,20241216
S01/20241216/00012,7,TENDER,1,3948.44,TENDER,2024-12-16T16:31:32,S01,20241216
S01/20241216/00013,1,P107654,3,409.57,SALE,2024-12-16T22:19:48,S01,20241216
S01/20241216/00013,2,P101177,1,166.36,SALE,2024-12-16T22:19:48,S01,20241216
S01/20241216/00013,3,P102609,3,183.47,SALE,2024-12-16T22:19:48,S01,20241216
S01/20241216/00013,4,P105965,2,66.08,SALE,2024-12-16T22:19:48,S01,20241216
S01/20241216/00013,5,TAX,1,228.42,TAX,2024-12-16T22:19:48,S01,20241216
S01/20241216/00013,6,TENDER,1,2306.06,TENDER,2024-12-16T22:19:48,S01,20241216
S01/20241216/00014,1,P105272,3,351.65,SALE,2024-12-16T16:56:42,S01,20241216
S01/20241216/00014,2,P102404,1,370.32,SALE,2024-12-16T16:56:42,S01,20241216
S01/20241216/00014,3,P104501,3,413.53,SALE,2024-12-16T16:56:42,S01,20241216
S01/20241216/00014,4,TAX,1,126.59,TAX,2024-12-16T16:56:42,S01,20241216
S01/20241216/00014,5,TENDER,1,2792.45,TENDER,2024-12-16T16:56:42,S01,20241216
S01/20241216/00015,1,P106528,1,832.82,SALE,2024-12-16T07:54:54,S01,20241216
S01/20241216/00015,2,P101023,5,213.62,SALE,2024-12-16T07:54:54,S01,20241216
S01/20241216/00015,3,P103188,2,30.16,SALE,2024-12-16T07:54:54,S01,20241216
S01/20241216/00015,4,P106731,2,153.24,SALE,2024-12-16T07:54:54,S01,20241216
S01/20241216/00015,5,TAX,1,164.20,TAX,2024-12-16T07:54:54,S01,20241216
S01/20241216/00015,6,TENDER,1,2431.92,TENDER,2024-12-16T07:54:54,S01,20241216
S01/20241216/00016,1,P101599,3,417.76,SALE,2024-12-16T17:05:22,S01,20241216
S01/20241216/00016,2,P105323,1,84.67,SALE,2024-12-16T17:05:22,S01,20241216
S01/20241216/00016,3,P108221,1,50.44,SALE,2024-12-16T17:05:22,S01,20241216
S01/20241216/00016,4,P107597,1,562.77,SALE,2024-12-16T17:05:22,S01,20241216
S01/20241216/00016,5,P100441,2,509.29,SALE,2024-12-16T17:05:22,S01,20241216
S01/20241216/00016,6,TAX,1,389.27,TAX,2024-12-16T17:05:22,S01,20241216
S01/20241216/00016,7,TENDER,1,3359.01,TENDER,2024-12-16T17:05:22,S01,20241216
S01/20241216/00017,1,P106550,1,29.54,SALE,2024-12-16T12:47:42,S01,20241216
S01/20241216/00017,2,P103259,3,316.17,SALE,2024-12-16T12:47:42,S01,20241216
S01/20241216/00017,3,P104064,3,326.15,SALE,2024-12-16T12:47:42,S01,20241216
S01/20241216/00017,4,P100855,1,345.07,SALE,2024-12-16T12:47:42,S01,20241216
S01/20241216/00017,5,TAX,1,184.84,TAX,2024-12-16T12:47:42,S01,20241216
S01/20241216/00017,6,TENDER,1,2486.41,TENDER,2024-12-16T12:47:42,S01,20241216
S01/20241216/00018,1,P102280,3,644.81,SALE,2024-12-16T16:02:01,S01,20241216
S01/20241216/00018,2,P103616,3,662.98,SALE,2024-12-16T16:02:01,S01,20241216
S01/20241216/00018,3,P107100,4,200.76,SALE,2024-12-16T16:02:01,S01,20241216
S01/20241216/00018,4,P106169,1,221.89,SALE,2024-12-16T16:02:01,S01,20241216
S01/20241216/00018,5,P106566,2,251.68,SALE,2024-12-16T16:02:01,S01,20241216
S01/20241216/00018,6,TAX,1,674.55,TAX,2024-12-16T16:02:01,S01,20241216
S01/20241216/00018,7,TENDER,1,6126.21,TENDER,2024-12-16T16:02:01,S01,20241216
S01/20241216/00019,1,P100172,1,205.47,SALE,2024-12-16T18:55:04,S01,20241216
S01/20241216/00019,2,P102346,1,89.47,SALE,2024-12-16T18:55:04,S01,20241216
S01/20241216/00019,3,P103155,1,270.20,SALE,2024-12-16T18:55:04,S01,20241216
S01/20241216/00019,4,P100677,3,256.17,SALE,2024-12-16T18:55:04,S01,20241216
S01/20241216/00019,5,TAX,1,207.98,TAX,2024-12-16T18:55:04,S01,20241216
S01/20241216/00019,6,TENDER,1,1541.63,TENDER,2024-12-16T18:55:04,S01,20241216
S01/20241216/00020,1,P103188,2,30.16,SALE,2024-12-16T15:17:28,S01,20241216
S01/20241216/00020,2,P100658,3,50.53,SALE,2024-12-16T15:17:28,S01,20241216
S01/20241216/00020,3,P100150,2,280.80,SALE,2024-12-16T15:17:28,S01,20241216
S01/20241216/00020,4,P101710,4,345.87,SALE,2024-12-16T15:17:28,S01,20241216
S01/20241216/00020,5,P101796,2,990.67,SALE,2024-12-16T15:17:28,S01,20241216
S01/20241216/00020,6,P104676,2,87.52,SALE,2024-12-16T15:17:28,S01,20241216
S01/20241216/00020,7,P107960,4,1191.78,SALE,2024-12-16T15:17:28,S01,20241216
S01/20241216/00020,8,TAX,1,907.58,TAX,2024-12-16T15:17:28,S01,20241216
S01/20241216/00020,9,TENDER,1,9988.07,TENDER,2024-12-16T15:17:28,S01,20241216
S01/20241216/00021,1,P107686,2,347.22,SALE,2024-12-16T14:03:47,S01,20241216
S01/20241216/00021,2,P106244,2,73.94,SALE,2024-12-16T14:03:47,S01,20241216
S01/20241216/00021,3,P108159,3,488.81,SALE,2024-12-16T14:03:47,S01,20241216
S01/20241216/00021,4,P103364,2,118.90,SALE,2024-12-16T14:03:47,S01,20241216
S01/20241216/00021,5,P101648,2,334.22,SALE,2024-12-16T14:03:47,S01,20241216
S01/20241216/00021,6,P101037,4,613.83,SALE,2024-12-16T14:03:47,S01,20241216
S01/20241216/00021,7,TAX,1,618.12,TAX,2024-12-16T14:03:47,S01,20241216
S01/20241216/00021,8,TENDER,1,6288.43,TENDER,2024-12-16T14:03:47,S01,20241216
S01/20241216/00022,1,P102516,5,1272.67,SALE,2024-12-16T14:18:49,S01,20241216
S01/20241216/00022,2,P104718,2,364.54,SALE,2024-12-16T14:18:49,S01,20241216
S01/20241216/00022,3,P108076,2,151.55,SALE,2024-12-16T14:18:49,S01,20241216
S01/20241216/00022,4,P105672,1,69.48,SALE,2024-12-16T14:18:49,S01,20241216
S01/20241216/00022,5,P100319,2,54.97,SALE,2024-12-16T14:18:49,S01,20241216
S01/20241216/00022,6,P101925,3,186.54,SALE,2024-12-16T14:18:49,S01,20241216
S01/20241216/00022,7,TAX,1,566.44,TAX,2024-12-16T14:18:49,S01,20241216
S01/20241216/00022,8,TENDER,1,8701.01,TENDER,2024-12-16T14:18:49,S01,20241216
S01/20241216/00023,1,P103946,2,338.64,SALE,2024-12-16T16:58:49,S01,20241216
S01/20241216/00023,2,P101911,3,1431.80,SALE,2024-12-16T16:58:49,S01,20241216
S01/20241216/00023,3,P104800,2,692.51,SALE,2024-12-16T16:58:49,S01,20241216
S01/20241216/00023,4,P105589,2,90.25,SALE,2024-12-16T16:58:49,S01,20241216
S01/20241216/00023,5,TAX,1,198.69,TAX,2024-12-16T16:58:49,S01,20241216
S01/20241216/00023,6,TENDER,1,6736.89,TENDER,2024-12-16T16:58:49,S01,20241216
S01/20241216/00024,1,P104544,1,104.46,SALE,2024-12-16T16:35:45,S01,20241216
S01/20241216/00024,2,P104372,2,105.38,SALE,2024-12-16T16:35:45,S01,20241216
S01/20241216/00024,3,P103484,1,109.59,SALE,2024-12-16T16:35:45,S01,20241216
S01/20241216/00024,4,DISC,1,-12.49,DISCOUNT,2024-12-16T16:35:45,S01,20241216
S01/20241216/00024,5,TAX,1,34.44,TAX,2024-12-16T16:35:45,S01,20241216
S01/20241216/00024,6,TENDER,1,446.76,TENDER,2024-12-16T16:35:45,S01,20241216
S01/20241216/00025,1,P101955,1,364.45,SALE,2024-12-16T18:19:23,S01,20241216
S01/20241216/00025,2,P107920,1,109.22,SALE,2024-12-16T18:19:23,S01,20241216
S01/20241216/00025,3,P107777,2,222.77,SALE,2024-12-16T18:19:23,S01,20241216
S01/20241216/00025,4,P106942,4,206.70,SALE,2024-12-16T18:19:23,S01,20241216
S01/20241216/00025,5,P101052,4,212.18,SALE,2024-12-16T18:19:23,S01,20241216
S01/20241216/00025,6,TAX,1,279.37,TAX,2024-12-16T18:19:23,S01,20241216
S01/20241216/00025,7,TENDER,1,2874.10,TENDER,2024-12-16T18:19:23,S01,20241216
S01/20241216/00026,1,P107449,4,1495.62,SALE,2024-12-16T23:50:24,S01,20241216
S01/20241216/00026,2,P105937,4,259.08,SALE,2024-12-16T23:50:24,S01,20241216
S01/20241216/00026,3,P107197,1,669.72,SALE,2024-12-16T23:50:24,S01,20241216
S01/20241216/00026,4,P106270,3,308.83,SALE,2024-12-16T23:50:24,S01,20241216
S01/20241216/00026,5,TAX,1,1024.98,TAX,2024-12-16T23:50:24,S01,20241216
S01/20241216/00026,6,TENDER,1,9639.99,TENDER,2024-12-16T23:50:24,S01,20241216
S01/20241216/00027,1,P105176,2,509.66,SALE,2024-12-16T15:28:06,S01,20241216
S01/20241216/00027,2,TAX,1,183.48,TAX,2024-12-16T15:28:06,S01,20241216
S01/20241216/00027,3,TENDER,1,1202.80,TENDER,2024-12-16T15:28:06,S01,20241216
S01/20241216/00028,1,P101585,2,10.45,SALE,2024-12-16T11:29:03,S01,20241216
S01/20241216/00028,2,P104187,2,86.95,SALE,2024-12-16T11:29:03,S01,20241216
S01/20241216/00028,3,P102963,3,415.64,SALE,2024-12-16T11:29:03,S01,20241216
S01/20241216/00028,4,TAX,1,236.90,TAX,2024-12-16T11:29:03,S01,20241216
S01/20241216/00028,5,TENDER,1,1678.62,TENDER,2024-12-16T11:29:03,S01,20241216
S01/20241216/00029,1,P107589,1,257.75,SALE,2024-12-16T12:49:39,S01,20241216
S01/20241216/00029,2,P108247,1,252.59,SALE,2024-12-16T12:49:39,S01,20241216
S01/20241216/00029,3,P105624,2,380.06,SALE,2024-12-16T12:49:39,S01,20241216
S01/20241216/00029,4,TAX,1,129.87,TAX,2024-12-16T12:49:39,S01,20241216
S01/20241216/00029,5,TENDER,1,1400.33,TENDER,2024-12-16T12:49:39,S01,20241216
S01/20241216/00030,1,P100019,3,74.65,SALE,2024-12-16T17:08:24,S01,20241216
S01/20241216/00030,2,P105003,1,323.64,SALE,2024-12-16T17:08:24,S01,20241216
S01/20241216/00030,3,P102581,3,185.56,SALE,2024-12-16T17:08:24,S01,20241216
S01/20241216/00030,4,P101740,1,855.00,SALE,2024-12-16T17:08:24,S01,20241216
S01/20241216/00030,5,P101810,1,793.98,SALE,2024-12-16T17:08:24,S01,20241216
S01/20241216/00030,6,P101404,2,228.51,SALE,2024-12-16T17:08:24,S01,20241216
S01/20241216/00030,7,P106443,2,52.87,SALE,2024-12-16T17:08:24,S01,20241216
S01/20241216/00030,8,TAX,1,249.82,TAX,2024-12-16T17:08:24,S01,20241216
S01/20241216/00030,9,TENDER,1,3565.83,TENDER,2024-12-16T17:08:24,S01,20241216
S01/20241216/00031,1,P100086,2,89.00,SALE,2024-12-16T14:27:49,S01,20241216
S01/20241216/00031,2,P106965,2,89.01,SALE,2024-12-16T14:27:49,S01,20241216
S01/20241216/00031,3,P103886,4,312.24,SALE,2024-12-16T14:27:49,S01,20241216
S01/20241216/00031,4,P104739,2,172.21,SALE,2024-12-16T14:27:49,S01,20241216
S01/20241216/00031,5,P104139,1,249.08,SALE,2024-12-16T14:27:49,S01,20241216
S01/20241216/00031,6,P106059,3,313.87,SALE,2024-12-16T14:27:49,S01,20241216
S01/20241216/00031,7,TAX,1,249.29,TAX,2024-12-16T14:27:49,S01,20241216
S01/20241216/00031,8,TENDER,1,3389.38,TENDER,2024-12-16T14:27:49,S01,20241216
S01/20241216/00032,1,P104700,3,1425.82,SALE,2024-12-16T17:35:39,S01,20241216
S01/20241216/00032,2,P101690,2,1044.81,SALE,2024-12-16T17:35:39,S01,20241216
S01/20241216/00032,3,P103794,2,785.54,SALE,2024-12-16T17:35:39,S01,20241216
S01/20241216/00032,4,P108374,1,1417.29,SALE,2024-12-16T17:35:39,S01,20241216
S01/20241216/00032,5,P107903,2,22.86,SALE,2024-12-16T17:35:39,S01,20241216
S01/20241216/00032,6,P106865,2,299.72,SALE,2024-12-16T17:35:39,S01,20241216
S01/20241216/00032,7,TAX,1,299.16,TAX,2024-12-16T17:35:39,S01,20241216
S01/20241216/00032,8,TENDER,1,10299.77,TENDER,2024-12-16T17:35:39,S01,20241216
S01/20241216/00033,1,P106317,2,485.55,SALE,2024-12-16T17:01:52,S01,20241216
S01/20241216/00033,2,P105583,2,179.43,SALE,2024-12-16T17:01:52,S01,20241216
S01/20241216/00033,3,P102892,2,227.52,SALE,2024-12-16T17:01:52,S01,20241216
S01/20241216/00033,4,P105729,3,75.27,SALE,2024-12-16T17:01:52,S01,20241216
S01/20241216/00033,5,P105209,1,399.92,SALE,2024-12-16T17:01:52,S01,20241216
S01/20241216/00033,6,TAX,1,375.67,TAX,2024-12-16T17:01:52,S01,20241216
S01/20241216/00033,7,TENDER,1,2786.40,TENDER,2024-12-16T17:01:52,S01,20241216
S01/20241216/00034,1,P101283,5,263.48,SALE,2024-12-16T19:06:18,S01,20241216
S01/20241216/00034,2,P103934,2,284.79,SALE,2024-12-16T19:06:18,S01,20241216
S01/20241216/00034,3,P101911,1,1431.80,SALE,2024-12-16T19:06:18,S01,20241216
S01/20241216/00034,4,TAX,1,339.66,TAX,2024-12-16T19:06:18,S01,20241216
S01/20241216/00034,5,TENDER,1,3658.44,TENDER,2024-12-16T19:06:18,S01,20241216
S01/20241216/00035,1,P102788,1,920.26,SALE,2024-12-16T23:43:40,S01,20241216
S01/20241216/00035,2,P102707,2,425.19,SALE,2024-12-16T23:43:40,S01,20241216
S01/20241216/00035,3,P105570,2,345.21,SALE,2024-12-16T23:43:40,S01,20241216
S01/20241216/00035,4,P102671,4,231.84,SALE,2024-12-16T23:43:40,S01,20241216
S01/20241216/00035,5,P101789,1,391.48,SALE,2024-12-16T23:43:40,S01,20241216
S01/20241216/00035,6,TAX,1,369.08,TAX,2024-12-16T23:43:40,S01,20241216
S01/20241216/00035,7,TENDER,1,4148.98,TENDER,2024-12-16T23:43:40,S01,20241216
S01/20241216/00036,1,P100406,1,435.20,SALE,2024-12-16T18:56:32,S01,20241216
S01/20241216/00036,2,P100649,1,618.96,SALE,2024-12-16T18:56:32,S01,20241216
S01/20241216/00036,3,P103004,2,82.09,SALE,2024-12-16T18:56:32,S01,20241216
S01/20241216/00036,4,DISC,1,-96.48,DISCOUNT,2024-12-16T18:56:32,S01,20241216
S01/20241216/00036,5,TAX,1,56.09,TAX,2024-12-16T18:56:32,S01,20241216
S01/20241216/00036,6,TENDER,1,1177.95,TENDER,2024-12-16T18:56:32,S01,20241216
S01/20241216/00037,1,P106907,3,321.26,SALE,2024-12-16T21:50:26,S01,20241216
S01/20241216/00037,2,P107208,1,323.06,SALE,2024-12-16T21:50:26,S01,20241216
S01/20241216/00037,3,P105468,2,1100.43,SALE,2024-12-16T21:50:26,S01,20241216
S01/20241216/00037,4,P105684,2,1114.27,SALE,2024-12-16T21:50:26,S01,20241216
S01/20241216/00037,5,P102724,1,391.04,SALE,2024-12-16T21:50:26,S01,20241216
S01/20241216/00037,6,P103896,1,203.30,SALE,2024-12-16T21:50:26,S01,20241216
S01/20241216/00037,7,TAX,1,344.60,TAX,2024-12-16T21:50:26,S01,20241216
S01/20241216/00037,8,TENDER,1,6655.18,TENDER,2024-12-16T21:50:26,S01,20241216
S01/20241217/00001,1,P100019,4,74.65,SALE,2024-12-17T19:19:37,S01,20241217
S01/20241217/00001,2,P106624,2,98.44,SALE,2024-12-17T19:19:37,S01,20241217
S01/20241217/00001,3,P101974,3,302.00,SALE,2024-12-17T19:19:37,S01,20241217
S01/20241217/00001,4,P101543,3,178.10,SALE,2024-12-17T19:19:37,S01,20241217
S01/20241217/00001,5,P105083,3,245.38,SALE,2024-12-17T19:19:37,S01,20241217
S01/20241217/00001,6,TAX,1,445.51,TAX,2024-12-17T19:19:37,S01,20241217
S01/20241217/00001,7,TENDER,1,3117.43,TENDER,2024-12-17T19:19:37,S01,20241217
S01/20241217/00002,1,P108101,3,1603.81,SALE,2024-12-17T09:51:04,S01,20241217
S01/20241217/00002,2,P103606,2,185.94,SALE,2024-12-17T09:51:04,S01,20241217
S01/20241217/00002,3,DISC,1,-215.02,DISCOUNT,2024-12-17T09:51:04,S01,20241217
S01/20241217/00002,4,TAX,1,571.24,TAX,2024-12-17T09:51:04,S01,20241217
S01/20241217/00002,5,TENDER,1,5539.53,TENDER,2024-12-17T09:51:04,S01,20241217
S01/20241217/00003,1,P102424,2,333.88,SALE,2024-12-17T13:49:05,S01,20241217
S01/20241217/00003,2,P100375,1,163.45,SALE,2024-12-17T13:49:05,S01,20241217
S01/20241217/00003,3,P105164,2,242.35,SALE,2024-12-17T13:49:05,S01,20241217
S01/20241217/00003,4,P102857,4,116.85,SALE,2024-12-17T13:49:05,S01,20241217
S01/20241217/00003,5,TAX,1,125.69,TAX,2024-12-17T13:49:05,S01,20241217
S01/20241217/00003,6,TENDER,1,1909.00,TENDER,2024-12-17T13:49:05,S01,20241217
S01/20241217/00004,1,P104351,1,1128.29,SALE,2024-12-17T15:38:49,S01,20241217
S01/20241217/00004,2,P105524,2,81.14,SALE,2024-12-17T15:38:49,S01,20241217
S01/20241217/00004,3,P107110,1,77.73,SALE,2024-12-17T15:38:49,S01,20241217
S01/20241217/00004,4,P100582,2,170.67,SALE,2024-12-17T15:38:49,S01,20241217
S01/20241217/00004,5,P102035,4,471.15,SALE,2024-12-17T15:38:49,S01,20241217
S01/20241217/00004,6,TAX,1,255.29,TAX,2024-12-17T15:38:49,S01,20241217
S01/20241217/00004,7,TENDER,1,3849.53,TENDER,2024-12-17T15:38:49,S01,20241217
S01/20241217/00005,1,P102718,1,356.09,SALE,2024-12-17T14:39:35,S01,20241217
S01/20241217/00005,2,P104242,3,308.27,SALE,2024-12-17T14:39:35,S01,20241217
S01/20241217/00005,3,P101796,4,990.67,SALE,2024-12-17T14:39:35,S01,20241217
S01/20241217/00005,4,P106907,5,321.26,SALE,2024-12-17T14:39:35,S01,20241217
S01/20241217/00005,5,P106620,1,273.19,SALE,2024-12-17T14:39:35,S01,20241217
S01/20241217/00005,6,TAX,1,405.99,TAX,2024-12-17T14:39:35,S01,20241217
S01/20241217/00005,7,TENDER,1,7529.06,TENDER,2024-12-17T14:39:35,S01,20241217
S01/20241217/00006,1,P104270,2,1153.64,SALE,2024-12-17T20:50:50,S01,20241217
S01/20241217/00006,2,P104965,3,88.50,SALE,2024-12-17T20:50:50,S01,20241217
S01/20241217/00006,3,P108101,2,1603.81,SALE,2024-12-17T20:50:50,S01,20241217
S01/20241217/00006,4,P104718,2,364.54,SALE,2024-12-17T20:50:50,S01,20241217
S01/20241217/00006,5,P107308,2,226.19,SALE,2024-12-17T20:50:50,S01,20241217
S01/20241217/00006,6,TAX,1,682.47,TAX,2024-12-17T20:50:50,S01,20241217
S01/20241217/00006,7,TENDER,1,7644.33,TENDER,2024-12-17T20:50:50,S01,20241217
S01/20241217/00007,1,P106234,3,79.42,SALE,2024-12-17T21:48:51,S01,20241217
S01/20241217/00007,2,P107695,1,271.01,SALE,2024-12-17T21:48:51,S01,20241217
S01/20241217/00007,3,P106765,1,279.73,SALE,2024-12-17T21:48:51,S01,20241217
S01/20241217/00007,4,TAX,1,127.72,TAX,2024-12-17T21:48:51,S01,20241217
S01/20241217/00007,5,TENDER,1,916.72,TENDER,2024-12-17T21:48:51,S01,20241217
S01/20241217/00008,1,P102290,2,587.69,SALE,2024-12-17T20:02:47,S01,20241217
S01/20241217/00008,2,P100164,2,594.91,SALE,2024-12-17T20:02:47,S01,20241217
S01/20241217/00008,3,P100281,1,485.13,SALE,2024-12-17T20:02:47,S01,20241217
S01/20241217/00008,4,P107040,1,474.18,SALE,2024-12-17T20:02:47,S01,20241217
S01/20241217/00008,5,P102695,3,1277.24,SALE,2024-12-17T20:02:47,S01,20241217
S01/20241217/00008,6,P104651,1,540.51,SALE,2024-12-17T20:02:47,S01,20241217
S01/20241217/00008,7,TAX,1,927.85,TAX,2024-12-17T20:02:47,S01,20241217
S01/20241217/00008,8,TENDER,1,8624.59,TENDER,2024-12-17T20:02:47,S01,20241217
S01/20241217/00009,1,P103155,2,270.20,SALE,2024-12-17T13:03:44,S01,20241217
S01/20241217/00009,2,P108302,2,855.55,SALE,2024-12-17T13:03:44,S01,20241217
S01/20241217/00009,3,P105860,1,674.13,SALE,2024-12-17T13:03:44,S01,20241217
S01/20241217/00009,4,P104277,2,128.39,SALE,2024-12-17T13:03:44,S01,20241217
S01/20241217/00009,5,TAX,1,247.35,TAX,2024-12-17T13:03:44,S01,20241217
S01/20241217/00009,6,TENDER,1,3429.76,TENDER,2024-12-17T13:03:44,S01,20241217
S01/20241217/00010,1,P101279,2,242.90,SALE,2024-12-17T16:55:22,S01,20241217
S01/20241217/00010,2,P107621,2,119.64,SALE,2024-12-17T16:55:22,S01,20241217
S01/20241217/00010,3,P100754,5,91.60,SALE,2024-12-17T16:55:22,S01,20241217
S01/20241217/00010,4,TAX,1,22.90,TAX,2024-12-17T16:55:22,S01,20241217
S01/20241217/00010,5,TENDER,1,1205.98,TENDER,2024-12-17T16:55:22,S01,20241217
S01/20241217/00011,1,P105294,2,143.55,SALE,2024-12-17T19:14:08,S01,20241217
S01/20241217/00011,2,P105684,1,1114.27,SALE,2024-12-17T19:14:08,S01,20241217
S01/20241217/00011,3,P101393,3,36.64,SALE,2024-12-17T19:14:08,S01,20241217
S01/20241217/00011,4,P107495,4,448.19,SALE,2024-12-17T19:14:08,S01,20241217
S01/20241217/00011,5,P105677,1,109.29,SALE,2024-12-17T19:14:08,S01,20241217
S01/20241217/00011,6,P102452,1,176.54,SALE,2024-12-17T19:14:08,S01,20241217
S01/20241217/00011,7,TAX,1,356.52,TAX,2024-12-17T19:14:08,S01,20241217
S01/20241217/00011,8,TENDER,1,3946.40,TENDER,2024-12-17T19:14:08,S01,20241217
S01/20241217/00012,1,P100178,1,480.34,SALE,2024-12-17T16:28:21,S01,20241217
S01/20241217/00012,2,P106035,1,86.76,SALE,2024-12-17T16:28:21,S01,20241217
S01/20241217/00012,3,P103693,3,102.71,SALE,2024-12-17T16:28:21,S01,20241217
S01/20241217/00012,4,TAX,1,102.08,TAX,2024-12-17T16:28:21,S01,20241217
S01/20241217/00012,5,TENDER,1,977.31,TENDER,2024-12-17T16:28:21,S01,20241217
S01/20241217/00013,1,P106035,1,86.76,SALE,2024-12-17T18:53:30,S01,20241217
S01/20241217/00013,2,P102691,1,219.72,SALE,2024-12-17T18:53:30,S01,20241217
S01/20241217/00013,3,TAX,1,26.60,TAX,2024-12-17T18:53:30,S01,20241217
S01/20241217/00013,4,TENDER,1,333.08,TENDER,2024-12-17T18:53:30,S01,20241217
S01/20241217/00014,1,P108356,1,234.68,SALE,2024-12-17T19:46:25,S01,20241217
S01/20241217/00014,2,P100479,2,342.92,SALE,2024-12-17T19:46:25,S01,20241217
S01/20241217/00014,3,TAX,1,110.46,TAX,2024-12-17T19:46:25,S01,20241217
S01/20241217/00014,4,TENDER,1,1030.98,TENDER,2024-12-17T19:46:25,S01,20241217
S01/20241217/00015,1,P101949,3,857.51,SALE,2024-12-17T14:03:52,S01,20241217
S01/20241217/00015,2,P100933,2,276.15,SALE,2024-12-17T14:03:52,S01,20241217
S01/20241217/00015,3,P102067,4,181.50,SALE,2024-12-17T14:03:52,S01,20241217
S01/20241217/00015,4,P105594,1,321.63,SALE,2024-12-17T14:03:52,S01,20241217
S01/20241217/00015,5,TAX,1,302.94,TAX,2024-12-17T14:03:52,S01,20241217
S01/20241217/00015,6,TENDER,1,4475.40,TENDER,2024-12-17T14:03:52,S01,20241217
S01/20241217/00016,1,P102054,1,142.99,SALE,2024-12-17T17:55:06,S01,20241217
S01/20241217/00016,2,P105997,5,124.60,SALE,2024-12-17T17:55:06,S01,20241217
S01/20241217/00016,3,P107362,1,75.90,SALE,2024-12-17T17:55:06,S01,20241217
S01/20241217/00016,4,P103487,1,361.14,SALE,2024-12-17T17:55:06,S01,20241217
S01/20241217/00016,5,TAX,1,95.30,TAX,2024-12-17T17:55:06,S01,20241217
S01/20241217/00016,6,TENDER,1,1298.33,TENDER,2024-12-17T17:55:06,S01,20241217
S01/20241217/00017,1,P102175,3,191.56,SALE,2024-12-17T10:39:39,S01,20241217
S01/20241217/00017,2,P103214,2,283.38,SALE,2024-12-17T10:39:39,S01,20241217
S01/20241217/00017,3,P103249,2,521.24,SALE,2024-12-17T10:39:39,S01,20241217
S01/20241217/00017,4,P105468,2,1100.43,SALE,2024-12-17T10:39:39,S01,20241217
S01/20241217/00017,5,P108060,1,217.09,SALE,2024-12-17T10:39:39,S01,20241217
S01/20241217/00017,6,P102821,3,1314.43,SALE,2024-12-17T10:39:39,S01,20241217
S01/20241217/00017,7,P106844,6,23.44,SALE,2024-12-17T10:39:39,S01,20241217
S01/20241217/00017,8,P102286,1,281.91,SALE,2024-12-17T10:39:39,S01,20241217
S01/20241217/00017,9,TAX,1,305.64,TAX,2024-12-17T10:39:39,S01,20241217
S01/20241217/00017,10,TENDER,1,9273.35,TENDER,2024-12-17T10:39:39,S01,20241217
S01/20241217/00018,1,P102014,2,261.84,SALE,2024-12-17T12:02:24,S01,20241217
S01/20241217/00018,2,P106434,1,188.70,SALE,2024-12-17T12:02:24,S01,20241217
S01/20241217/00018,3,P103727,2,116.88,SALE,2024-12-17T12:02:24,S01,20241217
S01/20241217/00018,4,P102432,2,895.86,SALE,2024-12-17T12:02:24,S01,20241217
S01/20241217/00018,5,P106965,1,89.01,SALE,2024-12-17T12:02:24,S01,20241217
S01/20241217/00018,6,TAX,1,364.41,TAX,2024-12-17T12:02:24,S01,20241217
S01/20241217/00018,7,TENDER,1,3191.28,TENDER,2024-12-17T12:02:24,S01,20241217
S01/20241217/00019,1,P107826,2,136.08,SALE,2024-12-17T16:02:53,S01,20241217
S01/20241217/00019,2,P100519,1,365.61,SALE,2024-12-17T16:02:53,S01,20241217
S01/20241217/00019,3,P100536,2,471.52,SALE,2024-12-17T16:02:53,S01,20241217
S01/20241217/00019,4,P103871,3,220.55,SALE,2024-12-17T16:02:53,S01,20241217
S01/20241217/00019,5,P106133,2,370.91,SALE,2024-12-17T16:02:53,S01,20241217
S01/20241217/00019,6,P100494,1,67.32,SALE,2024-12-17T16:02:53,S01,20241217
S01/20241217/00019,7,P100239,1,360.16,SALE,2024-12-17T16:02:53,S01,20241217
S01/20241217/00019,8,P103668,3,1530.18,SALE,2024-12-17T16:02:53,S01,20241217
S01/20241217/00019,9,P107952,1,1964.70,SALE,2024-12-17T16:02:53,S01,20241217
S01/20241217/00019,10,TAX,1,697.75,TAX,2024-12-17T16:02:53,S01,20241217
S01/20241217/00019,11,TENDER,1,10664.75,TENDER,2024-12-17T16:02:53,S01,20241217
S01/20241217/00020,1,P103050,3,569.48,SALE,2024-12-17T20:25:58,S01,20241217
S01/20241217/00020,2,P102324,2,194.59,SALE,2024-12-17T20:25:58,S01,20241217
S01/20241217/00020,3,P103620,2,474.03,SALE,2024-12-17T20:25:58,S01,20241217
S01/20241217/00020,4,P107115,4,172.62,SALE,2024-12-17T20:25:58,S01,20241217
S01/20241217/00020,5,P108374,5,1417.29,SALE,2024-12-17T20:25:58,S01,20241217
S01/20241217/00020,6,P107863,3,575.65,SALE,2024-12-17T20:25:58,S01,20241217
S01/20241217/00020,7,TAX,1,364.83,TAX,2024-12-17T20:25:58,S01,20241217
S01/20241217/00020,8,TENDER,1,12914.39,TENDER,2024-12-17T20:25:58,S01,20241217
S01/20241217/00021,1,P103397,2,371.02,SALE,2024-12-17T16:15:38,S01,20241217
S01/20241217/00021,2,P106115,2,128.36,SALE,2024-12-17T16:15:38,S01,20241217
S01/20241217/00021,3,P108216,2,69.70,SALE,2024-12-17T16:15:38,S01,20241217
S01/20241217/00021,4,P103262,1,54.76,SALE,2024-12-17T16:15:38,S01,20241217
S01/20241217/00021,5,P106955,1,204.37,SALE,2024-12-17T16:15:38,S01,20241217
S01/20241217/00021,6,DISC,1,-59.52,DISCOUNT,2024-12-17T16:15:38,S01,20241217
S01/20241217/00021,7,TAX,1,63.32,TAX,2024-12-17T16:15:38,S01,20241217
S01/20241217/00021,8,TENDER,1,1401.09,TENDER,2024-12-17T16:15:38,S01,20241217
S01/20241217/00022,1,P101004,-2,357.75,RETURN,2024-12-17T19:08:03,S01,20241217
S01/20241217/00022,2,P101543,-1,178.10,RETURN,2024-12-17T19:08:03,S01,20241217
S01/20241217/00022,3,P106382,-4,81.60,RETURN,2024-12-17T19:08:03,S01,20241217
S01/20241217/00022,4,P103465,-5,32.05,RETURN,2024-12-17T19:08:03,S01,20241217
S01/20241217/00022,5,P103319,-2,356.46,RETURN,2024-12-17T19:08:03,S01,20241217
S01/20241217/00022,6,TAX,1,-132.32,TAX,2024-12-17T19:08:03,S01,20241217
S01/20241217/00022,7,TENDER,1,-2225.49,TENDER,2024-12-17T19:08:03,S01,20241217
S01/20241217/00023,1,P102761,2,170.84,SALE,2024-12-17T23:15:36,S01,20241217
S01/20241217/00023,2,P101779,1,209.76,SALE,2024-12-17T23:15:36,S01,20241217
S01/20241217/00023,3,P104725,2,551.38,SALE,2024-12-17T23:15:36,S01,20241217
S01/20241217/00023,4,P103029,3,11.28,SALE,2024-12-17T23:15:36,S01,20241217
S01/20241217/00023,5,P104600,3,56.45,SALE,2024-12-17T23:15:36,S01,20241217
S01/20241217/00023,6,P104358,2,1243.57,SALE,2024-12-17T23:15:36,S01,20241217
S01/20241217/00023,7,TAX,1,522.00,TAX,2024-12-17T23:15:36,S01,20241217
S01/20241217/00023,8,TENDER,1,4866.53,TENDER,2024-12-17T23:15:36,S01,20241217
S01/20241217/00024,1,P102193,1,343.13,SALE,2024-12-17T15:41:45,S01,20241217
S01/20241217/00024,2,P100106,2,318.86,SALE,2024-12-17T15:41:45,S01,20241217
S01/20241217/00024,3,P104658,1,75.90,SALE,2024-12-17T15:41:45,S01,20241217
S01/20241217/00024,4,P100319,2,54.97,SALE,2024-12-17T15:41:45,S01,20241217
S01/20241217/00024,5,TAX,1,185.85,TAX,2024-12-17T15:41:45,S01,20241217
S01/20241217/00024,6,TENDER,1,1352.54,TENDER,2024-12-17T15:41:45,S01,20241217
S01/20241217/00025,1,P102184,1,101.58,SALE,2024-12-17T19:35:53,S01,20241217
S01/20241217/00025,2,P104902,4,516.78,SALE,2024-12-17T19:35:53,S01,20241217
S01/20241217/00025,3,P104909,2,363.10,SALE,2024-12-17T19:35:53,S01,20241217
S01/20241217/00025,4,P100203,2,272.10,SALE,2024-12-17T19:35:53,S01,20241217
S01/20241217/00025,5,P105740,1,103.24,SALE,2024-12-17T19:35:53,S01,20241217
S01/20241217/00025,6,P100803,1,278.56,SALE,2024-12-17T19:35:53,S01,20241217
S01/20241217/00025,7,P106807,1,322.15,SALE,2024-12-17T19:35:53,S01,20241217
S01/20241217/00025,8,TAX,1,508.07,TAX,2024-12-17T19:35:53,S01,20241217
S01/20241217/00025,9,TENDER,1,4651.12,TENDER,2024-12-17T19:35:53,S01,20241217
S01/20241217/00026,1,P107078,1,98.82,SALE,2024-12-17T17:21:54,S01,20241217
S01/20241217/00026,2,P104361,1,1519.18,SALE,2024-12-17T17:21:54,S01,20241217
S01/20241217/00026,3,P105757,1,248.44,SALE,2024-12-17T17:21:54,S01,20241217
S01/20241217/00026,4,P106323,1,218.99,SALE,2024-12-17T17:21:54,S01,20241217
S01/20241217/00026,5,TAX,1,205.67,TAX,2024-12-17T17:21:54,S01,20241217
S01/20241217/00026,6,TENDER,1,2291.10,TENDER,2024-12-17T17:21:54,S01,20241217
S01/20241217/00027,1,P106254,2,1282.79,SALE,2024-12-17T15:19:13,S01,20241217
S01/20241217/00027,2,P100519,2,365.61,SALE,2024-12-17T15:19:13,S01,20241217
S01/20241217/00027,3,P108017,3,105.98,SALE,2024-12-17T15:19:13,S01,20241217
S01/20241217/00027,4,P101152,4,490.05,SALE,2024-12-17T15:19:13,S01,20241217
S01/20241217/00027,5,P102112,1,389.72,SALE,2024-12-17T15:19:13,S01,20241217
S01/20241217/00027,6,TAX,1,487.35,TAX,2024-12-17T15:19:13,S01,20241217
S01/20241217/00027,7,TENDER,1,6452.01,TENDER,2024-12-17T15:19:13,S01,20241217
S01/20241217/00028,1,P106434,3,178.02,SALE,2024-12-17T14:43:09,S01,20241217
S01/20241217/00028,2,P105230,1,123.72,SALE,2024-12-17T14:43:09,S01,20241217
S01/20241217/00028,3,P101127,2,51.94,SALE,2024-12-17T14:43:09,S01,20241217
S01/20241217/00028,4,P100348,2,527.90,SALE,2024-12-17T14:43:09,S01,20241217
S01/20241217/00028,5,TAX,1,131.72,TAX,2024-12-17T14:43:09,S01,20241217
S01/20241217/00028,6,TENDER,1,1949.18,TENDER,2024-12-17T14:43:09,S01,20241217
S01/20241217/00029,1,P106454,1,127.35,SALE,2024-12-17T16:36:42,S01,20241217
S01/20241217/00029,2,P102811,3,199.78,SALE,2024-12-17T16:36:42,S01,20241217
S01/20241217/00029,3,TAX,1,36.33,TAX,2024-12-17T16:36:42,S01,20241217
S01/20241217/00029,4,TENDER,1,763.02,TENDER,2024-12-17T16:36:42,S01,20241217
S01/20241217/00030,1,P104842,1,352.80,SALE,2024-12-17T20:49:45,S01,20241217
S01/20241217/00030,2,P105666,2,1064.29,SALE,2024-12-17T20:49:45,S01,20241217
S01/20241217/00030,3,P107422,4,193.56,SALE,2024-12-17T20:49:45,S01,20241217
S01/20241217/00030,4,DISC,1,-80.49,DISCOUNT,2024-12-17T20:49:45,S01,20241217
S01/20241217/00030,5,TAX,1,79.04,TAX,2024-12-17T20:49:45,S01,20241217
S01/20241217/00030,6,TENDER,1,3254.17,TENDER,2024-12-17T20:49:45,S01,20241217
S01/20241217/00031,1,P106391,3,875.17,SALE,2024-12-17T17:47:59,S01,20241217
S01/20241217/00031,2,P100421,1,121.56,SALE,2024-12-17T17:47:59,S01,20241217
S01/20241217/00031,3,P100536,1,471.52,SALE,2024-12-17T17:47:59,S01,20241217
S01/20241217/00031,4,P103749,2,17.91,SALE,2024-12-17T17:47:59,S01,20241217
S01/20241217/00031,5,P100974,1,41.35,SALE,2024-12-17T17:47:59,S01,20241217
S01/20241217/00031,6,P101454,1,148.61,SALE,2024-12-17T17:47:59,S01,20241217
S01/20241217/00031,7,TAX,1,242.50,TAX,2024-12-17T17:47:59,S01,20241217
S01/20241217/00031,8,TENDER,1,3686.87,TENDER,2024-12-17T17:47:59,S01,20241217
S01/20241217/00032,1,P104747,1,342.93,SALE,2024-12-17T16:12:06,S01,20241217
S01/20241217/00032,2,P105950,2,1356.49,SALE,2024-12-17T16:12:06,S01,20241217
S01/20241217/00032,3,P103806,3,319.17,SALE,2024-12-17T16:12:06,S01,20241217
S01/20241217/00032,4,TAX,1,41.15,TAX,2024-12-17T16:12:06,S01,20241217
S01/20241217/00032,5,TENDER,1,4054.57,TENDER,2024-12-17T16:12:06,S01,20241217
S01/20241217/00033,1,P106506,1,125.80,SALE,2024-12-17T12:09:43,S01,20241217
S01/20241217/00033,2,P105765,3,529.25,SALE,2024-12-17T12:09:43,S01,20241217
S01/20241217/00033,3,P106550,5,29.54,SALE,2024-12-17T12:09:43,S01,20241217
S01/20241217/00033,4,P106807,3,322.15,SALE,2024-12-17T12:09:43,S01,20241217
S01/20241217/00033,5,TAX,1,508.99,TAX,2024-12-17T12:09:43,S01,20241217
S01/20241217/00033,6,TENDER,1,3336.69,TENDER,2024-12-17T12:09:43,S01,20241217
S01/20241217/00034,1,P107346,-1,449.29,RETURN,2024-12-17T17:53:29,S01,20241217
S01/20241217/00034,2,P101813,-1,273.64,RETURN,2024-12-17T17:53:29,S01,20241217
S01/20241217/00034,3,P104266,-2,431.11,RETURN,2024-12-17T17:53:29,S01,20241217
S01/20241217/00034,4,P105302,-3,281.37,RETURN,2024-12-17T17:53:29,S01,20241217
S01/20241217/00034,5,P107026,-2,69.10,RETURN,2024-12-17T17:53:29,S01,20241217
S01/20241217/00034,6,P107826,-3,136.08,RETURN,2024-12-17T17:53:29,S01,20241217
S01/20241217/00034,7,TAX,1,-293.73,TAX,2024-12-17T17:53:29,S01,20241217
S01/20241217/00034,8,TENDER,1,-3269.43,TENDER,2024-12-17T17:53:29,S01,20241217
S01/20241217/00035,1,P100494,1,67.32,SALE,2024-12-17T22:07:47,S01,20241217
S01/20241217/00035,2,P105775,1,104.41,SALE,2024-12-17T22:07:47,S01,20241217
S01/20241217/00035,3,P106783,3,94.23,SALE,2024-12-17T22:07:47,S01,20241217
S01/20241217/00035,4,TAX,1,63.00,TAX,2024-12-17T22:07:47,S01,20241217
S01/20241217/00035,5,TENDER,1,517.42,TENDER,2024-12-17T22:07:47,S01,20241217
S01/20241217/00036,1,P104446,3,66.45,SALE,2024-12-17T19:18:52,S01,20241217
S01/20241217/00036,2,P100203,4,272.10,SALE,2024-12-17T19:18:52,S01,20241217
S01/20241217/00036,3,P103908,2,104.62,SALE,2024-12-17T19:18:52,S01,20241217
S01/20241217/00036,4,P103922,2,51.00,SALE,2024-12-17T19:18:52,S01,20241217
S01/20241217/00036,5,P107753,2,73.61,SALE,2024-12-17T19:18:52,S01,20241217
S01/20241217/00036,6,P103129,3,84.49,SALE,2024-12-17T19:18:52,S01,20241217
S01/20241217/00036,7,TAX,1,179.40,TAX,2024-12-17T19:18:52,S01,20241217
S01/20241217/00036,8,TENDER,1,2179.08,TENDER,2024-12-17T19:18:52,S01,20241217
S01/20241217/00037,1,P100686,1,800.21,SALE,2024-12-17T17:36:37,S01,20241217
S01/20241217/00037,2,P100731,1,254.77,SALE,2024-12-17T17:36:37,S01,20241217
S01/20241217/00037,3,P108239,1,256.06,SALE,2024-12-17T17:36:37,S01,20241217
S01/20241217/00037,4,P107362,3,75.90,SALE,2024-12-17T17:36:37,S01,20241217
S01/20241217/00037,5,P100348,1,527.90,SALE,2024-12-17T17:36:37,S01,20241217
S01/20241217/00037,6,DISC,1,-160.41,DISCOUNT,2024-12-17T17:36:37,S01,20241217
S01/20241217/00037,7,TAX,1,146.96,TAX,2024-12-17T17:36:37,S01,20241217
S01/20241217/00037,8,TENDER,1,2053.19,TENDER,2024-12-17T17:36:37,S01,20241217
S01/20241218/00001,1,P102998,2,158.64,SALE,2024-12-18T19:33:05,S01,20241218
S01/20241218/00001,2,P103206,2,450.05,SALE,2024-12-18T19:33:05,S01,20241218
S01/20241218/00001,3,P101356,3,1264.05,SALE,2024-12-18T19:33:05,S01,20241218
S01/20241218/00001,4,P101117,1,208.14,SALE,2024-12-18T19:33:05,S01,20241218
S01/20241218/00001,5,P104558,2,440.08,SALE,2024-12-18T19:33:05,S01,20241218
S01/20241218/00001,6,P101904,2,607.91,SALE,2024-12-18T19:33:05,S01,20241218
S01/20241218/00001,7,P104965,2,88.50,SALE,2024-12-18T19:33:05,S01,20241218
S01/20241218/00001,8,P104858,3,331.88,SALE,2024-12-18T19:33:05,S01,20241218
S01/20241218/00001,9,P100086,1,89.00,SALE,2024-12-18T19:33:05,S01,20241218
S01/20241218/00001,10,P100135,2,72.29,SALE,2024-12-18T19:33:05,S01,20241218
S01/20241218/00001,11,TAX,1,873.21,TAX,2024-12-18T19:33:05,S01,20241218
S01/20241218/00001,12,TENDER,1,9593.08,TENDER,2024-12-18T19:33:05,S01,20241218
S01/20241218/00002,1,P106776,4,445.40,SALE,2024-12-18T14:31:02,S01,20241218
S01/20241218/00002,2,P101720,3,44.26,SALE,2024-12-18T14:31:02,S01,20241218
S01/20241218/00002,3,P108191,2,309.71,SALE,2024-12-18T14:31:02,S01,20241218
S01/20241218/00002,4,P106858,3,281.23,SALE,2024-12-18T14:31:02,S01,20241218
S01/20241218/00002,5,P103950,3,1283.54,SALE,2024-12-18T14:31:02,S01,20241218
S01/20241218/00002,6,P106200,2,119.89,SALE,2024-12-18T14:31:02,S01,20241218
S01/20241218/00002,7,TAX,1,499.86,TAX,2024-12-18T14:31:02,S01,20241218
S01/20241218/00002,8,TENDER,1,7967.75,TENDER,2024-12-18T14:31:02,S01,20241218
S01/20241218/00003,1,P107903,2,22.86,SALE,2024-12-18T16:58:39,S01,20241218
S01/20241218/00003,2,P104544,2,104.46,SALE,2024-12-18T16:58:39,S01,20241218
S01/20241218/00003,3,P104844,1,553.13,SALE,2024-12-18T16:58:39,S01,20241218
S01/20241218/00003,4,P102067,2,181.50,SALE,2024-12-18T16:58:39,S01,20241218
S01/20241218/00003,5,P103704,2,188.13,SALE,2024-12-18T16:58:39,S01,20241218
S01/20241218/00003,6,P102311,1,308.69,SALE,2024-12-18T16:58:39,S01,20241218
S01/20241218/00003,7,TAX,1,147.64,TAX,2024-12-18T16:58:39,S01,20241218
S01/20241218/00003,8,TENDER,1,2003.36,TENDER,2024-12-18T16:58:39,S01,20241218
S01/20241218/00004,1,P101213,3,232.84,SALE,2024-12-18T16:23:13,S01,20241218
S01/20241218/00004,2,P101894,1,668.48,SALE,2024-12-18T16:23:13,S01,20241218
S01/20241218/00004,3,P101458,1,1365.07,SALE,2024-12-18T16:23:13,S01,20241218
S01/20241218/00004,4,P104625,1,296.80,SALE,2024-12-18T16:23:13,S01,20241218
S01/20241218/00004,5,P106478,2,56.12,SALE,2024-12-18T16:23:13,S01,20241218
S01/20241218/00004,6,P104965,1,88.50,SALE,2024-12-18T16:23:13,S01,20241218
S01/20241218/00004,7,TAX,1,215.99,TAX,2024-12-18T16:23:13,S01,20241218
S01/20241218/00004,8,TENDER,1,3445.60,TENDER,2024-12-18T16:23:13,S01,20241218
S01/20241218/00005,1,P103299,-2,238.05,RETURN,2024-12-18T19:12:06,S01,20241218
S01/20241218/00005,2,P101839,-2,402.65,RETURN,2024-12-18T19:12:06,S01,20241218
S01/20241218/00005,3,P100287,-2,240.45,RETURN,2024-12-18T19:12:06,S01,20241218
S01/20241218/00005,4,P105313,-3,51.83,RETURN,2024-12-18T19:12:06,S01,20241218
S01/20241218/00005,5,P100827,-2,1218.17,RETURN,2024-12-18T19:12:06,S01,20241218
S01/20241218/00005,6,P100438,-4,66.55,RETURN,2024-12-18T19:12:06,S01,20241218
S01/20241218/00005,7,P108206,-2,81.62,RETURN,2024-12-18T19:12:06,S01,20241218
S01/20241218/00005,8,P105988,-2,29.57,RETURN,2024-12-18T19:12:06,S01,20241218
S01/20241218/00005,9,TAX,1,-256.31,TAX,2024-12-18T19:12:06,S01,20241218
S01/20241218/00005,10,TENDER,1,-5099.02,TENDER,2024-12-18T19:12:06,S01,20241218
S01/20241218/00006,1,P105518,2,729.30,SALE,2024-12-18T17:31:50,S01,20241218
S01/20241218/00006,2,P100869,1,62.15,SALE,2024-12-18T17:31:50,S01,20241218
S01/20241218/00006,3,P107432,1,45.60,SALE,2024-12-18T17:31:50,S01,20241218
S01/20241218/00006,4,P101949,2,857.51,SALE,2024-12-18T17:31:50,S01,20241218
S01/20241218/00006,5,P106720,3,126.28,SALE,2024-12-18T17:31:50,S01,20241218
S01/20241218/00006,6,TAX,1,426.23,TAX,2024-12-18T17:31:50,S01,20241218
S01/20241218/00006,7,TENDER,1,4086.44,TENDER,2024-12-18T17:31:50,S01,20241218
S01/20241218/00007,1,P102081,1,164.15,SALE,2024-12-18T12:28:21,S01,20241218
S01/20241218/00007,2,P102494,1,14.54,SALE,2024-12-18T12:28:21,S01,20241218
S01/20241218/00007,3,TAX,1,32.16,TAX,2024-12-18T12:28:21,S01,20241218
S01/20241218/00007,4,TENDER,1,210.85,TENDER,2024-12-18T12:28:21,S01,20241218
S01/20241218/00008,1,P102255,2,167.76,SALE,2024-12-18T15:59:08,S01,20241218
S01/20241218/00008,2,P107381,3,195.99,SALE,2024-12-18T15:59:08,S01,20241218
S01/20241218/00008,3,P105775,1,104.41,SALE,2024-12-18T15:59:08,S01,20241218
S01/20241218/00008,4,TAX,1,70.56,TAX,2024-12-18T15:59:08,S01,20241218
S01/20241218/00008,5,TENDER,1,1098.46,TENDER,2024-12-18T15:59:08,S01,20241218
S01/20241218/00009,1,P103281,1,172.43,SALE,2024-12-18T15:25:21,S01,20241218
S01/20241218/00009,2,P107623,3,468.34,SALE,2024-12-18T15:25:21,S01,20241218
S01/20241218/00009,3,P104469,4,1631.11,SALE,2024-12-18T15:25:21,S01,20241218
S01/20241218/00009,4,TAX,1,1066.87,TAX,2024-12-18T15:25:21,S01,20241218
S01/20241218/00009,5,TENDER,1,9168.76,TENDER,2024-12-18T15:25:21,S01,20241218
S01/20241218/00010,1,P105460,1,148.47,SALE,2024-12-19T00:21:13,S01,20241218
S01/20241218/00010,2,P106282,2,448.43,SALE,2024-12-19T00:21:13,S01,20241218
S01/20241218/00010,3,P104308,4,53.24,SALE,2024-12-19T00:21:13,S01,20241218
S01/20241218/00010,4,DISC,1,-110.31,DISCOUNT,2024-12-19T00:21:13,S01,20241218
S01/20241218/00010,5,TAX,1,206.64,TAX,2024-12-19T00:21:13,S01,20241218
S01/20241218/00010,6,TENDER,1,1354.62,TENDER,2024-12-19T00:21:13,S01,20241218
S01/20241218/00011,1,P105230,4,123.72,SALE,2024-12-18T17:14:34,S01,20241218
S01/20241218/00011,2,P108032,2,648.04,SALE,2024-12-18T17:14:34,S01,20241218
S01/20241218/00011,3,P104844,1,553.13,SALE,2024-12-18T17:14:34,S01,20241218
S01/20241218/00011,4,P100210,3,1073.90,SALE,2024-12-18T17:14:34,S01,20241218
S01/20241218/00011,5,P103068,5,153.43,SALE,2024-12-18T17:14:34,S01,20241218
S01/20241218/00011,6,DISC,1,-543.89,DISCOUNT,2024-12-18T17:14:34,S01,20241218
S01/20241218/00011,7,TAX,1,610.20,TAX,2024-12-18T17:14:34,S01,20241218
S01/20241218/00011,8,TENDER,1,6399.25,TENDER,2024-12-18T17:14:34,S01,20241218
S01/20241218/00012,1,P103794,2,785.54,SALE,2024-12-18T18:36:02,S01,20241218
S01/20241218/00012,2,P101940,2,201.44,SALE,2024-12-18T18:36:02,S01,20241218
S01/20241218/00012,3,P100731,1,254.77,SALE,2024-12-18T18:36:02,S01,20241218
S01/20241218/00012,4,TAX,1,172.76,TAX,2024-12-18T18:36:02,S01,20241218
S01/20241218/00012,5,TENDER,1,2401.49,TENDER,2024-12-18T18:36:02,S01,20241218
S01/20241218/00013,1,P107414,2,565.57,SALE,2024-12-18T12:19:04,S01,20241218
S01/20241218/00013,2,P100677,3,235.68,SALE,2024-12-18T12:19:04,S01,20241218
S01/20241218/00013,3,P104008,3,116.02,SALE,2024-12-18T12:19:04,S01,20241218
S01/20241218/00013,4,TAX,1,201.23,TAX,2024-12-18T12:19:04,S01,20241218
S01/20241218/00013,5,TENDER,1,2387.47,TENDER,2024-12-18T12:19:04,S01,20241218
S01/20241218/00014,1,P107119,3,18.29,SALE,2024-12-18T18:35:48,S01,20241218
S01/20241218/00014,2,P108239,2,256.06,SALE,2024-12-18T18:35:48,S01,20241218
S01/20241218/00014,3,P107681,1,193.13,SALE,2024-12-18T18:35:48,S01,20241218
S01/20241218/00014,4,P104469,2,1631.11,SALE,2024-12-18T18:35:48,S01,20241218
S01/20241218/00014,5,P105331,2,308.39,SALE,2024-12-18T18:35:48,S01,20241218
S01/20241218/00014,6,P106300,4,425.27,SALE,2024-12-18T18:35:48,S01,20241218
S01/20241218/00014,7,P105139,3,119.64,SALE,2024-12-18T18:35:48,S01,20241218
S01/20241218/00014,8,TAX,1,806.33,TAX,2024-12-18T18:35:48,S01,20241218
S01/20241218/00014,9,TENDER,1,7505.45,TENDER,2024-12-18T18:35:48,S01,20241218
S01/20241218/00015,1,P104236,2,289.43,SALE,2024-12-18T21:59:26,S01,20241218
S01/20241218/00015,2,P100652,1,45.46,SALE,2024-12-18T21:59:26,S01,20241218
S01/20241218/00015,3,P108227,2,551.58,SALE,2024-12-18T21:59:26,S01,20241218
S01/20241218/00015,4,DISC,1,-73.34,DISCOUNT,2024-12-18T21:59:26,S01,20241218
S01/20241218/00015,5,TAX,1,107.61,TAX,2024-12-18T21:59:26,S01,20241218
S01/20241218/00015,6,TENDER,1,1761.75,TENDER,2024-12-18T21:59:26,S01,20241218
S01/20241218/00016,1,P100864,2,208.63,SALE,2024-12-18T19:59:57,S01,20241218
S01/20241218/00016,2,P105433,1,144.32,SALE,2024-12-18T19:59:57,S01,20241218
S01/20241218/00016,3,P104645,2,1052.62,SALE,2024-12-18T19:59:57,S01,20241218
S01/20241218/00016,4,P103542,1,398.89,SALE,2024-12-18T19:59:57,S01,20241218
S01/20241218/00016,5,TAX,1,148.95,TAX,2024-12-18T19:59:57,S01,20241218
S01/20241218/00016,6,TENDER,1,3214.66,TENDER,2024-12-18T19:59:57,S01,20241218
S01/20241218/00017,1,P103340,1,537.50,SALE,2024-12-18T18:02:45,S01,20241218
S01/20241218/00017,2,P104435,2,477.09,SALE,2024-12-18T18:02:45,S01,20241218
S01/20241218/00017,3,P104708,1,487.33,SALE,2024-12-18T18:02:45,S01,20241218
S01/20241218/00017,4,P106357,1,1078.45,SALE,2024-12-18T18:02:45,S01,20241218
S01/20241218/00017,5,P101613,1,125.30,SALE,2024-12-18T18:02:45,S01,20241218
S01/20241218/00017,6,TAX,1,387.59,TAX,2024-12-18T18:02:45,S01,20241218
S01/20241218/00017,7,TENDER,1,3570.35,TENDER,2024-12-18T18:02:45,S01,20241218
S01/20241218/00018,1,P103222,3,427.41,SALE,2024-12-18T17:07:20,S01,20241218
S01/20241218/00018,2,P107226,3,88.38,SALE,2024-12-18T17:07:20,S01,20241218
S01/20241218/00018,3,TAX,1,201.59,TAX,2024-12-18T17:07:20,S01,20241218
S01/20241218/00018,4,TENDER,1,1748.96,TENDER,2024-12-18T17:07:20,S01,20241218
S01/20241218/00019,1,P100210,1,1073.90,SALE,2024-12-19T00:21:19,S01,20241218
S01/20241218/00019,2,P101990,2,408.52,SALE,2024-12-19T00:21:19,S01,20241218
S01/20241218/00019,3,P103035,2,1333.74,SALE,2024-12-19T00:21:19,S01,20241218
S01/20241218/00019,4,TAX,1,360.29,TAX,2024-12-19T00:21:19,S01,20241218
S01/20241218/00019,5,TENDER,1,4918.71,TENDER,2024-12-19T00:21:19,S01,20241218
S01/20241218/00020,1,P101356,1,1264.05,SALE,2024-12-18T17:34:27,S01,20241218
S01/20241218/00020,2,P107989,3,189.72,SALE,2024-12-18T17:34:27,S01,20241218
S01/20241218/00020,3,P100183,3,1466.16,SALE,2024-12-18T17:34:27,S01,20241218
S01/20241218/00020,4,P107520,1,139.81,SALE,2024-12-18T17:34:27,S01,20241218
S01/20241218/00020,5,P105246,2,840.69,SALE,2024-12-18T17:34:27,S01,20241218
S01/20241218/00020,6,TAX,1,784.53,TAX,2024-12-18T17:34:27,S01,20241218
S01/20241218/00020,7,TENDER,1,8837.41,TENDER,2024-12-18T17:34:27,S01,20241218
S01/20241218/00021,1,P105929,1,11.18,SALE,2024-12-18T08:27:30,S01,20241218
S01/20241218/00021,2,P105288,1,271.73,SALE,2024-12-18T08:27:30,S01,20241218
S01/20241218/00021,3,P100421,1,121.56,SALE,2024-12-18T08:27:30,S01,20241218
S01/20241218/00021,4,P100711,3,101.23,SALE,2024-12-18T08:27:30,S01,20241218
S01/20241218/00021,5,TAX,1,56.68,TAX,2024-12-18T08:27:30,S01,20241218
S01/20241218/00021,6,TENDER,1,764.84,TENDER,2024-12-18T08:27:30,S01,20241218
S01/20241218/00022,1,P103435,1,443.24,SALE,2024-12-18T16:56:16,S01,20241218
S01/20241218/00022,2,P104593,3,867.34,SALE,2024-12-18T16:56:16,S01,20241218
S01/20241218/00022,3,P106009,1,372.60,SALE,2024-12-18T16:56:16,S01,20241218
S01/20241218/00022,4,P104665,1,217.71,SALE,2024-12-18T16:56:16,S01,20241218
S01/20241218/00022,5,P101520,1,187.47,SALE,2024-12-18T16:56:16,S01,20241218
S01/20241218/00022,6,P101558,1,55.73,SALE,2024-12-18T16:56:16,S01,20241218
S01/20241218/00022,7,P102321,2,35.15,SALE,2024-12-18T16:56:16,S01,20241218
S01/20241218/00022,8,TAX,1,490.70,TAX,2024-12-18T16:56:16,S01,20241218
S01/20241218/00022,9,TENDER,1,4439.77,TENDER,2024-12-18T16:56:16,S01,20241218
S01/20241218/00023,1,P102821,3,1314.43,SALE,2024-12-18T16:52:50,S01,20241218
S01/20241218/00023,2,P103438,2,187.96,SALE,2024-12-18T16:52:50,S01,20241218
S01/20241218/00023,3,P106093,2,315.93,SALE,2024-12-18T16:52:50,S01,20241218
S01/20241218/00023,4,TAX,1,94.62,TAX,2024-12-18T16:52:50,S01,20241218
S01/20241218/00023,5,TENDER,1,5045.69,TENDER,2024-12-18T16:52:50,S01,20241218
S01/20241218/00024,1,P100203,2,272.10,SALE,2024-12-18T08:17:38,S01,20241218
S01/20241218/00024,2,P101298,3,224.87,SALE,2024-12-18T08:17:38,S01,20241218
S01/20241218/00024,3,P100057,5,233.39,SALE,2024-12-18T08:17:38,S01,20241218
S01/20241218/00024,4,P100761,2,51.26,SALE,2024-12-18T08:17:38,S01,20241218
S01/20241218/00024,5,P105280,2,220.35,SALE,2024-12-18T08:17:38,S01,20241218
S01/20241218/00024,6,P101034,2,94.74,SALE,2024-12-18T08:17:38,S01,20241218
S01/20241218/00024,7,TAX,1,298.10,TAX,2024-12-18T08:17:38,S01,20241218
S01/20241218/00024,8,TENDER,1,3416.56,TENDER,2024-12-18T08:17:38,S01,20241218
S01/20241218/00025,1,P103337,2,94.03,SALE,2024-12-18T13:57:13,S01,20241218
S01/20241218/00025,2,P101825,1,183.68,SALE,2024-12-18T13:57:13,S01,20241218
S01/20241218/00025,3,TAX,1,18.59,TAX,2024-12-18T13:57:13,S01,20241218
S01/20241218/00025,4,TENDER,1,390.33,TENDER,2024-12-18T13:57:13,S01,20241218
S01/20241218/00026,1,P103645,1,285.25,SALE,2024-12-18T18:40:17,S01,20241218
S01/20241218/00026,2,P104497,4,229.16,SALE,2024-12-18T18:40:17,S01,20241218
S01/20241218/00026,3,P107952,3,1964.70,SALE,2024-12-18T18:40:17,S01,20241218
S01/20241218/00026,4,P106426,2,154.27,SALE,2024-12-18T18:40:17,S01,20241218
S01/20241218/00026,5,P105531,3,502.91,SALE,2024-12-18T18:40:17,S01,20241218
S01/20241218/00026,6,TAX,1,282.42,TAX,2024-12-18T18:40:17,S01,20241218
S01/20241218/00026,7,TENDER,1,9195.68,TENDER,2024-12-18T18:40:17,S01,20241218
S01/20241218/00027,1,P105057,3,294.62,SALE,2024-12-18T10:49:26,S01,20241218
S01/20241218/00027,2,P107294,2,85.13,SALE,2024-12-18T10:49:26,S01,20241218
S01/20241218/00027,3,P100933,2,276.15,SALE,2024-12-18T10:49:26,S01,20241218
S01/20241218/00027,4,P100810,1,200.65,SALE,2024-12-18T10:49:26,S01,20241218
S01/20241218/00027,5,P101258,1,216.42,SALE,2024-12-18T10:49:26,S01,20241218
S01/20241218/00027,6,P101404,1,228.51,SALE,2024-12-18T10:49:26,S01,20241218
S01/20241218/00027,7,TAX,1,327.44,TAX,2024-12-18T10:49:26,S01,20241218
S01/20241218/00027,8,TENDER,1,2579.44,TENDER,2024-12-18T10:49:26,S01,20241218
S01/20241218/00028,1,P104487,2,388.90,SALE,2024-12-18T16:35:48,S01,20241218
S01/20241218/00028,2,P100549,3,320.43,SALE,2024-12-18T16:35:48,S01,20241218
S01/20241218/00028,3,P105413,2,168.78,SALE,2024-12-18T16:35:48,S01,20241218
S01/20241218/00028,4,P100855,2,345.07,SALE,2024-12-18T16:35:48,S01,20241218
S01/20241218/00028,5,P107872,1,650.85,SALE,2024-12-18T16:35:48,S01,20241218
S01/20241218/00028,6,P104226,2,303.01,SALE,2024-12-18T16:35:48,S01,20241218
S01/20241218/00028,7,P102913,2,375.37,SALE,2024-12-18T16:35:48,S01,20241218
S01/20241218/00028,8,P107053,2,457.07,SALE,2024-12-18T16:35:48,S01,20241218
S01/20241218/00028,9,TAX,1,541.76,TAX,2024-12-18T16:35:48,S01,20241218
S01/20241218/00028,10,TENDER,1,6230.30,TENDER,2024-12-18T16:35:48,S01,20241218
S01/20241218/00029,1,P106720,3,126.28,SALE,2024-12-18T23:17:38,S01,20241218
S01/20241218/00029,2,P106004,2,137.38,SALE,2024-12-18T23:17:38,S01,20241218
S01/20241218/00029,3,TAX,1,81.93,TAX,2024-12-18T23:17:38,S01,20241218
S01/20241218/00029,4,TENDER,1,735.53,TENDER,2024-12-18T23:17:38,S01,20241218
S01/20241218/00030,1,P106802,3,739.16,SALE,2024-12-18T13:03:56,S01,20241218
S01/20241218/00030,2,P104831,2,1516.75,SALE,2024-12-18T13:03:56,S01,20241218
S01/20241218/00030,3,P105453,1,465.18,SALE,2024-12-18T13:03:56,S01,20241218
S01/20241218/00030,4,P107422,1,193.56,SALE,2024-12-18T13:03:56,S01,20241218
S01/20241218/00030,5,TAX,1,568.30,TAX,2024-12-18T13:03:56,S01,20241218
S01/20241218/00030,6,TENDER,1,6478.02,TENDER,2024-12-18T13:03:56,S01,20241218
S01/20241218/00031,1,P104242,-4,308.27,RETURN,2024-12-18T11:04:51,S01,20241218
S01/20241218/00031,2,P101766,-2,220.67,RETURN,2024-12-18T11:04:51,S01,20241218
S01/20241218/00031,3,P100754,-1,91.60,RETURN,2024-12-18T11:04:51,S01,20241218
S01/20241218/00031,4,P100781,-3,654.99,RETURN,2024-12-18T11:04:51,S01,20241218
S01/20241218/00031,5,P101925,-2,186.54,RETURN,2024-12-18T11:04:51,S01,20241218
S01/20241218/00031,6,P103281,-2,172.43,RETURN,2024-12-18T11:04:51,S01,20241218
S01/20241218/00031,7,P102346,-1,89.47,RETURN,2024-12-18T11:04:51,S01,20241218
S01/20241218/00031,8,P106629,-1,57.49,RETURN,2024-12-18T11:04:51,S01,20241218
S01/20241218/00031,9,P104251,-2,79.68,RETURN,2024-12-18T11:04:51,S01,20241218
S01/20241218/00031,10,TAX,1,-738.20,TAX,2024-12-18T11:04:51,S01,20241218
S01/20241218/00031,11,TENDER,1,-5493.45,TENDER,2024-12-18T11:04:51,S01,20241218
S01/20241218/00032,1,P106027,3,1548.23,SALE,2024-12-18T18:37:29,S01,20241218
S01/20241218/00032,2,P100791,2,46.20,SALE,2024-12-18T18:37:29,S01,20241218
S01/20241218/00032,3,P103484,2,109.59,SALE,2024-12-18T18:37:29,S01,20241218
S01/20241218/00032,4,P101660,2,193.14,SALE,2024-12-18T18:37:29,S01,20241218
S01/20241218/00032,5,P104032,5,603.87,SALE,2024-12-18T18:37:29,S01,20241218
S01/20241218/00032,6,P104517,3,1474.90,SALE,2024-12-18T18:37:29,S01,20241218
S01/20241218/00032,7,P104579,1,67.48,SALE,2024-12-18T18:37:29,S01,20241218
S01/20241218/00032,8,TAX,1,606.87,TAX,2024-12-18T18:37:29,S01,20241218
S01/20241218/00032,9,TENDER,1,13460.95,TENDER,2024-12-18T18:37:29,S01,20241218
S01/20241218/00033,1,P104800,3,692.51,SALE,2024-12-18T13:05:07,S01,20241218
S01/20241218/00033,2,P101789,3,391.48,SALE,2024-12-18T13:05:07,S01,20241218
S01/20241218/00033,3,P103354,2,894.50,SALE,2024-12-18T13:05:07,S01,20241218
S01/20241218/00033,4,P105868,3,68.91,SALE,2024-12-18T13:05:07,S01,20241218
S01/20241218/00033,5,TAX,1,318.36,TAX,2024-12-18T13:05:07,S01,20241218
S01/20241218/00033,6,TENDER,1,5566.06,TENDER,2024-12-18T13:05:07,S01,20241218
S01/20241218/00034,1,P100348,2,527.90,SALE,2024-12-18T15:39:50,S01,20241218
S01/20241218/00034,2,P100164,3,594.91,SALE,2024-12-18T15:39:50,S01,20241218
S01/20241218/00034,3,TAX,1,374.04,TAX,2024-12-18T15:39:50,S01,20241218
S01/20241218/00034,4,TENDER,1,3214.57,TENDER,2024-12-18T15:39:50,S01,20241218
S01/20241218/00035,1,P104446,1,66.45,SALE,2024-12-18T13:35:06,S01,20241218
S01/20241218/00035,2,P102207,3,342.36,SALE,2024-12-18T13:35:06,S01,20241218
S01/20241218/00035,3,P107231,2,1193.22,SALE,2024-12-18T13:35:06,S01,20241218
S01/20241218/00035,4,P104048,1,193.57,SALE,2024-12-18T13:35:06,S01,20241218
S01/20241218/00035,5,P107933,4,1146.02,SALE,2024-12-18T13:35:06,S01,20241218
S01/20241218/00035,6,P103927,3,206.11,SALE,2024-12-18T13:35:06,S01,20241218
S01/20241218/00035,7,P108090,1,139.96,SALE,2024-12-18T13:35:06,S01,20241218
S01/20241218/00035,8,DISC,1,-1067.91,DISCOUNT,2024-12-18T13:35:06,S01,20241218
S01/20241218/00035,9,TAX,1,658.03,TAX,2024-12-18T13:35:06,S01,20241218
S01/20241218/00035,10,TENDER,1,8606.03,TENDER,2024-12-18T13:35:06,S01,20241218
S01/20241218/00036,1,P105507,1,22.07,SALE,2024-12-18T14:07:20,S01,20241218
S01/20241218/00036,2,P102814,3,543.91,SALE,2024-12-18T14:07:20,S01,20241218
S01/20241218/00036,3,P102139,4,1710.06,SALE,2024-12-18T14:07:20,S01,20241218
S01/20241218/00036,4,P101955,3,364.45,SALE,2024-12-18T14:07:20,S01,20241218
S01/20241218/00036,5,P107555,1,1314.43,SALE,2024-12-18T14:07:20,S01,20241218
S01/20241218/00036,6,P102738,2,236.55,SALE,2024-12-18T14:07:20,S01,20241218
S01/20241218/00036,7,P100816,2,806.93,SALE,2024-12-18T14:07:20,S01,20241218
S01/20241218/00036,8,TAX,1,870.84,TAX,2024-12-18T14:07:20,S01,20241218
S01/20241218/00036,9,TENDER,1,13859.62,TENDER,2024-12-18T14:07:20,S01,20241218
S01/20241218/00037,1,P106209,2,199.51,SALE,2024-12-18T14:53:44,S01,20241218
S01/20241218/00037,2,P101076,3,606.89,SALE,2024-12-18T14:53:44,S01,20241218
S01/20241218/00037,3,P101961,2,767.84,SALE,2024-12-18T14:53:44,S01,20241218
S01/20241218/00037,4,TAX,1,415.34,TAX,2024-12-18T14:53:44,S01,20241218
S01/20241218/00037,5,TENDER,1,4170.71,TENDER,2024-12-18T14:53:44,S01,20241218
S01/20241218/00038,1,P103525,4,252.51,SALE,2024-12-18T21:32:50,S01,20241218
S01/20241218/00038,2,P104026,4,152.97,SALE,2024-12-18T21:32:50,S01,20241218
S01/20241218/00038,3,TAX,1,81.10,TAX,2024-12-18T21:32:50,S01,20241218
S01/20241218/00038,4,TENDER,1,1703.02,TENDER,2024-12-18T21:32:50,S01,20241218
S01/20241218/00039,1,P101023,2,213.62,SALE,2024-12-18T12:42:06,S01,20241218
S01/20241218/00039,2,P108186,1,324.50,SALE,2024-12-18T12:42:06,S01,20241218
S01/20241218/00039,3,P101122,6,69.38,SALE,2024-12-18T12:42:06,S01,20241218
S01/20241218/00039,4,DISC,1,-118.50,DISCOUNT,2024-12-18T12:42:06,S01,20241218
S01/20241218/00039,5,TAX,1,121.51,TAX,2024-12-18T12:42:06,S01,20241218
S01/20241218/00039,6,TENDER,1,1171.03,TENDER,2024-12-18T12:42:06,S01,20241218
S01/20241218/00040,1,P104844,2,553.13,SALE,2024-12-18T11:34:24,S01,20241218
S01/20241218/00040,2,P101127,2,51.94,SALE,2024-12-18T11:34:24,S01,20241218
S01/20241218/00040,3,TAX,1,55.31,TAX,2024-12-18T11:34:24,S01,20241218
S01/20241218/00040,4,TENDER,1,1265.45,TENDER,2024-12-18T11:34:24,S01,20241218
S01/20241218/00041,1,P103178,2,21.89,SALE,2024-12-18T17:31:31,S01,20241218
S01/20241218/00041,2,P100305,1,771.81,SALE,2024-12-18T17:31:31,S01,20241218
S01/20241218/00041,3,P102054,1,142.99,SALE,2024-12-18T17:31:31,S01,20241218
S01/20241218/00041,4,TAX,1,15.03,TAX,2024-12-18T17:31:31,S01,20241218
S01/20241218/00041,5,TENDER,1,973.61,TENDER,2024-12-18T17:31:31,S01,20241218
S01/20241219/00001,1,P105167,1,826.20,SALE,2024-12-19T11:41:36,S01,20241219
S01/20241219/00001,2,P100985,2,327.15,SALE,2024-12-19T11:41:36,S01,20241219
S01/20241219/00001,3,P101321,3,24.76,SALE,2024-12-19T11:41:36,S01,20241219
S01/20241219/00001,4,P107799,1,751.07,SALE,2024-12-19T11:41:36,S01,20241219
S01/20241219/00001,5,P106464,2,277.18,SALE,2024-12-19T11:41:36,S01,20241219
S01/20241219/00001,6,TAX,1,276.53,TAX,2024-12-19T11:41:36,S01,20241219
S01/20241219/00001,7,TENDER,1,3136.74,TENDER,2024-12-19T11:41:36,S01,20241219
S01/20241219/00002,1,P105562,2,422.85,SALE,2024-12-19T19:25:30,S01,20241219
S01/20241219/00002,2,TAX,1,152.23,TAX,2024-12-19T19:25:30,S01,20241219
S01/20241219/00002,3,TENDER,1,997.93,TENDER,2024-12-19T19:25:30,S01,20241219
S01/20241219/00003,1,P107925,2,992.11,SALE,2024-12-19T20:09:13,S01,20241219
S01/20241219/00003,2,P102280,1,709.29,SALE,2024-12-19T20:09:13,S01,20241219
S01/20241219/00003,3,P105988,5,29.57,SALE,2024-12-19T20:09:13,S01,20241219
S01/20241219/00003,4,P102516,3,1272.67,SALE,2024-12-19T20:09:13,S01,20241219
S01/20241219/00003,5,P100967,3,969.23,SALE,2024-12-19T20:09:13,S01,20241219
S01/20241219/00003,6,P104891,3,757.22,SALE,2024-12-19T20:09:13,S01,20241219
S01/20241219/00003,7,P100354,3,182.63,SALE,2024-12-19T20:09:13,S01,20241219
S01/20241219/00003,8,P100816,1,806.93,SALE,2024-12-19T20:09:13,S01,20241219
S01/20241219/00003,9,TAX,1,1209.28,TAX,2024-12-19T20:09:13,S01,20241219
S01/20241219/00003,10,TENDER,1,14402.82,TENDER,2024-12-19T20:09:13,S01,20241219
S01/20241219/00004,1,P103406,4,1248.48,SALE,2024-12-19T15:02:38,S01,20241219
S01/20241219/00004,2,P107337,1,429.21,SALE,2024-12-19T15:02:38,S01,20241219
S01/20241219/00004,3,P103074,2,52.85,SALE,2024-12-19T15:02:38,S01,20241219
S01/20241219/00004,4,P105720,2,69.64,SALE,2024-12-19T15:02:38,S01,20241219
S01/20241219/00004,5,P106391,2,795.61,SALE,2024-12-19T15:02:38,S01,20241219
S01/20241219/00004,6,P107943,1,252.32,SALE,2024-12-19T15:02:38,S01,20241219
S01/20241219/00004,7,P108300,4,286.59,SALE,2024-12-19T15:02:38,S01,20241219
S01/20241219/00004,8,P102142,3,93.89,SALE,2024-12-19T15:02:38,S01,20241219
S01/20241219/00004,9,TAX,1,985.16,TAX,2024-12-19T15:02:38,S01,20241219
S01/20241219/00004,10,TENDER,1,9924.84,TENDER,2024-12-19T15:02:38,S01,20241219
S01/20241219/00005,1,P100967,2,969.23,SALE,2024-12-19T16:30:29,S01,20241219
S01/20241219/00005,2,P101177,1,166.36,SALE,2024-12-19T16:30:29,S01,20241219
S01/20241219/00005,3,P105624,2,380.06,SALE,2024-12-19T16:30:29,S01,20241219
S01/20241219/00005,4,P104625,3,296.80,SALE,2024-12-19T16:30:29,S01,20241219
S01/20241219/00005,5,P107899,6,197.21,SALE,2024-12-19T16:30:29,S01,20241219
S01/20241219/00005,6,P108110,1,16.57,SALE,2024-12-19T16:30:29,S01,20241219
S01/20241219/00005,7,TAX,1,341.08,TAX,2024-12-19T16:30:29,S01,20241219
S01/20241219/00005,8,TENDER,1,5296.25,TENDER,2024-12-19T16:30:29,S01,20241219
S01/20241219/00006,1,P105405,3,430.78,SALE,2024-12-19T21:00:36,S01,20241219
S01/20241219/00006,2,P104469,1,1631.11,SALE,2024-12-19T21:00:36,S01,20241219
S01/20241219/00006,3,P100131,2,667.83,SALE,2024-12-19T21:00:36,S01,20241219
S01/20241219/00006,4,P102510,2,37.13,SALE,2024-12-19T21:00:36,S01,20241219
S01/20241219/00006,5,P105075,2,49.58,SALE,2024-12-19T21:00:36,S01,20241219
S01/20241219/00006,6,P101454,4,148.61,SALE,2024-12-19T21:00:36,S01,20241219
S01/20241219/00006,7,P105400,1,53.13,SALE,2024-12-19T21:00:36,S01,20241219
S01/20241219/00006,8,P101859,2,66.16,SALE,2024-12-19T21:00:36,S01,20241219
S01/20241219/00006,9,TAX,1,544.16,TAX,2024-12-19T21:00:36,S01,20241219
S01/20241219/00006,10,TENDER,1,5756.58,TENDER,2024-12-19T21:00:36,S01,20241219
S01/20241219/00007,1,P107686,2,347.22,SALE,2024-12-19T17:36:26,S01,20241219
S01/20241219/00007,2,P104168,3,512.27,SALE,2024-12-19T17:36:26,S01,20241219
S01/20241219/00007,3,TAX,1,201.84,TAX,2024-12-19T17:36:26,S01,20241219
S01/20241219/00007,4,TENDER,1,2433.09,TENDER,2024-12-19T17:36:26,S01,20241219
S01/20241219/00008,1,P102585,1,516.36,SALE,2024-12-19T18:59:30,S01,20241219
S01/20241219/00008,2,P106254,2,1282.79,SALE,2024-12-19T18:59:30,S01,20241219
S01/20241219/00008,3,TAX,1,25.82,TAX,2024-12-19T18:59:30,S01,20241219
S01/20241219/00008,4,TENDER,1,3107.76,TENDER,2024-12-19T18:59:30,S01,20241219
S01/20241219/00009,1,P105901,1,80.48,SALE,2024-12-19T17:15:23,S01,20241219
S01/20241219/00009,2,P108227,2,551.58,SALE,2024-12-19T17:15:23,S01,20241219
S01/20241219/00009,3,P102616,2,82.31,SALE,2024-12-19T17:15:23,S01,20241219
S01/20241219/00009,4,P106133,2,370.91,SALE,2024-12-19T17:15:23,S01,20241219
S01/20241219/00009,5,P102682,1,95.00,SALE,2024-12-19T17:15:23,S01,20241219
S01/20241219/00009,6,P107890,1,133.07,SALE,2024-12-19T17:15:23,S01,20241219
S01/20241219/00009,7,P104695,2,80.54,SALE,2024-12-19T17:15:23,S01,20241219
S01/20241219/00009,8,P104645,1,1052.62,SALE,2024-12-19T17:15:23,S01,20241219
S01/20241219/00009,9,P103397,2,371.02,SALE,2024-12-19T17:15:23,S01,20241219
S01/20241219/00009,10,P101669,3,56.49,SALE,2024-12-19T17:15:23,S01,20241219
S01/20241219/00009,11,P100560,2,180.90,SALE,2024-12-19T17:15:23,S01,20241219
S01/20241219/00009,12,TAX,1,244.16,TAX,2024-12-19T17:15:23,S01,20241219
S01/20241219/00009,13,TENDER,1,5049.32,TENDER,2024-12-19T17:15:23,S01,20241219
S01/20241219/00010,1,P105136,1,158.61,SALE,2024-12-19T18:43:54,S01,20241219
S01/20241219/00010,2,P100077,2,173.95,SALE,2024-12-19T18:43:54,S01,20241219
S01/20241219/00010,3,P105331,4,308.39,SALE,2024-12-19T18:43:54,S01,20241219
S01/20241219/00010,4,P108090,3,139.96,SALE,2024-12-19T18:43:54,S01,20241219
S01/20241219/00010,5,TAX,1,100.07,TAX,2024-12-19T18:43:54,S01,20241219
S01/20241219/00010,6,TENDER,1,2260.02,TENDER,2024-12-19T18:43:54,S01,20241219
S01/20241219/00011,1,P102691,3,219.72,SALE,2024-12-19T19:51:54,S01,20241219
S01/20241219/00011,2,P101638,2,402.54,SALE,2024-12-19T19:51:54,S01,20241219
S01/20241219/00011,3,P102549,2,139.23,SALE,2024-12-19T19:51:54,S01,20241219
S01/20241219/00011,4,P106452,3,31.15,SALE,2024-12-19T19:51:54,S01,20241219
S01/20241219/00011,5,TAX,1,134.24,TAX,2024-12-19T19:51:54,S01,20241219
S01/20241219/00011,6,TENDER,1,1970.39,TENDER,2024-12-19T19:51:54,S01,20241219
S01/20241219/00012,1,P105453,2,465.18,SALE,2024-12-19T14:37:49,S01,20241219
S01/20241219/00012,2,P102166,4,52.54,SALE,2024-12-19T14:37:49,S01,20241219
S01/20241219/00012,3,P107807,2,118.66,SALE,2024-12-19T14:37:49,S01,20241219
S01/20241219/00012,4,P103259,2,298.27,SALE,2024-12-19T14:37:49,S01,20241219
S01/20241219/00012,5,P100380,3,136.58,SALE,2024-12-19T14:37:49,S01,20241219
S01/20241219/00012,6,TAX,1,266.33,TAX,2024-12-19T14:37:49,S01,20241219
S01/20241219/00012,7,TENDER,1,2650.45,TENDER,2024-12-19T14:37:49,S01,20241219
S01/20241219/00013,1,P105594,2,321.63,SALE,2024-12-19T09:59:54,S01,20241219
S01/20241219/00013,2,P108118,1,66.05,SALE,2024-12-19T09:59:54,S01,20241219
S01/20241219/00013,3,P103022,2,60.43,SALE,2024-12-19T09:59:54,S01,20241219
S01/20241219/00013,4,P101774,3,1168.66,SALE,2024-12-19T09:59:54,S01,20241219
S01/20241219/00013,5,P105050,2,109.65,SALE,2024-12-19T09:59:54,S01,20241219
S01/20241219/00013,6,TAX,1,526.68,TAX,2024-12-19T09:59:54,S01,20241219
S01/20241219/00013,7,TENDER,1,5082.13,TENDER,2024-12-19T09:59:54,S01,20241219
S01/20241219/00014,1,P102849,2,682.39,SALE,2024-12-19T11:58:55,S01,20241219
S01/20241219/00014,2,P106415,2,966.71,SALE,2024-12-19T11:58:55,S01,20241219
S01/20241219/00014,3,P103424,3,295.58,SALE,2024-12-19T11:58:55,S01,20241219
S01/20241219/00014,4,P103680,4,210.26,SALE,2024-12-19T11:58:55,S01,20241219
S01/20241219/00014,5,TAX,1,502.19,TAX,2024-12-19T11:58:55,S01,20241219
S01/20241219/00014,6,TENDER,1,5528.17,TENDER,2024-12-19T11:58:55,S01,20241219
S01/20241219/00015,1,P106776,2,445.40,SALE,2024-12-19T11:02:49,S01,20241219
S01/20241219/00015,2,P104933,3,560.59,SALE,2024-12-19T11:02:49,S01,20241219
S01/20241219/00015,3,P101543,1,178.10,SALE,2024-12-19T11:02:49,S01,20241219
S01/20241219/00015,4,P102432,1,895.86,SALE,2024-12-19T11:02:49,S01,20241219
S01/20241219/00015,5,TAX,1,486.82,TAX,2024-12-19T11:02:49,S01,20241219
S01/20241219/00015,6,TENDER,1,4133.35,TENDER,2024-12-19T11:02:49,S01,20241219
S01/20241219/00016,1,P101774,6,1168.66,SALE,2024-12-19T10:14:06,S01,20241219
S01/20241219/00016,2,P107775,1,737.39,SALE,2024-12-19T10:14:06,S01,20241219
S01/20241219/00016,3,P103171,1,62.95,SALE,2024-12-19T10:14:06,S01,20241219
S01/20241219/00016,4,P108131,2,627.37,SALE,2024-12-19T10:14:06,S01,20241219
S01/20241219/00016,5,P105365,3,420.06,SALE,2024-12-19T10:14:06,S01,20241219
S01/20241219/00016,6,P107568,2,140.27,SALE,2024-12-19T10:14:06,S01,20241219
S01/20241219/00016,7,P103168,2,980.21,SALE,2024-12-19T10:14:06,S01,20241219
S01/20241219/00016,8,TAX,1,1344.69,TAX,2024-12-19T10:14:06,S01,20241219
S01/20241219/00016,9,TENDER,1,13912.87,TENDER,2024-12-19T10:14:06,S01,20241219
S01/20241219/00017,1,P108067,3,640.50,SALE,2024-12-19T12:58:37,S01,20241219
S01/20241219/00017,2,P106151,1,298.42,SALE,2024-12-19T12:58:37,S01,20241219
S01/20241219/00017,3,P102794,2,416.24,SALE,2024-12-19T12:58:37,S01,20241219
S01/20241219/00017,4,P102184,2,101.58,SALE,2024-12-19T12:58:37,S01,20241219
S01/20241219/00017,5,P108191,2,309.71,SALE,2024-12-19T12:58:37,S01,20241219
S01/20241219/00017,6,P102609,1,183.47,SALE,2024-12-19T12:58:37,S01,20241219
S01/20241219/00017,7,P104478,2,18.27,SALE,2024-12-19T12:58:37,S01,20241219
S01/20241219/00017,8,TAX,1,131.94,TAX,2024-12-19T12:58:37,S01,20241219
S01/20241219/00017,9,TENDER,1,4226.93,TENDER,2024-12-19T12:58:37,S01,20241219
S01/20241219/00018,1,P100511,3,442.66,SALE,2024-12-19T14:51:22,S01,20241219
S01/20241219/00018,2,P104389,2,169.98,SALE,2024-12-19T14:51:22,S01,20241219
S01/20241219/00018,3,P107215,1,153.85,SALE,2024-12-19T14:51:22,S01,20241219
S01/20241219/00018,4,P103178,3,21.89,SALE,2024-12-19T14:51:22,S01,20241219
S01/20241219/00018,5,P107621,2,119.64,SALE,2024-12-19T14:51:22,S01,20241219
S01/20241219/00018,6,TAX,1,250.83,TAX,2024-12-19T14:51:22,S01,20241219
S01/20241219/00018,7,TENDER,1,2377.57,TENDER,2024-12-19T14:51:22,S01,20241219
S01/20241219/00019,1,P107708,2,167.35,SALE,2024-12-19T14:14:26,S01,20241219
S01/20241219/00019,2,P106865,2,299.72,SALE,2024-12-19T14:14:26,S01,20241219
S01/20241219/00019,3,P102465,1,1410.14,SALE,2024-12-19T14:14:26,S01,20241219
S01/20241219/00019,4,P103040,2,410.59,SALE,2024-12-19T14:14:26,S01,20241219
S01/20241219/00019,5,P102833,1,680.71,SALE,2024-12-19T14:14:26,S01,20241219
S01/20241219/00019,6,P105268,4,300.66,SALE,2024-12-19T14:14:26,S01,20241219
S01/20241219/00019,7,P107477,1,116.48,SALE,2024-12-19T14:14:26,S01,20241219
S01/20241219/00019,8,TAX,1,582.55,TAX,2024-12-19T14:14:26,S01,20241219
S01/20241219/00019,9,TENDER,1,5747.84,TENDER,2024-12-19T14:14:26,S01,20241219
S01/20241219/00020,1,P102546,1,74.67,SALE,2024-12-19T14:47:36,S01,20241219
S01/20241219/00020,2,P103328,2,228.35,SALE,2024-12-19T14:47:36,S01,20241219
S01/20241219/00020,3,P105845,2,121.94,SALE,2024-12-19T14:47:36,S01,20241219
S01/20241219/00020,4,TAX,1,139.55,TAX,2024-12-19T14:47:36,S01,20241219
S01/20241219/00020,5,TENDER,1,914.80,TENDER,2024-12-19T14:47:36,S01,20241219
S01/20241219/00021,1,P100784,1,319.36,SALE,2024-12-19T12:34:36,S01,20241219
S01/20241219/00021,2,P105187,1,1046.11,SALE,2024-12-19T12:34:36,S01,20241219
S01/20241219/00021,3,P106783,2,94.23,SALE,2024-12-19T12:34:36,S01,20241219
S01/20241219/00021,4,P102424,2,333.88,SALE,2024-12-19T12:34:36,S01,20241219
S01/20241219/00021,5,P106464,2,277.18,SALE,2024-12-19T12:34:36,S01,20241219
S01/20241219/00021,6,DISC,1,-168.51,DISCOUNT,2024-12-19T12:34:36,S01,20241219
S01/20241219/00021,7,TAX,1,161.71,TAX,2024-12-19T12:34:36,S01,20241219
S01/20241219/00021,8,TENDER,1,2769.25,TENDER,2024-12-19T12:34:36,S01,20241219
S01/20241219/00022,1,P104842,1,352.80,SALE,2024-12-19T20:28:28,S01,20241219
S01/20241219/00022,2,P101810,2,793.98,SALE,2024-12-19T20:28:28,S01,20241219
S01/20241219/00022,3,P104011,1,657.72,SALE,2024-12-19T20:28:28,S01,20241219
S01/20241219/00022,4,P100077,1,173.95,SALE,2024-12-19T20:28:28,S01,20241219
S01/20241219/00022,5,P101543,1,178.10,SALE,2024-12-19T20:28:28,S01,20241219
S01/20241219/00022,6,P100816,1,806.93,SALE,2024-12-19T20:28:28,S01,20241219
S01/20241219/00022,7,P108272,3,121.99,SALE,2024-12-19T20:28:28,S01,20241219
S01/20241219/00022,8,P106807,1,322.15,SALE,2024-12-19T20:28:28,S01,20241219
S01/20241219/00022,9,TAX,1,505.27,TAX,2024-12-19T20:28:28,S01,20241219
S01/20241219/00022,10,TENDER,1,4950.85,TENDER,2024-12-19T20:28:28,S01,20241219
S01/20241219/00023,1,P103861,3,57.59,SALE,2024-12-19T11:24:58,S01,20241219
S01/20241219/00023,2,P101732,1,1390.76,SALE,2024-12-19T11:24:58,S01,20241219
S01/20241219/00023,3,P100761,1,51.26,SALE,2024-12-19T11:24:58,S01,20241219
S01/20241219/00023,4,P106793,2,303.65,SALE,2024-12-19T11:24:58,S01,20241219
S01/20241219/00023,5,TAX,1,208.46,TAX,2024-12-19T11:24:58,S01,20241219
S01/20241219/00023,6,TENDER,1,2430.55,TENDER,2024-12-19T11:24:58,S01,20241219
S01/20241219/00024,1,P101384,5,42.99,SALE,2024-12-19T16:05:16,S01,20241219
S01/20241219/00024,2,P104688,2,178.09,SALE,2024-12-19T16:05:16,S01,20241219
S01/20241219/00024,3,P102947,3,59.21,SALE,2024-12-19T16:05:16,S01,20241219
S01/20241219/00024,4,P104026,2,152.97,SALE,2024-12-19T16:05:16,S01,20241219
S01/20241219/00024,5,P107799,3,751.07,SALE,2024-12-19T16:05:16,S01,20241219
S01/20241219/00024,6,P104916,3,340.18,SALE,2024-12-19T16:05:16,S01,20241219
S01/20241219/00024,7,TAX,1,340.21,TAX,2024-12-19T16:05:16,S01,20241219
S01/20241219/00024,8,TENDER,1,4668.66,TENDER,2024-12-19T16:05:16,S01,20241219
S01/20241219/00025,1,P103904,1,1081.09,SALE,2024-12-19T21:04:28,S01,20241219
S01/20241219/00025,2,P100281,1,485.13,SALE,2024-12-19T21:04:28,S01,20241219
S01/20241219/00025,3,P106009,1,372.60,SALE,2024-12-19T21:04:28,S01,20241219
S01/20241219/00025,4,P101345,3,80.74,SALE,2024-12-19T21:04:28,S01,20241219
S01/20241219/00025,5,P104334,2,294.34,SALE,2024-12-19T21:04:28,S01,20241219
S01/20241219/00025,6,TAX,1,164.57,TAX,2024-12-19T21:04:28,S01,20241219
S01/20241219/00025,7,TENDER,1,2934.29,TENDER,2024-12-19T21:04:28,S01,20241219
S01/20241219/00026,1,P106844,2,23.44,SALE,2024-12-19T19:08:35,S01,20241219
S01/20241219/00026,2,P103927,2,206.11,SALE,2024-12-19T19:08:35,S01,20241219
S01/20241219/00026,3,P108144,4,253.94,SALE,2024-12-19T19:08:35,S01,20241219
S01/20241219/00026,4,P101156,2,95.07,SALE,2024-12-19T19:08:35,S01,20241219
S01/20241219/00026,5,P104487,3,388.90,SALE,2024-12-19T19:08:35,S01,20241219
S01/20241219/00026,6,TAX,1,300.45,TAX,2024-12-19T19:08:35,S01,20241219
S01/20241219/00026,7,TENDER,1,3132.15,TENDER,2024-12-19T19:08:35,S01,20241219
S01/20241219/00027,1,P106399,2,198.14,SALE,2024-12-19T12:32:58,S01,20241219
S01/20241219/00027,2,P108110,3,16.57,SALE,2024-12-19T12:32:58,S01,20241219
S01/20241219/00027,3,P105323,1,84.67,SALE,2024-12-19T12:32:58,S01,20241219
S01/20241219/00027,4,P102375,1,509.34,SALE,2024-12-19T12:32:58,S01,20241219
S01/20241219/00027,5,TAX,1,124.68,TAX,2024-12-19T12:32:58,S01,20241219
S01/20241219/00027,6,TENDER,1,1164.68,TENDER,2024-12-19T12:32:58,S01,20241219
S01/20241219/00028,1,P102054,1,142.99,SALE,2024-12-19T12:30:56,S01,20241219
S01/20241219/00028,2,P106424,2,535.14,SALE,2024-12-19T12:30:56,S01,20241219
S01/20241219/00028,3,P101339,2,212.16,SALE,2024-12-19T12:30:56,S01,20241219
S01/20241219/00028,4,P104756,2,373.50,SALE,2024-12-19T12:30:56,S01,20241219
S01/20241219/00028,5,P103105,6,34.12,SALE,2024-12-19T12:30:56,S01,20241219
S01/20241219/00028,6,P100717,2,561.52,SALE,2024-12-19T12:30:56,S01,20241219
S01/20241219/00028,7,P104008,3,116.02,SALE,2024-12-19T12:30:56,S01,20241219
S01/20241219/00028,8,P106367,2,650.25,SALE,2024-12-19T12:30:56,S01,20241219
S01/20241219/00028,9,TAX,1,492.94,TAX,2024-12-19T12:30:56,S01,20241219
S01/20241219/00028,10,TENDER,1,5853.85,TENDER,2024-12-19T12:30:56,S01,20241219
S01/20241219/00029,1,P100717,2,561.52,SALE,2024-12-19T16:54:27,S01,20241219
S01/20241219/00029,2,P101533,2,975.60,SALE,2024-12-19T16:54:27,S01,20241219
S01/20241219/00029,3,P104417,3,332.65,SALE,2024-12-19T16:54:27,S01,20241219
S01/20241219/00029,4,P108206,1,81.62,SALE,2024-12-19T16:54:27,S01,20241219
S01/20241219/00029,5,P100528,2,595.90,SALE,2024-12-19T16:54:27,S01,20241219
S01/20241219/00029,6,P104695,3,80.54,SALE,2024-12-19T16:54:27,S01,20241219
S01/20241219/00029,7,TAX,1,568.13,TAX,2024-12-19T16:54:27,S01,20241219
S01/20241219/00029,8,TENDER,1,6155.36,TENDER,2024-12-19T16:54:27,S01,20241219
S01/20241219/00030,1,P104089,1,358.58,SALE,2024-12-19T18:19:59,S01,20241219
S01/20241219/00030,2,P107837,1,104.51,SALE,2024-12-19T18:19:59,S01,20241219
S01/20241219/00030,3,P107575,2,82.07,SALE,2024-12-19T18:19:59,S01,20241219
S01/20241219/00030,4,P104544,4,104.46,SALE,2024-12-19T18:19:59,S01,20241219
S01/20241219/00030,5,TAX,1,104.25,TAX,2024-12-19T18:19:59,S01,20241219
S01/20241219/00030,6,TENDER,1,1149.32,TENDER,2024-12-19T18:19:59,S01,20241219
S01/20241219/00031,1,P100100,2,435.38,SALE,2024-12-19T14:58:49,S01,20241219
S01/20241219/00031,2,P104277,2,128.39,SALE,2024-12-19T14:58:49,S01,20241219
S01/20241219/00031,3,P102151,2,1117.25,SALE,2024-12-19T14:58:49,S01,20241219
S01/20241219/00031,4,P104212,2,426.07,SALE,2024-12-19T14:58:49,S01,20241219
S01/20241219/00031,5,TAX,1,400.42,TAX,2024-12-19T14:58:49,S01,20241219
S01/20241219/00031,6,TENDER,1,4614.60,TENDER,2024-12-19T14:58:49,S01,20241219
S01/20241219/00032,1,P104965,6,88.50,SALE,2024-12-19T10:32:20,S01,20241219
S01/20241219/00032,2,P100609,2,75.79,SALE,2024-12-19T10:32:20,S01,20241219
S01/20241219/00032,3,P103616,4,662.98,SALE,2024-12-19T10:32:20,S01,20241219
S01/20241219/00032,4,P100959,3,339.91,SALE,2024-12-19T10:32:20,S01,20241219
S01/20241219/00032,5,P102585,2,516.36,SALE,2024-12-19T10:32:20,S01,20241219
S01/20241219/00032,6,P100057,1,233.39,SALE,2024-12-19T10:32:20,S01,20241219
S01/20241219/00032,7,TAX,1,440.53,TAX,2024-12-19T10:32:20,S01,20241219
S01/20241219/00032,8,TENDER,1,6060.87,TENDER,2024-12-19T10:32:20,S01,20241219
S01/20241219/00033,1,P105603,3,202.29,SALE,2024-12-19T14:08:06,S01,20241219
S01/20241219/00033,2,P101064,3,33.84,SALE,2024-12-19T14:08:06,S01,20241219
S01/20241219/00033,3,P100260,1,1120.33,SALE,2024-12-19T14:08:06,S01,20241219
S01/20241219/00033,4,P108162,2,257.55,SALE,2024-12-19T14:08:06,S01,20241219
S01/20241219/00033,5,P107502,6,311.85,SALE,2024-12-19T14:08:06,S01,20241219
S01/20241219/00033,6,P106997,1,42.42,SALE,2024-12-19T14:08:06,S01,20241219
S01/20241219/00033,7,TAX,1,495.15,TAX,2024-12-19T14:08:06,S01,20241219
S01/20241219/00033,8,TENDER,1,4752.49,TENDER,2024-12-19T14:08:06,S01,20241219
S01/20241219/00034,1,P103616,3,662.98,SALE,2024-12-19T16:33:02,S01,20241219
S01/20241219/00034,2,P104625,1,296.80,SALE,2024-12-19T16:33:02,S01,20241219
S01/20241219/00034,3,P100921,2,441.43,SALE,2024-12-19T16:33:02,S01,20241219
S01/20241219/00034,4,P101859,2,66.16,SALE,2024-12-19T16:33:02,S01,20241219
S01/20241219/00034,5,TAX,1,274.24,TAX,2024-12-19T16:33:02,S01,20241219
S01/20241219/00034,6,TENDER,1,3575.16,TENDER,2024-12-19T16:33:02,S01,20241219
S01/20241219/00035,1,P106388,1,1120.55,SALE,2024-12-19T17:11:26,S01,20241219
S01/20241219/00035,2,P103340,2,537.50,SALE,2024-12-19T17:11:26,S01,20241219
S01/20241219/00035,3,P108221,3,50.44,SALE,2024-12-19T17:11:26,S01,20241219
S01/20241219/00035,4,P104965,1,88.50,SALE,2024-12-19T17:11:26,S01,20241219
S01/20241219/00035,5,P101298,3,224.87,SALE,2024-12-19T17:11:26,S01,20241219
S01/20241219/00035,6,P102880,1,575.53,SALE,2024-12-19T17:11:26,S01,20241219
S01/20241219/00035,7,TAX,1,334.89,TAX,2024-12-19T17:11:26,S01,20241219
S01/20241219/00035,8,TENDER,1,4020.40,TENDER,2024-12-19T17:11:26,S01,20241219
S01/20241219/00036,1,P102880,2,575.53,SALE,2024-12-19T17:58:28,S01,20241219
S01/20241219/00036,2,P105351,2,109.14,SALE,2024-12-19T17:58:28,S01,20241219
S01/20241219/00036,3,P103259,3,298.27,SALE,2024-12-19T17:58:28,S01,20241219
S01/20241219/00036,4,P100305,2,771.81,SALE,2024-12-19T17:58:28,S01,20241219
S01/20241219/00036,5,DISC,1,-159.74,DISCOUNT,2024-12-19T17:58:28,S01,20241219
S01/20241219/00036,6,TAX,1,92.78,TAX,2024-12-19T17:58:28,S01,20241219
S01/20241219/00036,7,TENDER,1,3740.81,TENDER,2024-12-19T17:58:28,S01,20241219
S01/20241219/00037,1,P103918,1,527.10,SALE,2024-12-19T18:26:36,S01,20241219
S01/20241219/00037,2,P103811,1,778.90,SALE,2024-12-19T18:26:36,S01,20241219
S01/20241219/00037,3,P102021,1,90.22,SALE,2024-12-19T18:26:36,S01,20241219
S01/20241219/00037,4,TAX,1,37.18,TAX,2024-12-19T18:26:36,S01,20241219
S01/20241219/00037,5,TENDER,1,1433.40,TENDER,2024-12-19T18:26:36,S01,20241219
S01/20241219/00038,1,P100956,3,421.98,SALE,2024-12-19T16:45:09,S01,20241219
S01/20241219/00038,2,P100549,1,320.43,SALE,2024-12-19T16:45:09,S01,20241219
S01/20241219/00038,3,P106566,4,251.68,SALE,2024-12-19T16:45:09,S01,20241219
S01/20241219/00038,4,P107047,3,413.27,SALE,2024-12-19T16:45:09,S01,20241219
S01/20241219/00038,5,P106686,1,324.48,SALE,2024-12-19T16:45:09,S01,20241219
S01/20241219/00038,6,TAX,1,447.96,TAX,2024-12-19T16:45:09,S01,20241219
S01/20241219/00038,7,TENDER,1,4605.34,TENDER,2024-12-19T16:45:09,S01,20241219
S01/20241219/00039,1,P102067,2,181.50,SALE,2024-12-19T15:48:15,S01,20241219
S01/20241219/00039,2,P100511,3,442.66,SALE,2024-12-19T15:48:15,S01,20241219
S01/20241219/00039,3,P104820,4,207.26,SALE,2024-12-19T15:48:15,S01,20241219
S01/20241219/00039,4,P104168,1,512.27,SALE,2024-12-19T15:48:15,S01,20241219
S01/20241219/00039,5,P101876,3,68.16,SALE,2024-12-19T15:48:15,S01,20241219
S01/20241219/00039,6,P102903,2,51.46,SALE,2024-12-19T15:48:15,S01,20241219
S01/20241219/00039,7,TAX,1,381.10,TAX,2024-12-19T15:48:15,S01,20241219
S01/20241219/00039,8,TENDER,1,3720.79,TENDER,2024-12-19T15:48:15,S01,20241219
S01/20241219/00040,1,P104123,2,432.72,SALE,2024-12-19T13:17:11,S01,20241219
S01/20241219/00040,2,P106679,4,181.66,SALE,2024-12-19T13:17:11,S01,20241219
S01/20241219/00040,3,P104155,1,144.69,SALE,2024-12-19T13:17:11,S01,20241219
S01/20241219/00040,4,P107414,3,565.57,SALE,2024-12-19T13:17:11,S01,20241219
S01/20241219/00040,5,TAX,1,188.69,TAX,2024-12-19T13:17:11,S01,20241219
S01/20241219/00040,6,TENDER,1,3622.17,TENDER,2024-12-19T13:17:11,S01,20241219
S01/20241219/00041,1,P107145,3,235.69,SALE,2024-12-19T12:04:06,S01,20241219
S01/20241219/00041,2,P106776,1,445.40,SALE,2024-12-19T12:04:06,S01,20241219
S01/20241219/00041,3,P102184,2,101.58,SALE,2024-12-19T12:04:06,S01,20241219
S01/20241219/00041,4,P103682,3,372.67,SALE,2024-12-19T12:04:06,S01,20241219
S01/20241219/00041,5,TAX,1,344.93,TAX,2024-12-19T12:04:06,S01,20241219
S01/20241219/00041,6,TENDER,1,2818.57,TENDER,2024-12-19T12:04:06,S01,20241219
S01/20241219/00042,1,P102811,2,199.78,SALE,2024-12-19T17:19:47,S01,20241219
S01/20241219/00042,2,P106550,1,29.54,SALE,2024-12-19T17:19:47,S01,20241219
S01/20241219/00042,3,P103538,1,265.96,SALE,2024-12-19T17:19:47,S01,20241219
S01/20241219/00042,4,TAX,1,38.59,TAX,2024-12-19T17:19:47,S01,20241219
S01/20241219/00042,5,TENDER,1,733.65,TENDER,2024-12-19T17:19:47,S01,20241219
S01/20241219/00043,1,P107973,1,271.93,SALE,2024-12-19T20:57:33,S01,20241219
S01/20241219/00043,2,P103316,1,1774.02,SALE,2024-12-19T20:57:33,S01,20241219
S01/20241219/00043,3,P102559,4,86.19,SALE,2024-12-19T20:57:33,S01,20241219
S01/20241219/00043,4,P105268,4,300.66,SALE,2024-12-19T20:57:33,S01,20241219
S01/20241219/00043,5,P101530,1,576.50,SALE,2024-12-19T20:57:33,S01,20241219
S01/20241219/00043,6,TAX,1,563.96,TAX,2024-12-19T20:57:33,S01,20241219
S01/20241219/00043,7,TENDER,1,4733.81,TENDER,2024-12-19T20:57:33,S01,20241219
S01/20241219/00044,1,P102735,4,534.08,SALE,2024-12-19T21:35:40,S01,20241219
S01/20241219/00044,2,P100555,1,435.03,SALE,2024-12-19T21:35:40,S01,20241219
S01/20241219/00044,3,P103552,2,125.20,SALE,2024-12-19T21:35:40,S01,20241219
S01/20241219/00044,4,TAX,1,462.84,TAX,2024-12-19T21:35:40,S01,20241219
S01/20241219/00044,5,TENDER,1,3284.59,TENDER,2024-12-19T21:35:40,S01,20241219
S01/20241219/00045,1,P101732,2,1390.76,SALE,2024-12-19T13:09:55,S01,20241219
S01/20241219/00045,2,P100172,1,205.47,SALE,2024-12-19T13:09:55,S01,20241219
S01/20241219/00045,3,TAX,1,344.06,TAX,2024-12-19T13:09:55,S01,20241219
S01/20241219/00045,4,TENDER,1,3331.05,TENDER,2024-12-19T13:09:55,S01,20241219
S01/20241219/00046,1,P105589,3,90.25,SALE,2024-12-19T20:12:44,S01,20241219
S01/20241219/00046,2,P107555,1,1314.43,SALE,2024-12-19T20:12:44,S01,20241219
S01/20241219/00046,3,P106907,4,321.26,SALE,2024-12-19T20:12:44,S01,20241219
S01/20241219/00046,4,P107422,2,212.92,SALE,2024-12-19T20:12:44,S01,20241219
S01/20241219/00046,5,P100326,2,47.79,SALE,2024-12-19T20:12:44,S01,20241219
S01/20241219/00046,6,DISC,1,-213.75,DISCOUNT,2024-12-19T20:12:44,S01,20241219
S01/20241219/00046,7,TAX,1,81.73,TAX,2024-12-19T20:12:44,S01,20241219
S01/20241219/00046,8,TENDER,1,3259.62,TENDER,2024-12-19T20:12:44,S01,20241219
S01/20241219/00047,1,P101955,1,364.45,SALE,2024-12-19T17:08:17,S01,20241219
S01/20241219/00047,2,TAX,1,65.60,TAX,2024-12-19T17:08:17,S01,20241219
S01/20241219/00047,3,TENDER,1,430.05,TENDER,2024-12-19T17:08:17,S01,20241219
S01/20241219/00048,1,P100924,1,50.37,SALE,2024-12-19T16:40:50,S01,20241219
S01/20241219/00048,2,P102531,3,160.54,SALE,2024-12-19T16:40:50,S01,20241219
S01/20241219/00048,3,P100904,4,68.79,SALE,2024-12-19T16:40:50,S01,20241219
S01/20241219/00048,4,TAX,1,116.39,TAX,2024-12-19T16:40:50,S01,20241219
S01/20241219/00048,5,TENDER,1,923.54,TENDER,2024-12-19T16:40:50,S01,20241219
S01/20241220/00001,1,P102021,2,90.22,SALE,2024-12-20T08:17:12,S01,20241220
S01/20241220/00001,2,P107012,4,109.16,SALE,2024-12-20T08:17:12,S01,20241220
S01/20241220/00001,3,DISC,1,-51.13,DISCOUNT,2024-12-20T08:17:12,S01,20241220
S01/20241220/00001,4,TAX,1,39.88,TAX,2024-12-20T08:17:12,S01,20241220
S01/20241220/00001,5,TENDER,1,605.83,TENDER,2024-12-20T08:17:12,S01,20241220
S01/20241220/00002,1,P104784,2,370.89,SALE,2024-12-20T16:32:37,S01,20241220
S01/20241220/00002,2,P102993,2,318.19,SALE,2024-12-20T16:32:37,S01,20241220
S01/20241220/00002,3,P106454,3,127.35,SALE,2024-12-20T16:32:37,S01,20241220
S01/20241220/00002,4,P107226,2,88.38,SALE,2024-12-20T16:32:37,S01,20241220
S01/20241220/00002,5,P106288,1,48.38,SALE,2024-12-20T16:32:37,S01,20241220
S01/20241220/00002,6,P106072,1,78.69,SALE,2024-12-20T16:32:37,S01,20241220
S01/20241220/00002,7,DISC,1,-198.83,DISCOUNT,2024-12-20T16:32:37,S01,20241220
S01/20241220/00002,8,TAX,1,165.93,TAX,2024-12-20T16:32:37,S01,20241220
S01/20241220/00002,9,TENDER,1,2031.14,TENDER,2024-12-20T16:32:37,S01,20241220
S01/20241220/00003,1,P106200,3,119.89,SALE,2024-12-20T20:45:16,S01,20241220
S01/20241220/00003,2,P101751,1,477.38,SALE,2024-12-20T20:45:16,S01,20241220
S01/20241220/00003,3,P106405,2,40.51,SALE,2024-12-20T20:45:16,S01,20241220
S01/20241220/00003,4,P106454,1,127.35,SALE,2024-12-20T20:45:16,S01,20241220
S01/20241220/00003,5,P100682,2,337.76,SALE,2024-12-20T20:45:16,S01,20241220
S01/20241220/00003,6,P100869,3,68.37,SALE,2024-12-20T20:45:16,S01,20241220
S01/20241220/00003,7,P105369,1,143.76,SALE,2024-12-20T20:45:16,S01,20241220
S01/20241220/00003,8,TAX,1,281.59,TAX,2024-12-20T20:45:16,S01,20241220
S01/20241220/00003,9,TENDER,1,2351.40,TENDER,2024-12-20T20:45:16,S01,20241220
S01/20241220/00004,1,P100791,4,46.20,SALE,2024-12-20T16:38:26,S01,20241220
S01/20241220/00004,2,P104789,3,67.52,SALE,2024-12-20T16:38:26,S01,20241220
S01/20241220/00004,3,P100140,1,58.05,SALE,2024-12-20T16:38:26,S01,20241220
S01/20241220/00004,4,TAX,1,19.69,TAX,2024-12-20T16:38:26,S01,20241220
S01/20241220/00004,5,TENDER,1,465.10,TENDER,2024-12-20T16:38:26,S01,20241220
S01/20241220/00005,1,P103340,1,537.50,SALE,2024-12-20T16:03:43,S01,20241220
S01/20241220/00005,2,P101949,3,857.51,SALE,2024-12-20T16:03:43,S01,20241220
S01/20241220/00005,3,P104909,3,363.10,SALE,2024-12-20T16:03:43,S01,20241220
S01/20241220/00005,4,P105695,3,158.81,SALE,2024-12-20T16:03:43,S01,20241220
S01/20241220/00005,5,P107609,3,108.46,SALE,2024-12-20T16:03:43,S01,20241220
S01/20241220/00005,6,P101421,3,119.60,SALE,2024-12-20T16:03:43,S01,20241220
S01/20241220/00005,7,TAX,1,372.35,TAX,2024-12-20T16:03:43,S01,20241220
S01/20241220/00005,8,TENDER,1,5732.29,TENDER,2024-12-20T16:03:43,S01,20241220
S01/20241220/00006,1,P105252,3,12.09,SALE,2024-12-20T13:50:42,S01,20241220
S01/20241220/00006,2,P102112,3,389.72,SALE,2024-12-20T13:50:42,S01,20241220
S01/20241220/00006,3,P103994,2,148.39,SALE,2024-12-20T13:50:42,S01,20241220
S01/20241220/00006,4,P105901,2,80.48,SALE,2024-12-20T13:50:42,S01,20241220
S01/20241220/00006,5,P103766,4,212.45,SALE,2024-12-20T13:50:42,S01,20241220
S01/20241220/00006,6,P105997,2,124.60,SALE,2024-12-20T13:50:42,S01,20241220
S01/20241220/00006,7,TAX,1,221.09,TAX,2024-12-20T13:50:42,S01,20241220
S01/20241220/00006,8,TENDER,1,2983.26,TENDER,2024-12-20T13:50:42,S01,20241220
S01/20241220/00007,1,P100850,2,172.84,SALE,2024-12-20T16:58:39,S01,20241220
S01/20241220/00007,2,P104175,2,814.13,SALE,2024-12-20T16:58:39,S01,20241220
S01/20241220/00007,3,P100494,1,67.32,SALE,2024-12-20T16:58:39,S01,20241220
S01/20241220/00007,4,P106297,2,169.05,SALE,2024-12-20T16:58:39,S01,20241220
S01/20241220/00007,5,TAX,1,114.46,TAX,2024-12-20T16:58:39,S01,20241220
S01/20241220/00007,6,TENDER,1,2493.82,TENDER,2024-12-20T16:58:39,S01,20241220
S01/20241220/00008,1,P104844,2,553.13,SALE,2024-12-20T18:40:25,S01,20241220
S01/20241220/00008,2,P102485,3,208.13,SALE,2024-12-20T18:40:25,S01,20241220
S01/20241220/00008,3,P108026,2,103.54,SALE,2024-12-20T18:40:25,S01,20241220
S01/20241220/00008,4,P101674,3,387.70,SALE,2024-12-20T18:40:25,S01,20241220
S01/20241220/00008,5,P106710,4,98.77,SALE,2024-12-20T18:40:25,S01,20241220
S01/20241220/00008,6,P100239,1,360.16,SALE,2024-12-20T18:40:25,S01,20241220
S01/20241220/00008,7,P100281,5,485.13,SALE,2024-12-20T18:40:25,S01,20241220
S01/20241220/00008,8,TAX,1,568.78,TAX,2024-12-20T18:40:25,S01,20241220
S01/20241220/00008,9,TENDER,1,6850.50,TENDER,2024-12-20T18:40:25,S01,20241220
S01/20241220/00009,1,P100281,3,485.13,SALE,2024-12-20T22:44:56,S01,20241220
S01/20241220/00009,2,P106443,1,52.87,SALE,2024-12-20T22:44:56,S01,20241220
S01/20241220/00009,3,P104121,2,131.32,SALE,2024-12-20T22:44:56,S01,20241220
S01/20241220/00009,4,P104567,2,141.21,SALE,2024-12-20T22:44:56,S01,20241220
S01/20241220/00009,5,P105868,1,68.91,SALE,2024-12-20T22:44:56,S01,20241220
S01/20241220/00009,6,P107686,1,347.22,SALE,2024-12-20T22:44:56,S01,20241220
S01/20241220/00009,7,P108174,1,235.92,SALE,2024-12-20T22:44:56,S01,20241220
S01/20241220/00009,8,P102290,4,587.69,SALE,2024-12-20T22:44:56,S01,20241220
S01/20241220/00009,9,P100239,2,360.16,SALE,2024-12-20T22:44:56,S01,20241220
S01/20241220/00009,10,TAX,1,602.85,TAX,2024-12-20T22:44:56,S01,20241220
S01/20241220/00009,11,TENDER,1,6379.30,TENDER,2024-12-20T22:44:56,S01,20241220
S01/20241220/00010,1,P102296,3,48.88,SALE,2024-12-20T10:22:49,S01,20241220
S01/20241220/00010,2,P104965,3,88.50,SALE,2024-12-20T10:22:49,S01,20241220
S01/20241220/00010,3,P104242,2,308.27,SALE,2024-12-20T10:22:49,S01,20241220
S01/20241220/00010,4,P105733,1,151.69,SALE,2024-12-20T10:22:49,S01,20241220
S01/20241220/00010,5,P102139,1,1710.06,SALE,2024-12-20T10:22:49,S01,20241220
S01/20241220/00010,6,TAX,1,226.46,TAX,2024-12-20T10:22:49,S01,20241220
S01/20241220/00010,7,TENDER,1,3116.89,TENDER,2024-12-20T10:22:49,S01,20241220
S01/20241220/00011,1,P102735,5,534.08,SALE,2024-12-20T11:48:40,S01,20241220
S01/20241220/00011,2,P103105,1,34.12,SALE,2024-12-20T11:48:40,S01,20241220
S01/20241220/00011,3,TAX,1,486.81,TAX,2024-12-20T11:48:40,S01,20241220
S01/20241220/00011,4,TENDER,1,3191.33,TENDER,2024-12-20T11:48:40,S01,20241220
S01/20241220/00012,1,P102664,2,261.47,SALE,2024-12-20T14:53:23,S01,20241220
S01/20241220/00012,2,P104401,1,207.51,SALE,2024-12-20T14:53:23,S01,20241220
S01/20241220/00012,3,P105003,3,323.64,SALE,2024-12-20T14:53:23,S01,20241220
S01/20241220/00012,4,P105030,1,224.07,SALE,2024-12-20T14:53:23,S01,20241220
S01/20241220/00012,5,P107775,2,737.39,SALE,2024-12-20T14:53:23,S01,20241220
S01/20241220/00012,6,DISC,1,-344.20,DISCOUNT,2024-12-20T14:53:23,S01,20241220
S01/20241220/00012,7,TAX,1,366.58,TAX,2024-12-20T14:53:23,S01,20241220
S01/20241220/00012,8,TENDER,1,3422.60,TENDER,2024-12-20T14:53:23,S01,20241220
S01/20241220/00013,1,P104628,2,196.55,SALE,2024-12-20T19:57:22,S01,20241220
S01/20241220/00013,2,P101681,3,139.09,SALE,2024-12-20T19:57:22,S01,20241220
S01/20241220/00013,3,P105695,2,158.81,SALE,2024-12-20T19:57:22,S01,20241220
S01/20241220/00013,4,P104950,2,91.01,SALE,2024-12-20T19:57:22,S01,20241220
S01/20241220/00013,5,P103654,2,481.76,SALE,2024-12-20T19:57:22,S01,20241220
S01/20241220/00013,6,DISC,1,-120.74,DISCOUNT,2024-12-20T19:57:22,S01,20241220
S01/20241220/00013,7,TAX,1,206.09,TAX,2024-12-20T19:57:22,S01,20241220
S01/20241220/00013,8,TENDER,1,2358.88,TENDER,2024-12-20T19:57:22,S01,20241220
S01/20241220/00014,1,P105547,3,431.77,SALE,2024-12-20T13:31:48,S01,20241220
S01/20241220/00014,2,P104872,4,132.45,SALE,2024-12-20T13:31:48,S01,20241220
S01/20241220/00014,3,P102933,2,610.87,SALE,2024-12-20T13:31:48,S01,20241220
S01/20241220/00014,4,P107145,1,235.69,SALE,2024-12-20T13:31:48,S01,20241220
S01/20241220/00014,5,P105729,4,75.27,SALE,2024-12-20T13:31:48,S01,20241220
S01/20241220/00014,6,P103281,5,172.43,SALE,2024-12-20T13:31:48,S01,20241220
S01/20241220/00014,7,P101356,3,1264.05,SALE,2024-12-20T13:31:48,S01,20241220
S01/20241220/00014,8,TAX,1,792.89,TAX,2024-12-20T13:31:48,S01,20241220
S01/20241220/00014,9,TENDER,1,9030.81,TENDER,2024-12-20T13:31:48,S01,20241220
S01/20241220/00015,1,P107393,3,469.90,SALE,2024-12-20T14:38:38,S01,20241220
S01/20241220/00015,2,P102738,4,236.55,SALE,2024-12-20T14:38:38,S01,20241220
S01/20241220/00015,3,P107920,1,109.22,SALE,2024-12-20T14:38:38,S01,20241220
S01/20241220/00015,4,P107409,2,486.68,SALE,2024-12-20T14:38:38,S01,20241220
S01/20241220/00015,5,TAX,1,351.04,TAX,2024-12-20T14:38:38,S01,20241220
S01/20241220/00015,6,TENDER,1,3789.52,TENDER,2024-12-20T14:38:38,S01,20241220
S01/20241220/00016,1,P106718,2,525.27,SALE,2024-12-20T14:42:40,S01,20241220
S01/20241220/00016,2,P102768,3,158.73,SALE,2024-12-20T14:42:40,S01,20241220
S01/20241220/00016,3,P101543,1,178.10,SALE,2024-12-20T14:42:40,S01,20241220
S01/20241220/00016,4,TAX,1,306.87,TAX,2024-12-20T14:42:40,S01,20241220
S01/20241220/00016,5,TENDER,1,2011.70,TENDER,2024-12-20T14:42:40,S01,20241220
S01/20241220/00017,1,P104266,1,431.11,SALE,2024-12-20T15:26:42,S01,20241220
S01/20241220/00017,2,P105155,1,350.84,SALE,2024-12-20T15:26:42,S01,20241220
S01/20241220/00017,3,P104587,3,252.25,SALE,2024-12-20T15:26:42,S01,20241220
S01/20241220/00017,4,P104168,1,512.27,SALE,2024-12-20T15:26:42,S01,20241220
S01/20241220/00017,5,TAX,1,158.59,TAX,2024-12-20T15:26:42,S01,20241220
S01/20241220/00017,6,TENDER,1,2209.56,TENDER,2024-12-20T15:26:42,S01,20241220
S01/20241220/00018,1,P107330,4,134.92,SALE,2024-12-20T14:52:26,S01,20241220
S01/20241220/00018,2,P103620,1,436.11,SALE,2024-12-20T14:52:26,S01,20241220
S01/20241220/00018,3,P100864,4,208.63,SALE,2024-12-20T14:52:26,S01,20241220
S01/20241220/00018,4,P104670,2,108.77,SALE,2024-12-20T14:52:26,S01,20241220
S01/20241220/00018,5,P106735,1,320.99,SALE,2024-12-20T14:52:26,S01,20241220
S01/20241220/00018,6,P103693,2,102.71,SALE,2024-12-20T14:52:26,S01,20241220
S01/20241220/00018,7,P104226,1,303.01,SALE,2024-12-20T14:52:26,S01,20241220
S01/20241220/00018,8,P102311,2,308.69,SALE,2024-12-20T14:52:26,S01,20241220
S01/20241220/00018,9,TAX,1,375.16,TAX,2024-12-20T14:52:26,S01,20241220
S01/20241220/00018,10,TENDER,1,3849.81,TENDER,2024-12-20T14:52:26,S01,20241220
S01/20241220/00019,1,P107960,1,1191.78,SALE,2024-12-20T10:45:48,S01,20241220
S01/20241220/00019,2,P102091,1,87.97,SALE,2024-12-20T10:45:48,S01,20241220
S01/20241220/00019,3,P103465,2,32.05,SALE,2024-12-20T10:45:48,S01,20241220
S01/20241220/00019,4,P100255,3,1250.31,SALE,2024-12-20T10:45:48,S01,20241220
S01/20241220/00019,5,TAX,1,342.10,TAX,2024-12-20T10:45:48,S01,20241220
S01/20241220/00019,6,TENDER,1,5436.88,TENDER,2024-12-20T10:45:48,S01,20241220
S01/20241220/00020,1,P105684,1,1114.27,SALE,2024-12-20T17:35:07,S01,20241220
S01/20241220/00020,2,P106865,4,299.72,SALE,2024-12-20T17:35:07,S01,20241220
S01/20241220/00020,3,P107784,2,245.59,SALE,2024-12-20T17:35:07,S01,20241220
S01/20241220/00020,4,P100761,1,51.26,SALE,2024-12-20T17:35:07,S01,20241220
S01/20241220/00020,5,P101515,2,60.18,SALE,2024-12-20T17:35:07,S01,20241220
S01/20241220/00020,6,P101864,3,112.21,SALE,2024-12-20T17:35:07,S01,20241220
S01/20241220/00020,7,P105897,3,249.03,SALE,2024-12-20T17:35:07,S01,20241220
S01/20241220/00020,8,P100904,1,68.79,SALE,2024-12-20T17:35:07,S01,20241220
S01/20241220/00020,9,P107301,6,945.94,SALE,2024-12-20T17:35:07,S01,20241220
S01/20241220/00020,10,P101533,1,975.60,SALE,2024-12-20T17:35:07,S01,20241220
S01/20241220/00020,11,TAX,1,612.71,TAX,2024-12-20T17:35:07,S01,20241220
S01/20241220/00020,12,TENDER,1,11392.41,TENDER,2024-12-20T17:35:07,S01,20241220
S01/20241220/00021,1,P103542,1,398.89,SALE,2024-12-20T17:40:38,S01,20241220
S01/20241220/00021,2,P102761,3,170.84,SALE,2024-12-20T17:40:38,S01,20241220
S01/20241220/00021,3,P101292,1,380.75,SALE,2024-12-20T17:40:38,S01,20241220
S01/20241220/00021,4,P103074,1,52.85,SALE,2024-12-20T17:40:38,S01,20241220
S01/20241220/00021,5,P101470,1,196.94,SALE,2024-12-20T17:40:38,S01,20241220
S01/20241220/00021,6,P107327,3,1138.42,SALE,2024-12-20T17:40:38,S01,20241220
S01/20241220/00021,7,P104358,4,1243.57,SALE,2024-12-20T17:40:38,S01,20241220
S01/20241220/00021,8,TAX,1,673.33,TAX,2024-12-20T17:40:38,S01,20241220
S01/20241220/00021,9,TENDER,1,10604.82,TENDER,2024-12-20T17:40:38,S01,20241220
S01/20241220/00022,1,P105729,2,75.27,SALE,2024-12-20T16:29:23,S01,20241220
S01/20241220/00022,2,P106300,3,425.27,SALE,2024-12-20T16:29:23,S01,20241220
S01/20241220/00022,3,P106592,1,815.90,SALE,2024-12-20T16:29:23,S01,20241220
S01/20241220/00022,4,P107089,2,208.86,SALE,2024-12-20T16:29:23,S01,20241220
S01/20241220/00022,5,DISC,1,-88.54,DISCOUNT,2024-12-20T16:29:23,S01,20241220
S01/20241220/00022,6,TAX,1,233.82,TAX,2024-12-20T16:29:23,S01,20241220
S01/20241220/00022,7,TENDER,1,2805.25,TENDER,2024-12-20T16:29:23,S01,20241220
S01/20241220/00023,1,P104944,2,54.97,SALE,2024-12-20T17:55:44,S01,20241220
S01/20241220/00023,2,P102626,2,416.91,SALE,2024-12-20T17:55:44,S01,20241220
S01/20241220/00023,3,P106900,1,179.85,SALE,2024-12-20T17:55:44,S01,20241220
S01/20241220/00023,4,P106891,3,642.78,SALE,2024-12-20T17:55:44,S01,20241220
S01/20241220/00023,5,TAX,1,225.26,TAX,2024-12-20T17:55:44,S01,20241220
S01/20241220/00023,6,TENDER,1,3277.21,TENDER,2024-12-20T17:55:44,S01,20241220
S01/20241220/00024,1,P103372,-2,46.55,RETURN,2024-12-20T16:26:31,S01,20241220
S01/20241220/00024,2,P100156,-1,1528.63,RETURN,2024-12-20T16:26:31,S01,20241220
S01/20241220/00024,3,P101492,-4,113.44,RETURN,2024-12-20T16:26:31,S01,20241220
S01/20241220/00024,4,P102151,-3,1117.25,RETURN,2024-12-20T16:26:31,S01,20241220
S01/20241220/00024,5,P107795,-3,284.47,RETURN,2024-12-20T16:26:31,S01,20241220
S01/20241220/00024,6,P101152,-3,490.05,RETURN,2024-12-20T16:26:31,S01,20241220
S01/20241220/00024,7,P107564,-1,325.35,RETURN,2024-12-20T16:26:31,S01,20241220
S01/20241220/00024,8,P104219,-4,249.74,RETURN,2024-12-20T16:26:31,S01,20241220
S01/20241220/00024,9,TAX,1,-791.98,TAX,2024-12-20T16:26:31,S01,20241220
S01/20241220/00024,10,TENDER,1,-9867.09,TENDER,2024-12-20T16:26:31,S01,20241220
S01/20241220/00025,1,P100555,1,435.03,SALE,2024-12-20T14:19:33,S01,20241220
S01/20241220/00025,2,P101825,2,183.68,SALE,2024-12-20T14:19:33,S01,20241220
S01/20241220/00025,3,P104909,1,363.10,SALE,2024-12-20T14:19:33,S01,20241220
S01/20241220/00025,4,P104081,2,652.80,SALE,2024-12-20T14:19:33,S01,20241220
S01/20241220/00025,5,P106648,2,339.01,SALE,2024-12-20T14:19:33,S01,20241220
S01/20241220/00025,6,P105009,1,65.38,SALE,2024-12-20T14:19:33,S01,20241220
S01/20241220/00025,7,TAX,1,142.34,TAX,2024-12-20T14:19:33,S01,20241220
S01/20241220/00025,8,TENDER,1,3356.83,TENDER,2024-12-20T14:19:33,S01,20241220
S01/20241220/00026,1,P106004,2,137.38,SALE,2024-12-20T17:37:34,S01,20241220
S01/20241220/00026,2,P101242,2,92.35,SALE,2024-12-20T17:37:34,S01,20241220
S01/20241220/00026,3,P103712,3,481.86,SALE,2024-12-20T17:37:34,S01,20241220
S01/20241220/00026,4,TAX,1,220.45,TAX,2024-12-20T17:37:34,S01,20241220
S01/20241220/00026,5,TENDER,1,2125.49,TENDER,2024-12-20T17:37:34,S01,20241220
S01/20241220/00027,1,P103811,3,778.90,SALE,2024-12-20T13:07:20,S01,20241220
S01/20241220/00027,2,P108159,2,488.81,SALE,2024-12-20T13:07:20,S01,20241220
S01/20241220/00027,3,TAX,1,0.00,TAX,2024-12-20T13:07:20,S01,20241220
S01/20241220/00027,4,TENDER,1,3314.32,TENDER,2024-12-20T13:07:20,S01,20241220
S01/20241220/00028,1,P106720,2,126.28,SALE,2024-12-20T18:27:05,S01,20241220
S01/20241220/00028,2,P103999,2,120.61,SALE,2024-12-20T18:27:05,S01,20241220
S01/20241220/00028,3,P103484,2,109.59,SALE,2024-12-20T18:27:05,S01,20241220
S01/20241220/00028,4,TAX,1,96.97,TAX,2024-12-20T18:27:05,S01,20241220
S01/20241220/00028,5,TENDER,1,809.93,TENDER,2024-12-20T18:27:05,S01,20241220
S01/20241220/00029,1,P103050,1,569.48,SALE,2024-12-20T16:25:34,S01,20241220
S01/20241220/00029,2,P101359,5,49.69,SALE,2024-12-20T16:25:34,S01,20241220
S01/20241220/00029,3,P102868,4,471.29,SALE,2024-12-20T16:25:34,S01,20241220
S01/20241220/00029,4,DISC,1,-215.38,DISCOUNT,2024-12-20T16:25:34,S01,20241220
S01/20241220/00029,5,TAX,1,353.45,TAX,2024-12-20T16:25:34,S01,20241220
S01/20241220/00029,6,TENDER,1,2841.16,TENDER,2024-12-20T16:25:34,S01,20241220
S01/20241220/00030,1,P105720,2,69.64,SALE,2024-12-20T22:11:22,S01,20241220
S01/20241220/00030,2,P101470,1,196.94,SALE,2024-12-20T22:11:22,S01,20241220
S01/20241220/00030,3,P102664,2,261.47,SALE,2024-12-20T22:11:22,S01,20241220
S01/20241220/00030,4,TAX,1,94.13,TAX,2024-12-20T22:11:22,S01,20241220
S01/20241220/00030,5,TENDER,1,953.29,TENDER,2024-12-20T22:11:22,S01,20241220
S01/20241220/00031,1,P102263,3,116.79,SALE,2024-12-20T07:55:33,S01,20241220
S01/20241220/00031,2,P100066,3,251.22,SALE,2024-12-20T07:55:33,S01,20241220
S01/20241220/00031,3,P102112,1,389.72,SALE,2024-12-20T07:55:33,S01,20241220
S01/20241220/00031,4,P106277,2,416.62,SALE,2024-12-20T07:55:33,S01,20241220
S01/20241220/00031,5,P100438,3,66.55,SALE,2024-12-20T07:55:33,S01,20241220
S01/20241220/00031,6,TAX,1,276.11,TAX,2024-12-20T07:55:33,S01,20241220
S01/20241220/00031,7,TENDER,1,2802.75,TENDER,2024-12-20T07:55:33,S01,20241220
S01/20241220/00032,1,P104277,3,128.39,SALE,2024-12-20T13:36:54,S01,20241220
S01/20241220/00032,2,P103461,3,109.46,SALE,2024-12-20T13:36:54,S01,20241220
S01/20241220/00032,3,DISC,1,-21.56,DISCOUNT,2024-12-20T13:36:54,S01,20241220
S01/20241220/00032,4,TAX,1,83.04,TAX,2024-12-20T13:36:54,S01,20241220
S01/20241220/00032,5,TENDER,1,775.03,TENDER,2024-12-20T13:36:54,S01,20241220
S01/20241220/00033,1,P108060,2,217.09,SALE,2024-12-20T11:56:35,S01,20241220
S01/20241220/00033,2,P106027,2,1548.23,SALE,2024-12-20T11:56:35,S01,20241220
S01/20241220/00033,3,P103062,2,173.63,SALE,2024-12-20T11:56:35,S01,20241220
S01/20241220/00033,4,TAX,1,95.52,TAX,2024-12-20T11:56:35,S01,20241220
S01/20241220/00033,5,TENDER,1,3973.42,TENDER,2024-12-20T11:56:35,S01,20241220
S01/20241220/00034,1,P108131,3,627.37,SALE,2024-12-20T13:14:25,S01,20241220
S01/20241220/00034,2,P107346,1,449.29,SALE,2024-12-20T13:14:25,S01,20241220
S01/20241220/00034,3,P102371,2,59.77,SALE,2024-12-20T13:14:25,S01,20241220
S01/20241220/00034,4,P106877,2,1085.30,SALE,2024-12-20T13:14:25,S01,20241220
S01/20241220/00034,5,TAX,1,116.57,TAX,2024-12-20T13:14:25,S01,20241220
S01/20241220/00034,6,TENDER,1,4738.11,TENDER,2024-12-20T13:14:25,S01,20241220
S01/20241220/00035,1,P101419,1,202.93,SALE,2024-12-20T19:08:15,S01,20241220
S01/20241220/00035,2,P103389,3,239.67,SALE,2024-12-20T19:08:15,S01,20241220
S01/20241220/00035,3,P106098,3,334.84,SALE,2024-12-20T19:08:15,S01,20241220
S01/20241220/00035,4,P104811,2,108.16,SALE,2024-12-20T19:08:15,S01,20241220
S01/20241220/00035,5,P101384,1,42.99,SALE,2024-12-20T19:08:15,S01,20241220
S01/20241220/00035,6,P102248,3,22.39,SALE,2024-12-20T19:08:15,S01,20241220
S01/20241220/00035,7,TAX,1,315.40,TAX,2024-12-20T19:08:15,S01,20241220
S01/20241220/00035,8,TENDER,1,2568.34,TENDER,2024-12-20T19:08:15,S01,20241220
S01/20241220/00036,1,P107072,1,75.15,SALE,2024-12-20T14:01:54,S01,20241220
S01/20241220/00036,2,P107292,2,343.14,SALE,2024-12-20T14:01:54,S01,20241220
S01/20241220/00036,3,P101660,1,193.14,SALE,2024-12-20T14:01:54,S01,20241220
S01/20241220/00036,4,P100183,3,1466.16,SALE,2024-12-20T14:01:54,S01,20241220
S01/20241220/00036,5,P101101,3,74.25,SALE,2024-12-20T14:01:54,S01,20241220
S01/20241220/00036,6,P102129,2,241.90,SALE,2024-12-20T14:01:54,S01,20241220
S01/20241220/00036,7,P102682,2,95.00,SALE,2024-12-20T14:01:54,S01,20241220
S01/20241220/00036,8,TAX,1,680.25,TAX,2024-12-20T14:01:54,S01,20241220
S01/20241220/00036,9,TENDER,1,6929.85,TENDER,2024-12-20T14:01:54,S01,20241220
S01/20241220/00037,1,P108082,2,236.40,SALE,2024-12-20T10:04:31,S01,20241220
S01/20241220/00037,2,P107119,2,18.29,SALE,2024-12-20T10:04:31,S01,20241220
S01/20241220/00037,3,P105511,1,341.13,SALE,2024-12-20T10:04:31,S01,20241220
S01/20241220/00037,4,P106534,4,96.00,SALE,2024-12-20T10:04:31,S01,20241220
S01/20241220/00037,5,P101106,3,500.01,SALE,2024-12-20T10:04:31,S01,20241220
S01/20241220/00037,6,TAX,1,297.21,TAX,2024-12-20T10:04:31,S01,20241220
S01/20241220/00037,7,TENDER,1,3031.75,TENDER,2024-12-20T10:04:31,S01,20241220
S01/20241220/00038,1,P101242,1,92.35,SALE,2024-12-20T20:30:45,S01,20241220
S01/20241220/00038,2,P105127,3,77.13,SALE,2024-12-20T20:30:45,S01,20241220
S01/20241220/00038,3,P105400,1,53.13,SALE,2024-12-20T20:30:45,S01,20241220
S01/20241220/00038,4,P102290,3,587.69,SALE,2024-12-20T20:30:45,S01,20241220
S01/20241220/00038,5,P100640,2,379.48,SALE,2024-12-20T20:30:45,S01,20241220
S01/20241220/00038,6,P104478,2,18.27,SALE,2024-12-20T20:30:45,S01,20241220
S01/20241220/00038,7,P103137,2,218.09,SALE,2024-12-20T20:30:45,S01,20241220
S01/20241220/00038,8,P100621,3,134.28,SALE,2024-12-20T20:30:45,S01,20241220
S01/20241220/00038,9,P103118,1,47.89,SALE,2024-12-20T20:30:45,S01,20241220
S01/20241220/00038,10,TAX,1,474.22,TAX,2024-12-20T20:30:45,S01,20241220
S01/20241220/00038,11,TENDER,1,4296.57,TENDER,2024-12-20T20:30:45,S01,20241220
S01/20241220/00039,1,P106577,3,52.98,SALE,2024-12-20T17:09:31,S01,20241220
S01/20241220/00039,2,P106191,2,1230.97,SALE,2024-12-20T17:09:31,S01,20241220
S01/20241220/00039,3,TAX,1,7.95,TAX,2024-12-20T17:09:31,S01,20241220
S01/20241220/00039,4,TENDER,1,2628.83,TENDER,2024-12-20T17:09:31,S01,20241220
S01/20241220/00040,1,P103299,2,238.05,SALE,2024-12-20T21:25:26,S01,20241220
S01/20241220/00040,2,P107040,2,474.18,SALE,2024-12-20T21:25:26,S01,20241220
S01/20241220/00040,3,P108135,1,562.62,SALE,2024-12-20T21:25:26,S01,20241220
S01/20241220/00040,4,P105062,3,14.84,SALE,2024-12-20T21:25:26,S01,20241220
S01/20241220/00040,5,TAX,1,141.13,TAX,2024-12-20T21:25:26,S01,20241220
S01/20241220/00040,6,TENDER,1,2172.73,TENDER,2024-12-20T21:25:26,S01,20241220
S01/20241220/00041,1,P107495,2,448.19,SALE,2024-12-20T13:27:02,S01,20241220
S01/20241220/00041,2,P106454,4,127.35,SALE,2024-12-20T13:27:02,S01,20241220
S01/20241220/00041,3,P105950,1,1356.49,SALE,2024-12-20T13:27:02,S01,20241220
S01/20241220/00041,4,TAX,1,133.04,TAX,2024-12-20T13:27:02,S01,20241220
S01/20241220/00041,5,TENDER,1,2895.31,TENDER,2024-12-20T13:27:02,S01,20241220
S01/20241220/00042,1,P107848,2,267.41,SALE,2024-12-20T11:08:53,S01,20241220
S01/20241220/00042,2,P106659,3,106.86,SALE,2024-12-20T11:08:53,S01,20241220
S01/20241220/00042,3,P104079,4,75.55,SALE,2024-12-20T11:08:53,S01,20241220
S01/20241220/00042,4,P101010,3,71.39,SALE,2024-12-20T11:08:53,S01,20241220
S01/20241220/00042,5,P103927,2,206.11,SALE,2024-12-20T11:08:53,S01,20241220
S01/20241220/00042,6,P100456,2,982.47,SALE,2024-12-20T11:08:53,S01,20241220
S01/20241220/00042,7,P105524,1,81.14,SALE,2024-12-20T11:08:53,S01,20241220
S01/20241220/00042,8,P103111,2,40.41,SALE,2024-12-20T11:08:53,S01,20241220
S01/20241220/00042,9,P104454,2,49.63,SALE,2024-12-20T11:08:53,S01,20241220
S01/20241220/00042,10,TAX,1,233.38,TAX,2024-12-20T11:08:53,S01,20241220
S01/20241220/00042,11,TENDER,1,4243.53,TENDER,2024-12-20T11:08:53,S01,20241220
S01/20241220/00043,1,P100095,1,100.57,SALE,2024-12-20T11:46:35,S01,20241220
S01/20241220/00043,2,P101174,1,57.43,SALE,2024-12-20T11:46:35,S01,20241220
S01/20241220/00043,3,TAX,1,7.90,TAX,2024-12-20T11:46:35,S01,20241220
S01/20241220/00043,4,TENDER,1,165.90,TENDER,2024-12-20T11:46:35,S01,20241220
S01/20241220/00044,1,P102142,1,93.89,SALE,2024-12-20T16:01:44,S01,20241220
S01/20241220/00044,2,P107899,5,197.21,SALE,2024-12-20T16:01:44,S01,20241220
S01/20241220/00044,3,P104501,5,413.53,SALE,2024-12-20T16:01:44,S01,20241220
S01/20241220/00044,4,P106162,1,534.57,SALE,2024-12-20T16:01:44,S01,20241220
S01/20241220/00044,5,TAX,1,54.00,TAX,2024-12-20T16:01:44,S01,20241220
S01/20241220/00044,6,TENDER,1,3736.16,TENDER,2024-12-20T16:01:44,S01,20241220
S01/20241220/00045,1,P104909,3,363.10,SALE,2024-12-20T12:24:30,S01,20241220
S01/20241220/00045,2,P101859,3,66.16,SALE,2024-12-20T12:24:30,S01,20241220
S01/20241220/00045,3,P101367,4,512.46,SALE,2024-12-20T12:24:30,S01,20241220
S01/20241220/00045,4,P101048,3,219.90,SALE,2024-12-20T12:24:30,S01,20241220
S01/20241220/00045,5,TAX,1,425.77,TAX,2024-12-20T12:24:30,S01,20241220
S01/20241220/00045,6,TENDER,1,4423.09,TENDER,2024-12-20T12:24:30,S01,20241220
S01/20241220/00046,1,P102389,1,84.91,SALE,2024-12-20T17:15:07,S01,20241220
S01/20241220/00046,2,P107190,1,223.50,SALE,2024-12-20T17:15:07,S01,20241220
S01/20241220/00046,3,P107163,1,187.11,SALE,2024-12-20T17:15:07,S01,20241220
S01/20241220/00046,4,P108227,6,551.58,SALE,2024-12-20T17:15:07,S01,20241220
S01/20241220/00046,5,TAX,1,64.87,TAX,2024-12-20T17:15:07,S01,20241220
S01/20241220/00046,6,TENDER,1,3869.87,TENDER,2024-12-20T17:15:07,S01,20241220
S01/20241220/00047,1,P101762,1,528.36,SALE,2024-12-20T13:15:42,S01,20241220
S01/20241220/00047,2,P106169,2,221.89,SALE,2024-12-20T13:15:42,S01,20241220
S01/20241220/00047,3,TAX,1,143.28,TAX,2024-12-20T13:15:42,S01,20241220
S01/20241220/00047,4,TENDER,1,1115.42,TENDER,2024-12-20T13:15:42,S01,20241220
S01/20241220/00048,1,P104427,4,506.64,SALE,2024-12-20T14:07:31,S01,20241220
S01/20241220/00048,2,P104606,2,98.45,SALE,2024-12-20T14:07:31,S01,20241220
S01/20241220/00048,3,P105331,2,308.39,SALE,2024-12-20T14:07:31,S01,20241220
S01/20241220/00048,4,TAX,1,419.25,TAX,2024-12-20T14:07:31,S01,20241220
S01/20241220/00048,5,TENDER,1,3259.49,TENDER,2024-12-20T14:07:31,S01,20241220
S01/20241220/00049,1,P107047,1,413.27,SALE,2024-12-20T11:08:54,S01,20241220
S01/20241220/00049,2,P105733,2,151.69,SALE,2024-12-20T11:08:54,S01,20241220
S01/20241220/00049,3,P108017,1,105.98,SALE,2024-12-20T11:08:54,S01,20241220
S01/20241220/00049,4,P100057,2,233.39,SALE,2024-12-20T11:08:54,S01,20241220
S01/20241220/00049,5,P105246,1,840.69,SALE,2024-12-20T11:08:54,S01,20241220
S01/20241220/00049,6,TAX,1,202.25,TAX,2024-12-20T11:08:54,S01,20241220
S01/20241220/00049,7,TENDER,1,2332.35,TENDER,2024-12-20T11:08:54,S01,20241220
S01/20241220/00050,1,P103606,2,185.94,SALE,2024-12-20T10:19:30,S01,20241220
S01/20241220/00050,2,P103416,2,73.27,SALE,2024-12-20T10:19:30,S01,20241220
S01/20241220/00050,3,P102892,4,227.52,SALE,2024-12-20T10:19:30,S01,20241220
S01/20241220/00050,4,P103012,2,240.75,SALE,2024-12-20T10:19:30,S01,20241220
S01/20241220/00050,5,P103461,1,109.46,SALE,2024-12-20T10:19:30,S01,20241220
S01/20241220/00050,6,P100632,3,331.55,SALE,2024-12-20T10:19:30,S01,20241220
S01/20241220/00050,7,DISC,1,-147.54,DISCOUNT,2024-12-20T10:19:30,S01,20241220
S01/20241220/00050,8,TAX,1,436.28,TAX,2024-12-20T10:19:30,S01,20241220
S01/20241220/00050,9,TENDER,1,3302.85,TENDER,2024-12-20T10:19:30,S01,20241220
S01/20241220/00051,1,P100593,3,32.38,SALE,2024-12-20T07:46:57,S01,20241220
S01/20241220/00051,2,TAX,1,4.86,TAX,2024-12-20T07:46:57,S01,20241220
S01/20241220/00051,3,TENDER,1,102.00,TENDER,2024-12-20T07:46:57,S01,20241220
S01/20241220/00052,1,P105351,3,109.14,SALE,2024-12-20T16:14:12,S01,20241220
S01/20241220/00052,2,P104334,5,294.34,SALE,2024-12-20T16:14:12,S01,20241220
S01/20241220/00052,3,P105433,3,144.32,SALE,2024-12-20T16:14:12,S01,20241220
S01/20241220/00052,4,P104139,1,249.08,SALE,2024-12-20T16:14:12,S01,20241220
S01/20241220/00052,5,P107282,3,1189.20,SALE,2024-12-20T16:14:12,S01,20241220
S01/20241220/00052,6,P102626,2,416.91,SALE,2024-12-20T16:14:12,S01,20241220
S01/20241220/00052,7,TAX,1,310.51,TAX,2024-12-20T16:14:12,S01,20241220
S01/20241220/00052,8,TENDER,1,7193.09,TENDER,2024-12-20T16:14:12,S01,20241220
S01/20241220/00053,1,P106486,2,1837.06,SALE,2024-12-20T17:41:20,S01,20241220
S01/20241220/00053,2,P103040,2,410.59,SALE,2024-12-20T17:41:20,S01,20241220
S01/20241220/00053,3,P105908,2,698.64,SALE,2024-12-20T17:41:20,S01,20241220
S01/20241220/00053,4,P103946,1,338.64,SALE,2024-12-20T17:41:20,S01,20241220
S01/20241220/00053,5,TAX,1,658.57,TAX,2024-12-20T17:41:20,S01,20241220
S01/20241220/00053,6,TENDER,1,6889.79,TENDER,2024-12-20T17:41:20,S01,20241220
S01/20241220/00054,1,P103129,1,84.49,SALE,2024-12-20T12:05:48,S01,20241220
S01/20241220/00054,2,P104487,1,388.90,SALE,2024-12-20T12:05:48,S01,20241220
S01/20241220/00054,3,P101940,1,201.44,SALE,2024-12-20T12:05:48,S01,20241220
S01/20241220/00054,4,P103946,2,338.64,SALE,2024-12-20T12:05:48,S01,20241220
S01/20241220/00054,5,TAX,1,86.05,TAX,2024-12-20T12:05:48,S01,20241220
S01/20241220/00054,6,TENDER,1,1438.16,TENDER,2024-12-20T12:05:48,S01,20241220
S01/20241220/00055,1,P106534,1,96.00,SALE,2024-12-20T16:22:27,S01,20241220
S01/20241220/00055,2,P100883,1,723.68,SALE,2024-12-20T16:22:27,S01,20241220
S01/20241220/00055,3,P105017,6,220.46,SALE,2024-12-20T16:22:27,S01,20241220
S01/20241220/00055,4,P102243,1,145.61,SALE,2024-12-20T16:22:27,S01,20241220
S01/20241220/00055,5,P103908,1,104.62,SALE,2024-12-20T16:22:27,S01,20241220
S01/20241220/00055,6,P104593,3,867.34,SALE,2024-12-20T16:22:27,S01,20241220
S01/20241220/00055,7,P102682,1,95.00,SALE,2024-12-20T16:22:27,S01,20241220
S01/20241220/00055,8,TAX,1,628.39,TAX,2024-12-20T16:22:27,S01,20241220
S01/20241220/00055,9,TENDER,1,5718.08,TENDER,2024-12-20T16:22:27,S01,20241220
S01/20241220/00056,1,P106288,2,48.38,SALE,2024-12-20T15:44:24,S01,20241220
S01/20241220/00056,2,P106651,2,900.59,SALE,2024-12-20T15:44:24,S01,20241220
S01/20241220/00056,3,P103004,2,82.09,SALE,2024-12-20T15:44:24,S01,20241220
S01/20241220/00056,4,P108046,2,101.85,SALE,2024-12-20T15:44:24,S01,20241220
S01/20241220/00056,5,P106367,1,650.25,SALE,2024-12-20T15:44:24,S01,20241220
S01/20241220/00056,6,P102718,2,356.09,SALE,2024-12-20T15:44:24,S01,20241220
S01/20241220/00056,7,P105819,1,66.64,SALE,2024-12-20T15:44:24,S01,20241220
S01/20241220/00056,8,P106490,4,671.88,SALE,2024-12-20T15:44:24,S01,20241220
S01/20241220/00056,9,TAX,1,222.41,TAX,2024-12-20T15:44:24,S01,20241220
S01/20241220/00056,10,TENDER,1,6604.82,TENDER,2024-12-20T15:44:24,S01,20241220
S01/20241220/00057,1,P107472,1,64.61,SALE,2024-12-20T13:10:58,S01,20241220
S01/20241220/00057,2,P107848,1,267.41,SALE,2024-12-20T13:10:58,S01,20241220
S01/20241220/00057,3,P108356,1,234.68,SALE,2024-12-20T13:10:58,S01,20241220
S01/20241220/00057,4,P100536,2,471.52,SALE,2024-12-20T13:10:58,S01,20241220
S01/20241220/00057,5,P100112,1,95.15,SALE,2024-12-20T13:10:58,S01,20241220
S01/20241220/00057,6,TAX,1,231.64,TAX,2024-12-20T13:10:58,S01,20241220
S01/20241220/00057,7,TENDER,1,1836.53,TENDER,2024-12-20T13:10:58,S01,20241220
S01/20241220/00058,1,P101454,4,148.61,SALE,2024-12-20T13:38:03,S01,20241220
S01/20241220/00058,2,TAX,1,71.33,TAX,2024-12-20T13:38:03,S01,20241220
S01/20241220/00058,3,TENDER,1,665.77,TENDER,2024-12-20T13:38:03,S01,20241220
S01/20241220/00059,1,P100577,2,300.10,SALE,2024-12-20T23:59:36,S01,20241220
S01/20241220/00059,2,P106443,2,52.87,SALE,2024-12-20T23:59:36,S01,20241220
S01/20241220/00059,3,P106891,1,642.78,SALE,2024-12-20T23:59:36,S01,20241220
S01/20241220/00059,4,P104133,2,248.31,SALE,2024-12-20T23:59:36,S01,20241220
S01/20241220/00059,5,P106277,2,416.62,SALE,2024-12-20T23:59:36,S01,20241220
S01/20241220/00059,6,TAX,1,187.12,TAX,2024-12-20T23:59:36,S01,20241220
S01/20241220/00059,7,TENDER,1,2865.70,TENDER,2024-12-20T23:59:36,S01,20241220
S01/20241221/00001,1,P106648,1,339.01,SALE,2024-12-21T19:03:13,S01,20241221
S01/20241221/00001,2,P100883,3,723.68,SALE,2024-12-21T19:03:13,S01,20241221
S01/20241221/00001,3,TAX,1,125.50,TAX,2024-12-21T19:03:13,S01,20241221
S01/20241221/00001,4,TENDER,1,2635.55,TENDER,2024-12-21T19:03:13,S01,20241221
S01/20241221/00002,1,P102290,1,587.69,SALE,2024-12-21T14:40:47,S01,20241221
S01/20241221/00002,2,P100387,3,116.37,SALE,2024-12-21T14:40:47,S01,20241221
S01/20241221/00002,3,P107253,1,249.41,SALE,2024-12-21T14:40:47,S01,20241221
S01/20241221/00002,4,P103563,1,26.76,SALE,2024-12-21T14:40:47,S01,20241221
S01/20241221/00002,5,P100652,3,45.46,SALE,2024-12-21T14:40:47,S01,20241221
S01/20241221/00002,6,P105695,2,158.81,SALE,2024-12-21T14:40:47,S01,20241221
S01/20241221/00002,7,P107989,1,189.72,SALE,2024-12-21T14:40:47,S01,20241221
S01/20241221/00002,8,P107354,1,227.60,SALE,2024-12-21T14:40:47,S01,20241221
S01/20241221/00002,9,P103465,2,32.05,SALE,2024-12-21T14:40:47,S01,20241221
S01/20241221/00002,10,TAX,1,206.22,TAX,2024-12-21T14:40:47,S01,20241221
S01/20241221/00002,11,TENDER,1,2354.61,TENDER,2024-12-21T14:40:47,S01,20241221
S01/20241221/00003,1,P107282,2,1189.20,SALE,2024-12-21T11:27:32,S01,20241221
S01/20241221/00003,2,P101279,3,242.90,SALE,2024-12-21T11:27:32,S01,20241221
S01/20241221/00003,3,P108179,1,307.53,SALE,2024-12-21T11:27:32,S01,20241221
S01/20241221/00003,4,P107884,2,29.77,SALE,2024-12-21T11:27:32,S01,20241221
S01/20241221/00003,5,P105868,1,68.91,SALE,2024-12-21T11:27:32,S01,20241221
S01/20241221/00003,6,P102821,1,1314.43,SALE,2024-12-21T11:27:32,S01,20241221
S01/20241221/00003,7,TAX,1,51.07,TAX,2024-12-21T11:27:32,S01,20241221
S01/20241221/00003,8,TENDER,1,4908.58,TENDER,2024-12-21T11:27:32,S01,20241221
S01/20241221/00004,1,P102286,3,281.91,SALE,2024-12-21T17:00:50,S01,20241221
S01/20241221/00004,2,P103701,2,1171.33,SALE,2024-12-21T17:00:50,S01,20241221
S01/20241221/00004,3,P103904,2,1081.09,SALE,2024-12-21T17:00:50,S01,20241221
S01/20241221/00004,4,P107621,2,119.64,SALE,2024-12-21T17:00:50,S01,20241221
S01/20241221/00004,5,P104811,1,108.16,SALE,2024-12-21T17:00:50,S01,20241221
S01/20241221/00004,6,P103999,2,120.61,SALE,2024-12-21T17:00:50,S01,20241221
S01/20241221/00004,7,P102674,3,515.88,SALE,2024-12-21T17:00:50,S01,20241221
S01/20241221/00004,8,P104308,1,53.24,SALE,2024-12-21T17:00:50,S01,20241221
S01/20241221/00004,9,TAX,1,697.16,TAX,2024-12-21T17:00:50,S01,20241221
S01/20241221/00004,10,TENDER,1,8237.27,TENDER,2024-12-21T17:00:50,S01,20241221
S01/20241221/00005,1,P106452,2,31.15,SALE,2024-12-21T18:53:16,S01,20241221
S01/20241221/00005,2,P106254,1,1282.79,SALE,2024-12-21T18:53:16,S01,20241221
S01/20241221/00005,3,P105433,4,144.32,SALE,2024-12-21T18:53:16,S01,20241221
S01/20241221/00005,4,P100686,1,800.21,SALE,2024-12-21T18:53:16,S01,20241221
S01/20241221/00005,5,P103833,2,1136.81,SALE,2024-12-21T18:53:16,S01,20241221
S01/20241221/00005,6,TAX,1,220.71,TAX,2024-12-21T18:53:16,S01,20241221
S01/20241221/00005,7,TENDER,1,5216.91,TENDER,2024-12-21T18:53:16,S01,20241221
S01/20241221/00006,1,P102975,1,234.92,SALE,2024-12-21T19:13:45,S01,20241221
S01/20241221/00006,2,P104533,2,313.53,SALE,2024-12-21T19:13:45,S01,20241221
S01/20241221/00006,3,P101747,2,245.75,SALE,2024-12-21T19:13:45,S01,20241221
S01/20241221/00006,4,P101208,2,593.86,SALE,2024-12-21T19:13:45,S01,20241221
S01/20241221/00006,5,P100348,2,527.90,SALE,2024-12-21T19:13:45,S01,20241221
S01/20241221/00006,6,TAX,1,151.00,TAX,2024-12-21T19:13:45,S01,20241221
S01/20241221/00006,7,TENDER,1,3748.00,TENDER,2024-12-21T19:13:45,S01,20241221
S01/20241221/00007,1,P100287,4,240.45,SALE,2024-12-22T00:19:31,S01,20241221
S01/20241221/00007,2,P100007,2,155.06,SALE,2024-12-22T00:19:31,S01,20241221
S01/20241221/00007,3,P103629,2,60.58,SALE,2024-12-22T00:19:31,S01,20241221
S01/20241221/00007,4,P101010,2,71.39,SALE,2024-12-22T00:19:31,S01,20241221
S01/20241221/00007,5,P107226,2,88.38,SALE,2024-12-22T00:19:31,S01,20241221
S01/20241221/00007,6,TAX,1,242.00,TAX,2024-12-22T00:19:31,S01,20241221
S01/20241221/00007,7,TENDER,1,1954.62,TENDER,2024-12-22T00:19:31,S01,20241221
S01/20241221/00008,1,P104251,1,79.68,SALE,2024-12-21T21:59:13,S01,20241221
S01/20241221/00008,2,P105747,1,287.56,SALE,2024-12-21T21:59:13,S01,20241221
S01/20241221/00008,3,P103389,1,239.67,SALE,2024-12-21T21:59:13,S01,20241221
S01/20241221/00008,4,P106373,4,48.45,SALE,2024-12-21T21:59:13,S01,20241221
S01/20241221/00008,5,P102091,1,87.97,SALE,2024-12-21T21:59:13,S01,20241221
S01/20241221/00008,6,P106221,2,31.65,SALE,2024-12-21T21:59:13,S01,20241221
S01/20241221/00008,7,P100840,1,248.08,SALE,2024-12-21T21:59:13,S01,20241221
S01/20241221/00008,8,P105092,3,57.00,SALE,2024-12-21T21:59:13,S01,20241221
S01/20241221/00008,9,DISC,1,-122.94,DISCOUNT,2024-12-21T21:59:13,S01,20241221
S01/20241221/00008,10,TAX,1,187.31,TAX,2024-12-21T21:59:13,S01,20241221
S01/20241221/00008,11,TENDER,1,1435.43,TENDER,2024-12-21T21:59:13,S01,20241221
S01/20241221/00009,1,P104541,1,149.08,SALE,2024-12-21T19:23:23,S01,20241221
S01/20241221/00009,2,P104600,5,56.45,SALE,2024-12-21T19:23:23,S01,20241221
S01/20241221/00009,3,DISC,1,-18.80,DISCOUNT,2024-12-21T19:23:23,S01,20241221
S01/20241221/00009,4,TAX,1,20.63,TAX,2024-12-21T19:23:23,S01,20241221
S01/20241221/00009,5,TENDER,1,433.16,TENDER,2024-12-21T19:23:23,S01,20241221
S01/20241221/00010,1,P104042,3,365.03,SALE,2024-12-21T18:36:46,S01,20241221
S01/20241221/00010,2,P103105,2,34.12,SALE,2024-12-21T18:36:46,S01,20241221
S01/20241221/00010,3,P102835,1,101.19,SALE,2024-12-21T18:36:46,S01,20241221
S01/20241221/00010,4,P105666,2,1064.29,SALE,2024-12-21T18:36:46,S01,20241221
S01/20241221/00010,5,P108097,3,93.69,SALE,2024-12-21T18:36:46,S01,20241221
S01/20241221/00010,6,TAX,1,189.57,TAX,2024-12-21T18:36:46,S01,20241221
S01/20241221/00010,7,TENDER,1,3863.74,TENDER,2024-12-21T18:36:46,S01,20241221
S01/20241221/00011,1,P106833,1,446.47,SALE,2024-12-21T16:46:05,S01,20241221
S01/20241221/00011,2,P105757,1,248.44,SALE,2024-12-21T16:46:05,S01,20241221
S01/20241221/00011,3,P101515,3,60.18,SALE,2024-12-21T16:46:05,S01,20241221
S01/20241221/00011,4,P106648,1,339.01,SALE,2024-12-21T16:46:05,S01,20241221
S01/20241221/00011,5,P103922,3,51.00,SALE,2024-12-21T16:46:05,S01,20241221
S01/20241221/00011,6,P105929,1,11.18,SALE,2024-12-21T16:46:05,S01,20241221
S01/20241221/00011,7,P101208,1,593.86,SALE,2024-12-21T16:46:05,S01,20241221
S01/20241221/00011,8,P105302,1,281.37,SALE,2024-12-21T16:46:05,S01,20241221
S01/20241221/00011,9,TAX,1,153.36,TAX,2024-12-21T16:46:05,S01,20241221
S01/20241221/00011,10,TENDER,1,2407.23,TENDER,2024-12-21T16:46:05,S01,20241221
S01/20241221/00012,1,P103958,1,32.46,SALE,2024-12-21T14:05:37,S01,20241221
S01/20241221/00012,2,P103637,2,338.13,SALE,2024-12-21T14:05:37,S01,20241221
S01/20241221/00012,3,P106405,1,40.51,SALE,2024-12-21T14:05:37,S01,20241221
S01/20241221/00012,4,DISC,1,-28.56,DISCOUNT,2024-12-21T14:05:37,S01,20241221
S01/20241221/00012,5,TAX,1,129.72,TAX,2024-12-21T14:05:37,S01,20241221
S01/20241221/00012,6,TENDER,1,850.39,TENDER,2024-12-21T14:05:37,S01,20241221
S01/20241221/00013,1,P102081,2,164.15,SALE,2024-12-21T12:51:35,S01,20241221
S01/20241221/00013,2,P105643,1,1294.23,SALE,2024-12-21T12:51:35,S01,20241221
S01/20241221/00013,3,P103584,2,402.02,SALE,2024-12-21T12:51:35,S01,20241221
S01/20241221/00013,4,P102833,3,680.71,SALE,2024-12-21T12:51:35,S01,20241221
S01/20241221/00013,5,P105860,3,674.13,SALE,2024-12-21T12:51:35,S01,20241221
S01/20241221/00013,6,P103029,2,10.38,SALE,2024-12-21T12:51:35,S01,20241221
S01/20241221/00013,7,P101339,4,230.61,SALE,2024-12-21T12:51:35,S01,20241221
S01/20241221/00013,8,P108221,2,50.44,SALE,2024-12-21T12:51:35,S01,20241221
S01/20241221/00013,9,P105614,1,652.27,SALE,2024-12-21T12:51:35,S01,20241221
S01/20241221/00013,10,DISC,1,-977.08,DISCOUNT,2024-12-21T12:51:35,S01,20241221
S01/20241221/00013,11,TAX,1,521.77,TAX,2024-12-21T12:51:35,S01,20241221
S01/20241221/00013,12,TENDER,1,7732.13,TENDER,2024-12-21T12:51:35,S01,20241221
S01/20241221/00014,1,P103068,1,153.43,SALE,2024-12-21T19:13:49,S01,20241221
S01/20241221/00014,2,P103978,3,347.08,SALE,2024-12-21T19:13:49,S01,20241221
S01/20241221/00014,3,P102814,2,543.91,SALE,2024-12-21T19:13:49,S01,20241221
S01/20241221/00014,4,TAX,1,114.12,TAX,2024-12-21T19:13:49,S01,20241221
S01/20241221/00014,5,TENDER,1,2396.61,TENDER,2024-12-21T19:13:49,S01,20241221
S01/20241221/00015,1,P104708,2,487.33,SALE,2024-12-21T15:27:01,S01,20241221
S01/20241221/00015,2,P103994,1,148.39,SALE,2024-12-21T15:27:01,S01,20241221
S01/20241221/00015,3,P102814,2,543.91,SALE,2024-12-21T15:27:01,S01,20241221
S01/20241221/00015,4,DISC,1,-256.21,DISCOUNT,2024-12-21T15:27:01,S01,20241221
S01/20241221/00015,5,TAX,1,91.17,TAX,2024-12-21T15:27:01,S01,20241221
S01/20241221/00015,6,TENDER,1,2045.83,TENDER,2024-12-21T15:27:01,S01,20241221
S01/20241221/00016,1,P106239,3,803.36,SALE,2024-12-21T09:58:14,S01,20241221
S01/20241221/00016,2,P105246,3,840.69,SALE,2024-12-21T09:58:14,S01,20241221
S01/20241221/00016,3,P102788,2,920.26,SALE,2024-12-21T09:58:14,S01,20241221
S01/20241221/00016,4,DISC,1,-442.82,DISCOUNT,2024-12-21T09:58:14,S01,20241221
S01/20241221/00016,5,TAX,1,203.87,TAX,2024-12-21T09:58:14,S01,20241221
S01/20241221/00016,6,TENDER,1,6533.72,TENDER,2024-12-21T09:58:14,S01,20241221
S01/20241221/00017,1,P105030,2,224.07,SALE,2024-12-21T12:26:53,S01,20241221
S01/20241221/00017,2,P101720,2,44.26,SALE,2024-12-21T12:26:53,S01,20241221
S01/20241221/00017,3,P106624,2,98.44,SALE,2024-12-21T12:26:53,S01,20241221
S01/20241221/00017,4,P104435,1,477.09,SALE,2024-12-21T12:26:53,S01,20241221
S01/20241221/00017,5,P103382,1,196.46,SALE,2024-12-21T12:26:53,S01,20241221
S01/20241221/00017,6,P101520,2,187.47,SALE,2024-12-21T12:26:53,S01,20241221
S01/20241221/00017,7,P104308,2,53.24,SALE,2024-12-21T12:26:53,S01,20241221
S01/20241221/00017,8,P103487,4,361.14,SALE,2024-12-21T12:26:53,S01,20241221
S01/20241221/00017,9,TAX,1,363.43,TAX,2024-12-21T12:26:53,S01,20241221
S01/20241221/00017,10,TENDER,1,3696.50,TENDER,2024-12-21T12:26:53,S01,20241221
S01/20241221/00018,1,P105784,3,116.81,SALE,2024-12-21T22:24:48,S01,20241221
S01/20241221/00018,2,P102324,2,194.59,SALE,2024-12-21T22:24:48,S01,20241221
S01/20241221/00018,3,P103732,2,94.74,SALE,2024-12-21T22:24:48,S01,20241221
S01/20241221/00018,4,P101599,1,417.76,SALE,2024-12-21T22:24:48,S01,20241221
S01/20241221/00018,5,P103591,1,102.70,SALE,2024-12-21T22:24:48,S01,20241221
S01/20241221/00018,6,TAX,1,122.62,TAX,2024-12-21T22:24:48,S01,20241221
S01/20241221/00018,7,TENDER,1,1572.17,TENDER,2024-12-21T22:24:48,S01,20241221
S01/20241221/00019,1,P103340,3,537.50,SALE,2024-12-21T17:47:26,S01,20241221
S01/20241221/00019,2,P100855,2,345.07,SALE,2024-12-21T17:47:26,S01,20241221
S01/20241221/00019,3,P104202,3,166.10,SALE,2024-12-21T17:47:26,S01,20241221
S01/20241221/00019,4,TAX,1,414.48,TAX,2024-12-21T17:47:26,S01,20241221
S01/20241221/00019,5,TENDER,1,3215.42,TENDER,2024-12-21T17:47:26,S01,20241221
S01/20241221/00020,1,P105980,5,288.70,SALE,2024-12-21T15:25:59,S01,20241221
S01/20241221/00020,2,P105965,2,66.08,SALE,2024-12-21T15:25:59,S01,20241221
S01/20241221/00020,3,P101359,3,49.69,SALE,2024-12-21T15:25:59,S01,20241221
S01/20241221/00020,4,P101201,2,48.42,SALE,2024-12-21T15:25:59,S01,20241221
S01/20241221/00020,5,P108001,2,96.97,SALE,2024-12-21T15:25:59,S01,20241221
S01/20241221/00020,6,TAX,1,211.50,TAX,2024-12-21T15:25:59,S01,20241221
S01/20241221/00020,7,TENDER,1,2227.01,TENDER,2024-12-21T15:25:59,S01,20241221
S01/20241221/00021,1,P100649,1,618.96,SALE,2024-12-21T12:25:52,S01,20241221
S01/20241221/00021,2,P100033,2,828.62,SALE,2024-12-21T12:25:52,S01,20241221
S01/20241221/00021,3,P101444,2,838.86,SALE,2024-12-21T12:25:52,S01,20241221
S01/20241221/00021,4,P107920,1,109.22,SALE,2024-12-21T12:25:52,S01,20241221
S01/20241221/00021,5,P100999,2,171.06,SALE,2024-12-21T12:25:52,S01,20241221
S01/20241221/00021,6,TAX,1,217.36,TAX,2024-12-21T12:25:52,S01,20241221
S01/20241221/00021,7,TENDER,1,4622.62,TENDER,2024-12-21T12:25:52,S01,20241221
S01/20241221/00022,1,P103159,1,1193.28,SALE,2024-12-21T17:07:31,S01,20241221
S01/20241221/00022,2,P105418,1,257.82,SALE,2024-12-21T17:07:31,S01,20241221
S01/20241221/00022,3,P107047,1,413.27,SALE,2024-12-21T17:07:31,S01,20241221
S01/20241221/00022,4,DISC,1,-199.01,DISCOUNT,2024-12-21T17:07:31,S01,20241221
S01/20241221/00022,5,TAX,1,85.75,TAX,2024-12-21T17:07:31,S01,20241221
S01/20241221/00022,6,TENDER,1,1751.11,TENDER,2024-12-21T17:07:31,S01,20241221
S01/20241221/00023,1,P104072,2,724.10,SALE,2024-12-21T11:43:13,S01,20241221
S01/20241221/00023,2,P107488,3,303.21,SALE,2024-12-21T11:43:13,S01,20241221
S01/20241221/00023,3,TAX,1,236.14,TAX,2024-12-21T11:43:13,S01,20241221
S01/20241221/00023,4,TENDER,1,2593.97,TENDER,2024-12-21T11:43:13,S01,20241221
S01/20241221/00024,1,P102342,1,107.02,SALE,2024-12-21T15:30:24,S01,20241221
S01/20241221/00024,2,TAX,1,12.84,TAX,2024-12-21T15:30:24,S01,20241221
S01/20241221/00024,3,TENDER,1,119.86,TENDER,2024-12-21T15:30:24,S01,20241221
S01/20241221/00025,1,P106452,2,31.15,SALE,2024-12-21T19:05:56,S01,20241221
S01/20241221/00025,2,P106948,2,209.81,SALE,2024-12-21T19:05:56,S01,20241221
S01/20241221/00025,3,P105164,3,242.35,SALE,2024-12-21T19:05:56,S01,20241221
S01/20241221/00025,4,P103259,2,298.27,SALE,2024-12-21T19:05:56,S01,20241221
S01/20241221/00025,5,P105075,1,49.58,SALE,2024-12-21T19:05:56,S01,20241221
S01/20241221/00025,6,P101515,3,60.18,SALE,2024-12-21T19:05:56,S01,20241221
S01/20241221/00025,7,TAX,1,33.02,TAX,2024-12-21T19:05:56,S01,20241221
S01/20241221/00025,8,TENDER,1,2068.65,TENDER,2024-12-21T19:05:56,S01,20241221
S01/20241221/00026,1,P101674,2,387.70,SALE,2024-12-21T16:14:39,S01,20241221
S01/20241221/00026,2,P106452,1,31.15,SALE,2024-12-21T16:14:39,S01,20241221
S01/20241221/00026,3,TAX,1,141.13,TAX,2024-12-21T16:14:39,S01,20241221
S01/20241221/00026,4,TENDER,1,947.68,TENDER,2024-12-21T16:14:39,S01,20241221
S01/20241221/00027,1,P101048,2,219.90,SALE,2024-12-21T18:57:11,S01,20241221
S01/20241221/00027,2,P100330,3,188.77,SALE,2024-12-21T18:57:11,S01,20241221
S01/20241221/00027,3,P106720,3,126.28,SALE,2024-12-21T18:57:11,S01,20241221
S01/20241221/00027,4,TAX,1,118.50,TAX,2024-12-21T18:57:11,S01,20241221
S01/20241221/00027,5,TENDER,1,1503.45,TENDER,2024-12-21T18:57:11,S01,20241221
S01/20241221/00028,1,P107946,2,313.77,SALE,2024-12-21T18:53:26,S01,20241221
S01/20241221/00028,2,P100722,2,330.17,SALE,2024-12-21T18:53:26,S01,20241221
S01/20241221/00028,3,P107449,3,1495.62,SALE,2024-12-21T18:53:26,S01,20241221
S01/20241221/00028,4,P107630,1,309.72,SALE,2024-12-21T18:53:26,S01,20241221
S01/20241221/00028,5,TAX,1,594.17,TAX,2024-12-21T18:53:26,S01,20241221
S01/20241221/00028,6,TENDER,1,6678.63,TENDER,2024-12-21T18:53:26,S01,20241221
S01/20241221/00029,1,P107920,2,109.22,SALE,2024-12-21T21:57:23,S01,20241221
S01/20241221/00029,2,P104401,3,207.51,SALE,2024-12-21T21:57:23,S01,20241221
S01/20241221/00029,3,P107695,1,271.01,SALE,2024-12-21T21:57:23,S01,20241221
S01/20241221/00029,4,TAX,1,162.80,TAX,2024-12-21T21:57:23,S01,20241221
S01/20241221/00029,5,TENDER,1,1274.78,TENDER,2024-12-21T21:57:23,S01,20241221
S01/20241221/00030,1,P104242,1,308.27,SALE,2024-12-21T09:33:37,S01,20241221
S01/20241221/00030,2,P107472,2,64.61,SALE,2024-12-21T09:33:37,S01,20241221
S01/20241221/00030,3,P102559,2,86.19,SALE,2024-12-21T09:33:37,S01,20241221
S01/20241221/00030,4,P107282,3,1189.20,SALE,2024-12-21T09:33:37,S01,20241221
S01/20241221/00030,5,TAX,1,52.07,TAX,2024-12-21T09:33:37,S01,20241221
S01/20241221/00030,6,TENDER,1,4229.54,TENDER,2024-12-21T09:33:37,S01,20241221
S01/20241221/00031,1,P107589,1,257.75,SALE,2024-12-21T13:42:24,S01,20241221
S01/20241221/00031,2,P100640,2,379.48,SALE,2024-12-21T13:42:24,S01,20241221
S01/20241221/00031,3,P108282,3,472.97,SALE,2024-12-21T13:42:24,S01,20241221
S01/20241221/00031,4,P106048,1,310.59,SALE,2024-12-21T13:42:24,S01,20241221
S01/20241221/00031,5,P108374,1,1417.29,SALE,2024-12-21T13:42:24,S01,20241221
S01/20241221/00031,6,P105656,3,516.52,SALE,2024-12-21T13:42:24,S01,20241221
S01/20241221/00031,7,P105971,1,1150.46,SALE,2024-12-21T13:42:24,S01,20241221
S01/20241221/00031,8,P104933,3,560.59,SALE,2024-12-21T13:42:24,S01,20241221
S01/20241221/00031,9,TAX,1,605.93,TAX,2024-12-21T13:42:24,S01,20241221
S01/20241221/00031,10,TENDER,1,9151.22,TENDER,2024-12-21T13:42:24,S01,20241221
S01/20241221/00032,1,P104121,2,131.32,SALE,2024-12-21T12:15:29,S01,20241221
S01/20241221/00032,2,P107282,4,1189.20,SALE,2024-12-21T12:15:29,S01,20241221
S01/20241221/00032,3,TAX,1,47.28,TAX,2024-12-21T12:15:29,S01,20241221
S01/20241221/00032,4,TENDER,1,5066.72,TENDER,2024-12-21T12:15:29,S01,20241221
S01/20241221/00033,1,P104187,3,86.95,SALE,2024-12-21T14:35:59,S01,20241221
S01/20241221/00033,2,P100840,3,248.08,SALE,2024-12-21T14:35:59,S01,20241221
S01/20241221/00033,3,P104285,2,683.70,SALE,2024-12-21T14:35:59,S01,20241221
S01/20241221/00033,4,DISC,1,-80.84,DISCOUNT,2024-12-21T14:35:59,S01,20241221
S01/20241221/00033,5,TAX,1,208.04,TAX,2024-12-21T14:35:59,S01,20241221
S01/20241221/00033,6,TENDER,1,2499.69,TENDER,2024-12-21T14:35:59,S01,20241221
S01/20241221/00034,1,P105507,2,22.07,SALE,2024-12-21T15:14:54,S01,20241221
S01/20241221/00034,2,P100380,2,136.58,SALE,2024-12-21T15:14:54,S01,20241221
S01/20241221/00034,3,P107100,1,200.76,SALE,2024-12-21T15:14:54,S01,20241221
S01/20241221/00034,4,P101796,2,990.67,SALE,2024-12-21T15:14:54,S01,20241221
S01/20241221/00034,5,P102738,2,236.55,SALE,2024-12-21T15:14:54,S01,20241221
S01/20241221/00034,6,DISC,1,-174.06,DISCOUNT,2024-12-21T15:14:54,S01,20241221
S01/20241221/00034,7,TAX,1,200.25,TAX,2024-12-21T15:14:54,S01,20241221
S01/20241221/00034,8,TENDER,1,2998.69,TENDER,2024-12-21T15:14:54,S01,20241221
S01/20241221/00035,1,P108179,1,307.53,SALE,2024-12-21T15:43:28,S01,20241221
S01/20241221/00035,2,P103661,4,125.81,SALE,2024-12-21T15:43:28,S01,20241221
S01/20241221/00035,3,DISC,1,-24.50,DISCOUNT,2024-12-21T15:43:28,S01,20241221
S01/20241221/00035,4,TAX,1,123.63,TAX,2024-12-21T15:43:28,S01,20241221
S01/20241221/00035,5,TENDER,1,909.90,TENDER,2024-12-21T15:43:28,S01,20241221
S01/20241221/00036,1,P101851,1,1750.29,SALE,2024-12-21T10:52:28,S01,20241221
S01/20241221/00036,2,P101470,1,196.94,SALE,2024-12-21T10:52:28,S01,20241221
S01/20241221/00036,3,P104756,2,373.50,SALE,2024-12-21T10:52:28,S01,20241221
S01/20241221/00036,4,P100722,2,330.17,SALE,2024-12-21T10:52:28,S01,20241221
S01/20241221/00036,5,P101440,1,253.26,SALE,2024-12-21T10:52:28,S01,20241221
S01/20241221/00036,6,TAX,1,89.64,TAX,2024-12-21T10:52:28,S01,20241221
S01/20241221/00036,7,TENDER,1,3697.47,TENDER,2024-12-21T10:52:28,S01,20241221
S01/20241221/00037,1,P106123,4,248.44,SALE,2024-12-21T17:52:21,S01,20241221
S01/20241221/00037,2,P100233,3,67.07,SALE,2024-12-21T17:52:21,S01,20241221
S01/20241221/00037,3,P101064,1,33.84,SALE,2024-12-21T17:52:21,S01,20241221
S01/20241221/00037,4,P105713,3,345.36,SALE,2024-12-21T17:52:21,S01,20241221
S01/20241221/00037,5,P104891,2,757.22,SALE,2024-12-21T17:52:21,S01,20241221
S01/20241221/00037,6,P102305,2,111.72,SALE,2024-12-21T17:52:21,S01,20241221
S01/20241221/00037,7,P103668,1,1530.18,SALE,2024-12-21T17:52:21,S01,20241221
S01/20241221/00037,8,TAX,1,353.01,TAX,2024-12-21T17:52:21,S01,20241221
S01/20241221/00037,9,TENDER,1,5885.96,TENDER,2024-12-21T17:52:21,S01,20241221
S01/20241221/00038,1,P102335,2,94.24,SALE,2024-12-21T19:07:58,S01,20241221
S01/20241221/00038,2,P101864,3,112.21,SALE,2024-12-21T19:07:58,S01,20241221
S01/20241221/00038,3,TAX,1,94.52,TAX,2024-12-21T19:07:58,S01,20241221
S01/20241221/00038,4,TENDER,1,619.63,TENDER,2024-12-21T19:07:58,S01,20241221
S01/20241221/00039,1,P101990,5,408.52,SALE,2024-12-21T12:10:00,S01,20241221
S01/20241221/00039,2,P100840,2,248.08,SALE,2024-12-21T12:10:00,S01,20241221
S01/20241221/00039,3,TAX,1,334.42,TAX,2024-12-21T12:10:00,S01,20241221
S01/20241221/00039,4,TENDER,1,2873.18,TENDER,2024-12-21T12:10:00,S01,20241221
S01/20241221/00040,1,P101410,1,958.72,SALE,2024-12-21T23:23:17,S01,20241221
S01/20241221/00040,2,P103243,3,231.63,SALE,2024-12-21T23:23:17,S01,20241221
S01/20241221/00040,3,DISC,1,-164.93,DISCOUNT,2024-12-21T23:23:17,S01,20241221
S01/20241221/00040,4,TAX,1,134.85,TAX,2024-12-21T23:23:17,S01,20241221
S01/20241221/00040,5,TENDER,1,1623.53,TENDER,2024-12-21T23:23:17,S01,20241221
S01/20241221/00041,1,P101839,1,402.65,SALE,2024-12-21T08:45:58,S01,20241221
S01/20241221/00041,2,P100621,1,134.28,SALE,2024-12-21T08:45:58,S01,20241221
S01/20241221/00041,3,P102230,2,335.28,SALE,2024-12-21T08:45:58,S01,20241221
S01/20241221/00041,4,P102724,1,391.04,SALE,2024-12-21T08:45:58,S01,20241221
S01/20241221/00041,5,TAX,1,263.58,TAX,2024-12-21T08:45:58,S01,20241221
S01/20241221/00041,6,TENDER,1,1862.11,TENDER,2024-12-21T08:45:58,S01,20241221
S01/20241221/00042,1,P106848,3,17.39,SALE,2024-12-21T20:48:01,S01,20241221
S01/20241221/00042,2,P101859,1,66.16,SALE,2024-12-21T20:48:01,S01,20241221
S01/20241221/00042,3,P108110,1,16.57,SALE,2024-12-21T20:48:01,S01,20241221
S01/20241221/00042,4,TAX,1,10.92,TAX,2024-12-21T20:48:01,S01,20241221
S01/20241221/00042,5,TENDER,1,145.82,TENDER,2024-12-21T20:48:01,S01,20241221
S01/20241221/00043,1,P107508,1,1577.69,SALE,2024-12-21T12:39:34,S01,20241221
S01/20241221/00043,2,P104344,2,390.44,SALE,2024-12-21T12:39:34,S01,20241221
S01/20241221/00043,3,P100543,1,123.06,SALE,2024-12-21T12:39:34,S01,20241221
S01/20241221/00043,4,P104501,3,413.53,SALE,2024-12-21T12:39:34,S01,20241221
S01/20241221/00043,5,P104155,3,144.69,SALE,2024-12-21T12:39:34,S01,20241221
S01/20241221/00043,6,P105603,2,202.29,SALE,2024-12-21T12:39:34,S01,20241221
S01/20241221/00043,7,P108374,1,1417.29,SALE,2024-12-21T12:39:34,S01,20241221
S01/20241221/00043,8,P101507,2,635.95,SALE,2024-12-21T12:39:34,S01,20241221
S01/20241221/00043,9,TAX,1,466.30,TAX,2024-12-21T12:39:34,S01,20241221
S01/20241221/00043,10,TENDER,1,7716.36,TENDER,2024-12-21T12:39:34,S01,20241221
S01/20241221/00044,1,P104351,2,1128.29,SALE,2024-12-21T15:51:40,S01,20241221
S01/20241221/00044,2,P105180,1,102.63,SALE,2024-12-21T15:51:40,S01,20241221
S01/20241221/00044,3,P100178,4,480.34,SALE,2024-12-21T15:51:40,S01,20241221
S01/20241221/00044,4,P107775,5,737.39,SALE,2024-12-21T15:51:40,S01,20241221
S01/20241221/00044,5,P105351,3,109.14,SALE,2024-12-21T15:51:40,S01,20241221
S01/20241221/00044,6,P106143,2,61.74,SALE,2024-12-21T15:51:40,S01,20241221
S01/20241221/00044,7,P106399,1,198.14,SALE,2024-12-21T15:51:40,S01,20241221
S01/20241221/00044,8,P100744,4,67.07,SALE,2024-12-21T15:51:40,S01,20241221
S01/20241221/00044,9,TAX,1,765.98,TAX,2024-12-21T15:51:40,S01,20241221
S01/20241221/00044,10,TENDER,1,9650.82,TENDER,2024-12-21T15:51:40,S01,20241221
S01/20241221/00045,1,P102021,3,90.22,SALE,2024-12-21T19:58:00,S01,20241221
S01/20241221/00045,2,P106807,1,322.15,SALE,2024-12-21T19:58:00,S01,20241221
S01/20241221/00045,3,P108300,1,286.59,SALE,2024-12-21T19:58:00,S01,20241221
S01/20241221/00045,4,P107163,2,187.11,SALE,2024-12-21T19:58:00,S01,20241221
S01/20241221/00045,5,TAX,1,160.76,TAX,2024-12-21T19:58:00,S01,20241221
S01/20241221/00045,6,TENDER,1,1414.38,TENDER,2024-12-21T19:58:00,S01,20241221
S01/20241221/00046,1,P100582,2,170.67,SALE,2024-12-21T16:18:05,S01,20241221
S01/20241221/00046,2,P101374,3,55.98,SALE,2024-12-21T16:18:05,S01,20241221
S01/20241221/00046,3,P107385,1,811.35,SALE,2024-12-21T16:18:05,S01,20241221
S01/20241221/00046,4,P105021,2,1246.70,SALE,2024-12-21T16:18:05,S01,20241221
S01/20241221/00046,5,P106391,2,795.61,SALE,2024-12-21T16:18:05,S01,20241221
S01/20241221/00046,6,P106934,5,1604.94,SALE,2024-12-21T16:18:05,S01,20241221
S01/20241221/00046,7,TAX,1,511.01,TAX,2024-12-21T16:18:05,S01,20241221
S01/20241221/00046,8,TENDER,1,13940.96,TENDER,2024-12-21T16:18:05,S01,20241221
S01/20241221/00047,1,P105021,1,1246.70,SALE,2024-12-21T15:42:22,S01,20241221
S01/20241221/00047,2,P102845,2,261.08,SALE,2024-12-21T15:42:22,S01,20241221
S01/20241221/00047,3,TAX,1,175.71,TAX,2024-12-21T15:42:22,S01,20241221
S01/20241221/00047,4,TENDER,1,1944.57,TENDER,2024-12-21T15:42:22,S01,20241221
S01/20241221/00048,1,P103004,3,82.09,SALE,2024-12-21T16:33:15,S01,20241221
S01/20241221/00048,2,P104517,2,1474.90,SALE,2024-12-21T16:33:15,S01,20241221
S01/20241221/00048,3,P105589,2,90.25,SALE,2024-12-21T16:33:15,S01,20241221
S01/20241221/00048,4,TAX,1,44.80,TAX,2024-12-21T16:33:15,S01,20241221
S01/20241221/00048,5,TENDER,1,3421.37,TENDER,2024-12-21T16:33:15,S01,20241221
S01/20241221/00049,1,P104831,3,1516.75,SALE,2024-12-21T15:10:35,S01,20241221
S01/20241221/00049,2,P104658,1,75.90,SALE,2024-12-21T15:10:35,S01,20241221
S01/20241221/00049,3,P106367,3,650.25,SALE,2024-12-21T15:10:35,S01,20241221
S01/20241221/00049,4,P102409,4,326.59,SALE,2024-12-21T15:10:35,S01,20241221
S01/20241221/00049,5,TAX,1,882.51,TAX,2024-12-21T15:10:35,S01,20241221
S01/20241221/00049,6,TENDER,1,8765.77,TENDER,2024-12-21T15:10:35,S01,20241221
S01/20241221/00050,1,P107822,5,69.77,SALE,2024-12-21T18:25:22,S01,20241221
S01/20241221/00050,2,P106336,1,452.43,SALE,2024-12-21T18:25:22,S01,20241221
S01/20241221/00050,3,P105765,3,529.25,SALE,2024-12-21T18:25:22,S01,20241221
S01/20241221/00050,4,P108275,1,504.53,SALE,2024-12-21T18:25:22,S01,20241221
S01/20241221/00050,5,TAX,1,520.84,TAX,2024-12-21T18:25:22,S01,20241221
S01/20241221/00050,6,TENDER,1,3414.40,TENDER,2024-12-21T18:25:22,S01,20241221
S01/20241221/00051,1,P105965,2,66.08,SALE,2024-12-21T16:55:30,S01,20241221
S01/20241221/00051,2,P104097,1,330.82,SALE,2024-12-21T16:55:30,S01,20241221
S01/20241221/00051,3,TAX,1,46.31,TAX,2024-12-21T16:55:30,S01,20241221
S01/20241221/00051,4,TENDER,1,509.29,TENDER,2024-12-21T16:55:30,S01,20241221
S01/20241221/00052,1,P106745,2,621.98,SALE,2024-12-21T18:32:36,S01,20241221
S01/20241221/00052,2,P108379,3,300.71,SALE,2024-12-21T18:32:36,S01,20241221
S01/20241221/00052,3,TAX,1,332.17,TAX,2024-12-21T18:32:36,S01,20241221
S01/20241221/00052,4,TENDER,1,2478.26,TENDER,2024-12-21T18:32:36,S01,20241221
S01/20241221/00053,1,P100406,3,435.20,SALE,2024-12-21T17:36:59,S01,20241221
S01/20241221/00053,2,P103732,1,94.74,SALE,2024-12-21T17:36:59,S01,20241221
S01/20241221/00053,3,P105483,2,160.65,SALE,2024-12-21T17:36:59,S01,20241221
S01/20241221/00053,4,P105198,2,15.39,SALE,2024-12-21T17:36:59,S01,20241221
S01/20241221/00053,5,P101660,2,193.14,SALE,2024-12-21T17:36:59,S01,20241221
S01/20241221/00053,6,P101454,1,148.61,SALE,2024-12-21T17:36:59,S01,20241221
S01/20241221/00053,7,P104820,2,207.26,SALE,2024-12-21T17:36:59,S01,20241221
S01/20241221/00053,8,TAX,1,243.31,TAX,2024-12-21T17:36:59,S01,20241221
S01/20241221/00053,9,TENDER,1,2945.14,TENDER,2024-12-21T17:36:59,S01,20241221
S01/20241221/00054,1,P104992,1,979.87,SALE,2024-12-21T20:57:27,S01,20241221
S01/20241221/00054,2,P105069,4,168.30,SALE,2024-12-21T20:57:27,S01,20241221
S01/20241221/00054,3,TAX,1,121.18,TAX,2024-12-21T20:57:27,S01,20241221
S01/20241221/00054,4,TENDER,1,1774.25,TENDER,2024-12-21T20:57:27,S01,20241221
S01/20241221/00055,1,P106671,1,90.38,SALE,2024-12-21T19:21:46,S01,20241221
S01/20241221/00055,2,P104410,3,541.11,SALE,2024-12-21T19:21:46,S01,20241221
S01/20241221/00055,3,P107623,3,468.34,SALE,2024-12-21T19:21:46,S01,20241221
S01/20241221/00055,4,P103575,3,54.47,SALE,2024-12-21T19:21:46,S01,20241221
S01/20241221/00055,5,P106751,2,134.60,SALE,2024-12-21T19:21:46,S01,20241221
S01/20241221/00055,6,TAX,1,571.25,TAX,2024-12-21T19:21:46,S01,20241221
S01/20241221/00055,7,TENDER,1,4122.59,TENDER,2024-12-21T19:21:46,S01,20241221
S01/20241221/00056,1,P103214,1,283.38,SALE,2024-12-21T19:31:30,S01,20241221
S01/20241221/00056,2,P106885,1,137.92,SALE,2024-12-21T19:31:30,S01,20241221
S01/20241221/00056,3,P106989,2,26.75,SALE,2024-12-21T19:31:30,S01,20241221
S01/20241221/00056,4,P100883,1,723.68,SALE,2024-12-21T19:31:30,S01,20241221
S01/20241221/00056,5,P108206,2,81.62,SALE,2024-12-21T19:31:30,S01,20241221
S01/20241221/00056,6,P101444,1,838.86,SALE,2024-12-21T19:31:30,S01,20241221
S01/20241221/00056,7,TAX,1,126.75,TAX,2024-12-21T19:31:30,S01,20241221
S01/20241221/00056,8,TENDER,1,2327.33,TENDER,2024-12-21T19:31:30,S01,20241221
S01/20241221/00057,1,P103777,1,44.82,SALE,2024-12-21T18:52:54,S01,20241221
S01/20241221/00057,2,P108046,2,101.85,SALE,2024-12-21T18:52:54,S01,20241221
S01/20241221/00057,3,P101248,2,497.50,SALE,2024-12-21T18:52:54,S01,20241221
S01/20241221/00057,4,P103559,3,370.21,SALE,2024-12-21T18:52:54,S01,20241221
S01/20241221/00057,5,P102074,1,415.90,SALE,2024-12-21T18:52:54,S01,20241221
S01/20241221/00057,6,P100131,1,667.83,SALE,2024-12-21T18:52:54,S01,20241221
S01/20241221/00057,7,TAX,1,374.47,TAX,2024-12-21T18:52:54,S01,20241221
S01/20241221/00057,8,TENDER,1,3812.35,TENDER,2024-12-21T18:52:54,S01,20241221
S01/20241221/00058,1,P101177,2,166.36,SALE,2024-12-21T12:18:04,S01,20241221
S01/20241221/00058,2,P100555,3,435.03,SALE,2024-12-21T12:18:04,S01,20241221
S01/20241221/00058,3,P107630,2,309.72,SALE,2024-12-21T12:18:04,S01,20241221
S01/20241221/00058,4,P103340,2,537.50,SALE,2024-12-21T12:18:04,S01,20241221
S01/20241221/00058,5,P102744,1,98.75,SALE,2024-12-21T12:18:04,S01,20241221
S01/20241221/00058,6,P103406,3,1248.48,SALE,2024-12-21T12:18:04,S01,20241221
S01/20241221/00058,7,TAX,1,1010.94,TAX,2024-12-21T12:18:04,S01,20241221
S01/20241221/00058,8,TENDER,1,8187.38,TENDER,2024-12-21T12:18:04,S01,20241221
S01/20241221/00059,1,P101626,1,1040.69,SALE,2024-12-21T15:45:29,S01,20241221
S01/20241221/00059,2,P100305,2,771.81,SALE,2024-12-21T15:45:29,S01,20241221
S01/20241221/00059,3,P103171,3,68.42,SALE,2024-12-21T15:45:29,S01,20241221
S01/20241221/00059,4,P103202,3,295.26,SALE,2024-12-21T15:45:29,S01,20241221
S01/20241221/00059,5,TAX,1,241.44,TAX,2024-12-21T15:45:29,S01,20241221
S01/20241221/00059,6,TENDER,1,3916.79,TENDER,2024-12-21T15:45:29,S01,20241221
S01/20241221/00060,1,P106282,3,448.43,SALE,2024-12-21T14:40:30,S01,20241221
S01/20241221/00060,2,P104858,1,331.88,SALE,2024-12-21T14:40:30,S01,20241221
S01/20241221/00060,3,TAX,1,281.98,TAX,2024-12-21T14:40:30,S01,20241221
S01/20241221/00060,4,TENDER,1,1959.15,TENDER,2024-12-21T14:40:30,S01,20241221
S01/20241221/00061,1,P105695,1,158.81,SALE,2024-12-21T13:29:01,S01,20241221
S01/20241221/00061,2,P100621,1,134.28,SALE,2024-12-21T13:29:01,S01,20241221
S01/20241221/00061,3,P100057,1,233.39,SALE,2024-12-21T13:29:01,S01,20241221
S01/20241221/00061,4,TAX,1,60.12,TAX,2024-12-21T13:29:01,S01,20241221
S01/20241221/00061,5,TENDER,1,586.60,TENDER,2024-12-21T13:29:01,S01,20241221
S01/20241221/00062,1,P103864,2,540.44,SALE,2024-12-21T23:57:43,S01,20241221
S01/20241221/00062,2,P100066,2,251.22,SALE,2024-12-21T23:57:43,S01,20241221
S01/20241221/00062,3,P103144,2,145.27,SALE,2024-12-21T23:57:43,S01,20241221
S01/20241221/00062,4,P107100,2,200.76,SALE,2024-12-21T23:57:43,S01,20241221
S01/20241221/00062,5,P100348,1,527.90,SALE,2024-12-21T23:57:43,S01,20241221
S01/20241221/00062,6,P105897,2,249.03,SALE,2024-12-21T23:57:43,S01,20241221
S01/20241221/00062,7,TAX,1,293.35,TAX,2024-12-21T23:57:43,S01,20241221
S01/20241221/00062,8,TENDER,1,3594.69,TENDER,2024-12-21T23:57:43,S01,20241221
S01/20241221/00063,1,P107520,1,139.81,SALE,2024-12-21T20:05:34,S01,20241221
S01/20241221/00063,2,P103171,3,68.42,SALE,2024-12-21T20:05:34,S01,20241221
S01/20241221/00063,3,P107759,1,257.69,SALE,2024-12-21T20:05:34,S01,20241221
S01/20241221/00063,4,P100421,3,121.56,SALE,2024-12-21T20:05:34,S01,20241221
S01/20241221/00063,5,P101899,2,326.35,SALE,2024-12-21T20:05:34,S01,20241221
S01/20241221/00063,6,P105288,3,271.73,SALE,2024-12-21T20:05:34,S01,20241221
S01/20241221/00063,7,P106501,2,164.07,SALE,2024-12-21T20:05:34,S01,20241221
S01/20241221/00063,8,P104187,2,86.95,SALE,2024-12-21T20:05:34,S01,20241221
S01/20241221/00063,9,P100722,2,330.17,SALE,2024-12-21T20:05:34,S01,20241221
S01/20241221/00063,10,P103822,1,594.96,SALE,2024-12-21T20:05:34,S01,20241221
S01/20241221/00063,11,P104512,2,94.53,SALE,2024-12-21T20:05:34,S01,20241221
S01/20241221/00063,12,P107777,2,222.77,SALE,2024-12-21T20:05:34,S01,20241221
S01/20241221/00063,13,TAX,1,319.05,TAX,2024-12-21T20:05:34,S01,20241221
S01/20241221/00063,14,TENDER,1,5146.32,TENDER,2024-12-21T20:05:34,S01,20241221
S01/20241221/00064,1,P107536,2,1613.47,SALE,2024-12-21T19:39:35,S01,20241221
S01/20241221/00064,2,P101842,4,227.96,SALE,2024-12-21T19:39:35,S01,20241221
S01/20241221/00064,3,P103054,3,145.96,SALE,2024-12-21T19:39:35,S01,20241221
S01/20241221/00064,4,P101543,2,178.10,SALE,2024-12-21T19:39:35,S01,20241221
S01/20241221/00064,5,P105589,2,90.25,SALE,2024-12-21T19:39:35,S01,20241221
S01/20241221/00064,6,TAX,1,142.20,TAX,2024-12-21T19:39:35,S01,20241221
S01/20241221/00064,7,TENDER,1,5255.56,TENDER,2024-12-21T19:39:35,S01,20241221
S01/20241221/00065,1,P105845,1,112.18,SALE,2024-12-21T11:32:24,S01,20241221
S01/20241221/00065,2,P101004,1,357.75,SALE,2024-12-21T11:32:24,S01,20241221
S01/20241221/00065,3,P106563,3,469.90,SALE,2024-12-21T11:32:24,S01,20241221
S01/20241221/00065,4,TAX,1,207.24,TAX,2024-12-21T11:32:24,S01,20241221
S01/20241221/00065,5,TENDER,1,2086.87,TENDER,2024-12-21T11:32:24,S01,20241221
S01/20241221/00066,1,P101842,2,227.96,SALE,2024-12-21T17:29:08,S01,20241221
S01/20241221/00066,2,P107292,4,372.98,SALE,2024-12-21T17:29:08,S01,20241221
S01/20241221/00066,3,P102794,1,416.24,SALE,2024-12-21T17:29:08,S01,20241221
S01/20241221/00066,4,P106035,3,86.76,SALE,2024-12-21T17:29:08,S01,20241221
S01/20241221/00066,5,DISC,1,-158.13,DISCOUNT,2024-12-21T17:29:08,S01,20241221
S01/20241221/00066,6,TAX,1,233.69,TAX,2024-12-21T17:29:08,S01,20241221
S01/20241221/00066,7,TENDER,1,2699.92,TENDER,2024-12-21T17:29:08,S01,20241221
S01/20241221/00067,1,P104854,4,35.80,SALE,2024-12-21T16:32:18,S01,20241221
S01/20241221/00067,2,P104517,4,1474.90,SALE,2024-12-21T16:32:18,S01,20241221
S01/20241221/00067,3,P104008,1,116.02,SALE,2024-12-21T16:32:18,S01,20241221
S01/20241221/00067,4,P105860,1,674.13,SALE,2024-12-21T16:32:18,S01,20241221
S01/20241221/00067,5,TAX,1,39.51,TAX,2024-12-21T16:32:18,S01,20241221
S01/20241221/00067,6,TENDER,1,6872.46,TENDER,2024-12-21T16:32:18,S01,20241221
S01/20241221/00068,1,P106174,2,229.89,SALE,2024-12-21T19:20:44,S01,20241221
S01/20241221/00068,2,P103732,1,94.74,SALE,2024-12-21T19:20:44,S01,20241221
S01/20241221/00068,3,P103616,2,662.98,SALE,2024-12-21T19:20:44,S01,20241221
S01/20241221/00068,4,P104554,3,437.01,SALE,2024-12-21T19:20:44,S01,20241221
S01/20241221/00068,5,DISC,1,-278.47,DISCOUNT,2024-12-21T19:20:44,S01,20241221
S01/20241221/00068,6,TAX,1,208.43,TAX,2024-12-21T19:20:44,S01,20241221
S01/20241221/00068,7,TENDER,1,3121.47,TENDER,2024-12-21T19:20:44,S01,20241221
S01/20241221/00069,1,P105369,1,143.76,SALE,2024-12-21T13:53:28,S01,20241221
S01/20241221/00069,2,TAX,1,25.88,TAX,2024-12-21T13:53:28,S01,20241221
S01/20241221/00069,3,TENDER,1,169.64,TENDER,2024-12-21T13:53:28,S01,20241221
S01/20241221/00070,1,P100686,1,800.21,SALE,2024-12-21T17:29:57,S01,20241221
S01/20241221/00070,2,P107767,1,510.38,SALE,2024-12-21T17:29:57,S01,20241221
S01/20241221/00070,3,P107028,2,56.60,SALE,2024-12-21T17:29:57,S01,20241221
S01/20241221/00070,4,P100609,4,75.79,SALE,2024-12-21T17:29:57,S01,20241221
S01/20241221/00070,5,P106735,1,320.99,SALE,2024-12-21T17:29:57,S01,20241221
S01/20241221/00070,6,P103647,2,42.08,SALE,2024-12-21T17:29:57,S01,20241221
S01/20241221/00070,7,P107973,2,271.93,SALE,2024-12-21T17:29:57,S01,20241221
S01/20241221/00070,8,DISC,1,-194.60,DISCOUNT,2024-12-21T17:29:57,S01,20241221
S01/20241221/00070,9,TAX,1,155.08,TAX,2024-12-21T17:29:57,S01,20241221
S01/20241221/00070,10,TENDER,1,2636.44,TENDER,2024-12-21T17:29:57,S01,20241221
S01/20241221/00071,1,P105209,4,399.92,SALE,2024-12-21T17:26:06,S01,20241221
S01/20241221/00071,2,P104517,2,1474.90,SALE,2024-12-21T17:26:06,S01,20241221
S01/20241221/00071,3,P101332,2,400.98,SALE,2024-12-21T17:26:06,S01,20241221
S01/20241221/00071,4,DISC,1,-491.00,DISCOUNT,2024-12-21T17:26:06,S01,20241221
S01/20241221/00071,5,TAX,1,392.63,TAX,2024-12-21T17:26:06,S01,20241221
S01/20241221/00071,6,TENDER,1,5253.07,TENDER,2024-12-21T17:26:06,S01,20241221
S01/20241221/00072,1,P102945,4,43.42,SALE,2024-12-21T20:08:09,S01,20241221
S01/20241221/00072,2,P106367,4,650.25,SALE,2024-12-21T20:08:09,S01,20241221
S01/20241221/00072,3,P107472,2,64.61,SALE,2024-12-21T20:08:09,S01,20241221
S01/20241221/00072,4,P104756,2,373.50,SALE,2024-12-21T20:08:09,S01,20241221
S01/20241221/00072,5,P106490,2,671.88,SALE,2024-12-21T20:08:09,S01,20241221
S01/20241221/00072,6,P101263,2,684.55,SALE,2024-12-21T20:08:09,S01,20241221
S01/20241221/00072,7,P100582,1,170.67,SALE,2024-12-21T20:08:09,S01,20241221
S01/20241221/00072,8,DISC,1,-168.02,DISCOUNT,2024-12-21T20:08:09,S01,20241221
S01/20241221/00072,9,TAX,1,520.83,TAX,2024-12-21T20:08:09,S01,20241221
S01/20241221/00072,10,TENDER,1,6887.24,TENDER,2024-12-21T20:08:09,S01,20241221
S01/20241221/00073,1,P100362,2,282.80,SALE,2024-12-21T11:15:20,S01,20241221
S01/20241221/00073,2,P107208,2,323.06,SALE,2024-12-21T11:15:20,S01,20241221
S01/20241221/00073,3,P102868,1,471.29,SALE,2024-12-21T11:15:20,S01,20241221
S01/20241221/00073,4,TAX,1,117.14,TAX,2024-12-21T11:15:20,S01,20241221
S01/20241221/00073,5,TENDER,1,1800.15,TENDER,2024-12-21T11:15:20,S01,20241221
S01/20241221/00074,1,P100308,2,328.66,SALE,2024-12-21T22:39:02,S01,20241221
S01/20241221/00074,2,P106865,5,299.72,SALE,2024-12-21T22:39:02,S01,20241221
S01/20241221/00074,3,P104266,4,431.11,SALE,2024-12-21T22:39:02,S01,20241221
S01/20241221/00074,4,P107422,2,193.56,SALE,2024-12-21T22:39:02,S01,20241221
S01/20241221/00074,5,P101393,1,36.64,SALE,2024-12-21T22:39:02,S01,20241221
S01/20241221/00074,6,DISC,1,-91.33,DISCOUNT,2024-12-21T22:39:02,S01,20241221
S01/20241221/00074,7,TAX,1,665.78,TAX,2024-12-21T22:39:02,S01,20241221
S01/20241221/00074,8,TENDER,1,4878.57,TENDER,2024-12-21T22:39:02,S01,20241221
S01/20241221/00075,1,P104478,1,18.27,SALE,2024-12-21T12:09:16,S01,20241221
S01/20241221/00075,2,P107564,2,325.35,SALE,2024-12-21T12:09:16,S01,20241221
S01/20241221/00075,3,P107775,1,737.39,SALE,2024-12-21T12:09:16,S01,20241221
S01/20241221/00075,4,TAX,1,118.24,TAX,2024-12-21T12:09:16,S01,20241221
S01/20241221/00075,5,TENDER,1,1524.60,TENDER,2024-12-21T12:09:16,S01,20241221
S01/20241221/00076,1,P106620,2,273.19,SALE,2024-12-21T15:11:40,S01,20241221
S01/20241221/00076,2,P104008,1,116.02,SALE,2024-12-21T15:11:40,S01,20241221
S01/20241221/00076,3,P104404,3,890.27,SALE,2024-12-21T15:11:40,S01,20241221
S01/20241221/00076,4,P100582,4,170.67,SALE,2024-12-21T15:11:40,S01,20241221
S01/20241221/00076,5,P107542,2,162.57,SALE,2024-12-21T15:11:40,S01,20241221
S01/20241221/00076,6,P102664,2,261.47,SALE,2024-12-21T15:11:40,S01,20241221
S01/20241221/00076,7,P106745,3,621.98,SALE,2024-12-21T15:11:40,S01,20241221
S01/20241221/00076,8,TAX,1,944.74,TAX,2024-12-21T15:11:40,S01,20241221
S01/20241221/00076,9,TENDER,1,7674.65,TENDER,2024-12-21T15:11:40,S01,20241221
S01/20241222/00001,1,P106367,2,650.25,SALE,2024-12-22T16:31:37,S01,20241222
S01/20241222/00001,2,P100717,2,561.52,SALE,2024-12-22T16:31:37,S01,20241222
S01/20241222/00001,3,P107815,3,106.85,SALE,2024-12-22T16:31:37,S01,20241222
S01/20241222/00001,4,P107119,3,18.29,SALE,2024-12-22T16:31:37,S01,20241222
S01/20241222/00001,5,P106200,1,119.89,SALE,2024-12-22T16:31:37,S01,20241222
S01/20241222/00001,6,P100421,1,121.56,SALE,2024-12-22T16:31:37,S01,20241222
S01/20241222/00001,7,P100057,2,233.39,SALE,2024-12-22T16:31:37,S01,20241222
S01/20241222/00001,8,TAX,1,385.92,TAX,2024-12-22T16:31:37,S01,20241222
S01/20241222/00001,9,TENDER,1,3893.11,TENDER,2024-12-22T16:31:37,S01,20241222
S01/20241222/00002,1,P108335,3,187.61,SALE,2024-12-22T17:11:03,S01,20241222
S01/20241222/00002,2,P102023,1,425.67,SALE,2024-12-22T17:11:03,S01,20241222
S01/20241222/00002,3,P104789,5,67.52,SALE,2024-12-22T17:11:03,S01,20241222
S01/20241222/00002,4,TAX,1,51.08,TAX,2024-12-22T17:11:03,S01,20241222
S01/20241222/00002,5,TENDER,1,1377.18,TENDER,2024-12-22T17:11:03,S01,20241222
S01/20241222/00003,1,P107012,2,109.16,SALE,2024-12-22T23:26:08,S01,20241222
S01/20241222/00003,2,P101884,2,352.98,SALE,2024-12-22T23:26:08,S01,20241222
S01/20241222/00003,3,P108186,2,324.50,SALE,2024-12-22T23:26:08,S01,20241222
S01/20241222/00003,4,P105083,6,245.38,SALE,2024-12-22T23:26:08,S01,20241222
S01/20241222/00003,5,TAX,1,438.52,TAX,2024-12-22T23:26:08,S01,20241222
S01/20241222/00003,6,TENDER,1,3484.08,TENDER,2024-12-22T23:26:08,S01,20241222
S01/20241222/00004,1,P104072,3,724.10,SALE,2024-12-22T10:17:40,S01,20241222
S01/20241222/00004,2,P106415,2,911.99,SALE,2024-12-22T10:17:40,S01,20241222
S01/20241222/00004,3,P100889,2,1028.39,SALE,2024-12-22T10:17:40,S01,20241222
S01/20241222/00004,4,P106133,2,370.91,SALE,2024-12-22T10:17:40,S01,20241222
S01/20241222/00004,5,DISC,1,-271.31,DISCOUNT,2024-12-22T10:17:40,S01,20241222
S01/20241222/00004,6,TAX,1,541.35,TAX,2024-12-22T10:17:40,S01,20241222
S01/20241222/00004,7,TENDER,1,7064.92,TENDER,2024-12-22T10:17:40,S01,20241222
S01/20241222/00005,1,P105035,3,159.58,SALE,2024-12-22T18:58:50,S01,20241222
S01/20241222/00005,2,P104980,4,92.75,SALE,2024-12-22T18:58:50,S01,20241222
S01/20241222/00005,3,P103908,2,104.62,SALE,2024-12-22T18:58:50,S01,20241222
S01/20241222/00005,4,P105369,2,143.76,SALE,2024-12-22T18:58:50,S01,20241222
S01/20241222/00005,5,TAX,1,95.41,TAX,2024-12-22T18:58:50,S01,20241222
S01/20241222/00005,6,TENDER,1,1441.91,TENDER,2024-12-22T18:58:50,S01,20241222
S01/20241222/00006,1,P107197,2,669.72,SALE,2024-12-22T17:57:08,S01,20241222
S01/20241222/00006,2,P104302,2,1255.97,SALE,2024-12-22T17:57:08,S01,20241222
S01/20241222/00006,3,P101894,1,668.48,SALE,2024-12-22T17:57:08,S01,20241222
S01/20241222/00006,4,TAX,1,622.75,TAX,2024-12-22T17:57:08,S01,20241222
S01/20241222/00006,5,TENDER,1,5142.61,TENDER,2024-12-22T17:57:08,S01,20241222
S01/20241222/00007,1,P102364,4,104.57,SALE,2024-12-22T09:51:02,S01,20241222
S01/20241222/00007,2,P105139,2,119.64,SALE,2024-12-22T09:51:02,S01,20241222
S01/20241222/00007,3,P105227,5,292.54,SALE,2024-12-22T09:51:02,S01,20241222
S01/20241222/00007,4,P106330,2,218.33,SALE,2024-12-22T09:51:02,S01,20241222
S01/20241222/00007,5,P100044,2,737.05,SALE,2024-12-22T09:51:02,S01,20241222
S01/20241222/00007,6,TAX,1,535.02,TAX,2024-12-22T09:51:02,S01,20241222
S01/20241222/00007,7,TENDER,1,4566.04,TENDER,2024-12-22T09:51:02,S01,20241222
S01/20241222/00008,1,P108313,3,455.94,SALE,2024-12-22T17:39:04,S01,20241222
S01/20241222/00008,2,P101813,1,273.64,SALE,2024-12-22T17:39:04,S01,20241222
S01/20241222/00008,3,TAX,1,164.14,TAX,2024-12-22T17:39:04,S01,20241222
S01/20241222/00008,4,TENDER,1,1805.60,TENDER,2024-12-22T17:39:04,S01,20241222
S01/20241222/00009,1,P100260,2,1120.33,SALE,2024-12-22T20:51:15,S01,20241222
S01/20241222/00009,2,P103668,1,1530.18,SALE,2024-12-22T20:51:15,S01,20241222
S01/20241222/00009,3,P107848,1,267.41,SALE,2024-12-22T20:51:15,S01,20241222
S01/20241222/00009,4,TAX,1,89.88,TAX,2024-12-22T20:51:15,S01,20241222
S01/20241222/00009,5,TENDER,1,4128.13,TENDER,2024-12-22T20:51:15,S01,20241222
S01/20241222/00010,1,P105855,2,123.28,SALE,2024-12-22T15:38:34,S01,20241222
S01/20241222/00010,2,P107414,5,565.57,SALE,2024-12-22T15:38:34,S01,20241222
S01/20241222/00010,3,P104175,3,814.13,SALE,2024-12-22T15:38:34,S01,20241222
S01/20241222/00010,4,TAX,1,153.72,TAX,2024-12-22T15:38:34,S01,20241222
S01/20241222/00010,5,TENDER,1,5670.52,TENDER,2024-12-22T15:38:34,S01,20241222
S01/20241222/00011,1,P103645,2,285.25,SALE,2024-12-22T13:35:30,S01,20241222
S01/20241222/00011,2,P106270,1,308.83,SALE,2024-12-22T13:35:30,S01,20241222
S01/20241222/00011,3,TAX,1,0.00,TAX,2024-12-22T13:35:30,S01,20241222
S01/20241222/00011,4,TENDER,1,879.33,TENDER,2024-12-22T13:35:30,S01,20241222
S01/20241222/00012,1,P104344,2,390.44,SALE,2024-12-22T16:54:35,S01,20241222
S01/20241222/00012,2,P100438,2,66.55,SALE,2024-12-22T16:54:35,S01,20241222
S01/20241222/00012,3,P101440,1,253.26,SALE,2024-12-22T16:54:35,S01,20241222
S01/20241222/00012,4,P107301,2,945.94,SALE,2024-12-22T16:54:35,S01,20241222
S01/20241222/00012,5,P101142,2,102.04,SALE,2024-12-22T16:54:35,S01,20241222
S01/20241222/00012,6,P106221,5,31.65,SALE,2024-12-22T16:54:35,S01,20241222
S01/20241222/00012,7,TAX,1,200.19,TAX,2024-12-22T16:54:35,S01,20241222
S01/20241222/00012,8,TENDER,1,3621.64,TENDER,2024-12-22T16:54:35,S01,20241222
S01/20241222/00013,1,P107743,3,197.87,SALE,2024-12-22T10:09:12,S01,20241222
S01/20241222/00013,2,P108067,2,640.50,SALE,2024-12-22T10:09:12,S01,20241222
S01/20241222/00013,3,P102735,2,534.08,SALE,2024-12-22T10:09:12,S01,20241222
S01/20241222/00013,4,P105092,2,57.00,SALE,2024-12-22T10:09:12,S01,20241222
S01/20241222/00013,5,P101311,2,481.74,SALE,2024-12-22T10:09:12,S01,20241222
S01/20241222/00013,6,P102193,4,343.13,SALE,2024-12-22T10:09:12,S01,20241222
S01/20241222/00013,7,P103530,2,427.69,SALE,2024-12-22T10:09:12,S01,20241222
S01/20241222/00013,8,TAX,1,733.22,TAX,2024-12-22T10:09:12,S01,20241222
S01/20241222/00013,9,TENDER,1,6981.37,TENDER,2024-12-22T10:09:12,S01,20241222
S01/20241222/00014,1,P104708,1,487.33,SALE,2024-12-22T17:46:44,S01,20241222
S01/20241222/00014,2,P104389,2,169.98,SALE,2024-12-22T17:46:44,S01,20241222
S01/20241222/00014,3,P106697,2,342.69,SALE,2024-12-22T17:46:44,S01,20241222
S01/20241222/00014,4,P101585,2,10.45,SALE,2024-12-22T17:46:44,S01,20241222
S01/20241222/00014,5,P102779,3,25.62,SALE,2024-12-22T17:46:44,S01,20241222
S01/20241222/00014,6,P102559,4,86.19,SALE,2024-12-22T17:46:44,S01,20241222
S01/20241222/00014,7,P106512,3,467.07,SALE,2024-12-22T17:46:44,S01,20241222
S01/20241222/00014,8,P106927,2,156.05,SALE,2024-12-22T17:46:44,S01,20241222
S01/20241222/00014,9,TAX,1,465.85,TAX,2024-12-22T17:46:44,S01,20241222
S01/20241222/00014,10,TENDER,1,4134.35,TENDER,2024-12-22T17:46:44,S01,20241222
S01/20241222/00015,1,P105106,1,104.56,SALE,2024-12-22T20:16:50,S01,20241222
S01/20241222/00015,2,P103504,3,366.55,SALE,2024-12-22T20:16:50,S01,20241222
S01/20241222/00015,3,TAX,1,150.78,TAX,2024-12-22T20:16:50,S01,20241222
S01/20241222/00015,4,TENDER,1,1354.99,TENDER,2024-12-22T20:16:50,S01,20241222
S01/20241222/00016,1,P105176,2,509.66,SALE,2024-12-22T16:38:04,S01,20241222
S01/20241222/00016,2,P103259,1,298.27,SALE,2024-12-22T16:38:04,S01,20241222
S01/20241222/00016,3,P103090,2,841.97,SALE,2024-12-22T16:38:04,S01,20241222
S01/20241222/00016,4,P105729,2,75.27,SALE,2024-12-22T16:38:04,S01,20241222
S01/20241222/00016,5,TAX,1,294.77,TAX,2024-12-22T16:38:04,S01,20241222
S01/20241222/00016,6,TENDER,1,3446.84,TENDER,2024-12-22T16:38:04,S01,20241222
S01/20241222/00017,1,P106948,1,209.81,SALE,2024-12-22T16:22:28,S01,20241222
S01/20241222/00017,2,P103855,1,322.11,SALE,2024-12-22T16:22:28,S01,20241222
S01/20241222/00017,3,P105677,2,109.29,SALE,2024-12-22T16:22:28,S01,20241222
S01/20241222/00017,4,P101095,3,205.38,SALE,2024-12-22T16:22:28,S01,20241222
S01/20241222/00017,5,TAX,1,107.81,TAX,2024-12-22T16:22:28,S01,20241222
S01/20241222/00017,6,TENDER,1,1474.45,TENDER,2024-12-22T16:22:28,S01,20241222
S01/20241222/00018,1,P106858,3,281.23,SALE,2024-12-22T19:52:36,S01,20241222
S01/20241222/00018,2,P102296,2,48.88,SALE,2024-12-22T19:52:36,S01,20241222
S01/20241222/00018,3,P106367,2,650.25,SALE,2024-12-22T19:52:36,S01,20241222
S01/20241222/00018,4,TAX,1,234.49,TAX,2024-12-22T19:52:36,S01,20241222
S01/20241222/00018,5,TENDER,1,2476.44,TENDER,2024-12-22T19:52:36,S01,20241222
S01/20241222/00019,1,P103785,1,576.37,SALE,2024-12-22T13:03:50,S01,20241222
S01/20241222/00019,2,P104933,2,560.59,SALE,2024-12-22T13:03:50,S01,20241222
S01/20241222/00019,3,P107667,2,367.93,SALE,2024-12-22T13:03:50,S01,20241222
S01/20241222/00019,4,P105815,2,320.65,SALE,2024-12-22T13:03:50,S01,20241222
S01/20241222/00019,5,DISC,1,-170.33,DISCOUNT,2024-12-22T13:03:50,S01,20241222
S01/20241222/00019,6,TAX,1,412.07,TAX,2024-12-22T13:03:50,S01,20241222
S01/20241222/00019,7,TENDER,1,3316.45,TENDER,2024-12-22T13:03:50,S01,20241222
S01/20241222/00020,1,P102695,2,1277.24,SALE,2024-12-22T13:31:19,S01,20241222
S01/20241222/00020,2,P106473,3,297.16,SALE,2024-12-22T13:31:19,S01,20241222
S01/20241222/00020,3,P107354,2,227.60,SALE,2024-12-22T13:31:19,S01,20241222
S01/20241222/00020,4,P101533,2,975.60,SALE,2024-12-22T13:31:19,S01,20241222
S01/20241222/00020,5,P108026,4,103.54,SALE,2024-12-22T13:31:19,S01,20241222
S01/20241222/00020,6,DISC,1,-509.11,DISCOUNT,2024-12-22T13:31:19,S01,20241222
S01/20241222/00020,7,TAX,1,762.86,TAX,2024-12-22T13:31:19,S01,20241222
S01/20241222/00020,8,TENDER,1,6520.27,TENDER,2024-12-22T13:31:19,S01,20241222
S01/20241222/00021,1,P102510,3,37.13,SALE,2024-12-22T17:45:53,S01,20241222
S01/20241222/00021,2,P103806,3,319.17,SALE,2024-12-22T17:45:53,S01,20241222
S01/20241222/00021,3,P102485,1,208.13,SALE,2024-12-22T17:45:53,S01,20241222
S01/20241222/00021,4,TAX,1,23.77,TAX,2024-12-22T17:45:53,S01,20241222
S01/20241222/00021,5,TENDER,1,1300.80,TENDER,2024-12-22T17:45:53,S01,20241222
S01/20241222/00022,1,P101298,1,224.87,SALE,2024-12-22T12:53:56,S01,20241222
S01/20241222/00022,2,P104133,1,248.31,SALE,2024-12-22T12:53:56,S01,20241222
S01/20241222/00022,3,P106490,4,671.88,SALE,2024-12-22T12:53:56,S01,20241222
S01/20241222/00022,4,P106948,2,209.81,SALE,2024-12-22T12:53:56,S01,20241222
S01/20241222/00022,5,P101279,1,242.90,SALE,2024-12-22T12:53:56,S01,20241222
S01/20241222/00022,6,TAX,1,47.97,TAX,2024-12-22T12:53:56,S01,20241222
S01/20241222/00022,7,TENDER,1,3871.19,TENDER,2024-12-22T12:53:56,S01,20241222
S01/20241222/00023,1,P103348,4,485.60,SALE,2024-12-22T10:09:17,S01,20241222
S01/20241222/00023,2,P106044,1,40.72,SALE,2024-12-22T10:09:17,S01,20241222
S01/20241222/00023,3,P102510,1,37.13,SALE,2024-12-22T10:09:17,S01,20241222
S01/20241222/00023,4,P108008,1,128.46,SALE,2024-12-22T10:09:17,S01,20241222
S01/20241222/00023,5,P107795,1,284.47,SALE,2024-12-22T10:09:17,S01,20241222
S01/20241222/00023,6,P102181,2,1615.15,SALE,2024-12-22T10:09:17,S01,20241222
S01/20241222/00023,7,DISC,1,-635.22,DISCOUNT,2024-12-22T10:09:17,S01,20241222
S01/20241222/00023,8,TAX,1,147.53,TAX,2024-12-22T10:09:17,S01,20241222
S01/20241222/00023,9,TENDER,1,5175.79,TENDER,2024-12-22T10:09:17,S01,20241222
S01/20241222/00024,1,P102184,2,101.58,SALE,2024-12-22T14:36:39,S01,20241222
S01/20241222/00024,2,P106844,1,23.44,SALE,2024-12-22T14:36:39,S01,20241222
S01/20241222/00024,3,P107278,2,55.18,SALE,2024-12-22T14:36:39,S01,20241222
S01/20241222/00024,4,P108131,4,627.37,SALE,2024-12-22T14:36:39,S01,20241222
S01/20241222/00024,5,P106106,4,219.14,SALE,2024-12-22T14:36:39,S01,20241222
S01/20241222/00024,6,P101127,1,51.94,SALE,2024-12-22T14:36:39,S01,20241222
S01/20241222/00024,7,TAX,1,337.29,TAX,2024-12-22T14:36:39,S01,20241222
S01/20241222/00024,8,TENDER,1,4112.23,TENDER,2024-12-22T14:36:39,S01,20241222
S01/20241222/00025,1,P108067,3,640.50,SALE,2024-12-22T13:47:34,S01,20241222
S01/20241222/00025,2,P105757,2,248.44,SALE,2024-12-22T13:47:34,S01,20241222
S01/20241222/00025,3,P100819,2,1109.59,SALE,2024-12-22T13:47:34,S01,20241222
S01/20241222/00025,4,TAX,1,24.84,TAX,2024-12-22T13:47:34,S01,20241222
S01/20241222/00025,5,TENDER,1,4662.40,TENDER,2024-12-22T13:47:34,S01,20241222
S01/20241222/00026,1,P102290,2,587.69,SALE,2024-12-22T18:04:44,S01,20241222
S01/20241222/00026,2,DISC,1,-79.34,DISCOUNT,2024-12-22T18:04:44,S01,20241222
S01/20241222/00026,3,TAX,1,131.52,TAX,2024-12-22T18:04:44,S01,20241222
S01/20241222/00026,4,TENDER,1,1227.56,TENDER,2024-12-22T18:04:44,S01,20241222
S01/20241222/00027,1,P105425,2,153.55,SALE,2024-12-22T18:36:54,S01,20241222
S01/20241222/00027,2,P107018,2,187.58,SALE,2024-12-22T18:36:54,S01,20241222
S01/20241222/00027,3,TAX,1,34.11,TAX,2024-12-22T18:36:54,S01,20241222
S01/20241222/00027,4,TENDER,1,716.37,TENDER,2024-12-22T18:36:54,S01,20241222
S01/20241222/00028,1,P101660,2,193.14,SALE,2024-12-22T20:24:00,S01,20241222
S01/20241222/00028,2,P102998,1,158.64,SALE,2024-12-22T20:24:00,S01,20241222
S01/20241222/00028,3,P103461,1,109.46,SALE,2024-12-22T20:24:00,S01,20241222
S01/20241222/00028,4,P101796,2,990.67,SALE,2024-12-22T20:24:00,S01,20241222
S01/20241222/00028,5,P101037,1,613.83,SALE,2024-12-22T20:24:00,S01,20241222
S01/20241222/00028,6,TAX,1,270.56,TAX,2024-12-22T20:24:00,S01,20241222
S01/20241222/00028,7,TENDER,1,3520.11,TENDER,2024-12-22T20:24:00,S01,20241222
S01/20241222/00029,1,P101023,1,213.62,SALE,2024-12-22T22:51:54,S01,20241222
S01/20241222/00029,2,P105929,1,11.18,SALE,2024-12-22T22:51:54,S01,20241222
S01/20241222/00029,3,P104266,3,396.62,SALE,2024-12-22T22:51:54,S01,20241222
S01/20241222/00029,4,P100991,2,173.46,SALE,2024-12-22T22:51:54,S01,20241222
S01/20241222/00029,5,P101796,4,990.67,SALE,2024-12-22T22:51:54,S01,20241222
S01/20241222/00029,6,TAX,1,442.35,TAX,2024-12-22T22:51:54,S01,20241222
S01/20241222/00029,7,TENDER,1,6166.61,TENDER,2024-12-22T22:51:54,S01,20241222
S01/20241222/00030,1,P102814,3,543.91,SALE,2024-12-22T12:47:53,S01,20241222
S01/20241222/00030,2,P102656,4,194.33,SALE,2024-12-22T12:47:53,S01,20241222
S01/20241222/00030,3,P102516,3,1272.67,SALE,2024-12-22T12:47:53,S01,20241222
S01/20241222/00030,4,P107063,3,387.93,SALE,2024-12-22T12:47:53,S01,20241222
S01/20241222/00030,5,P102091,1,87.97,SALE,2024-12-22T12:47:53,S01,20241222
S01/20241222/00030,6,P106620,5,273.19,SALE,2024-12-22T12:47:53,S01,20241222
S01/20241222/00030,7,TAX,1,614.92,TAX,2024-12-22T12:47:53,S01,20241222
S01/20241222/00030,8,TENDER,1,9459.69,TENDER,2024-12-22T12:47:53,S01,20241222
S01/20241222/00031,1,P100260,1,1120.33,SALE,2024-12-22T17:49:02,S01,20241222
S01/20241222/00031,2,P103606,1,185.94,SALE,2024-12-22T17:49:02,S01,20241222
S01/20241222/00031,3,P102566,3,414.37,SALE,2024-12-22T17:49:02,S01,20241222
S01/20241222/00031,4,P102122,1,138.84,SALE,2024-12-22T17:49:02,S01,20241222
S01/20241222/00031,5,P103068,3,153.43,SALE,2024-12-22T17:49:02,S01,20241222
S01/20241222/00031,6,TAX,1,119.46,TAX,2024-12-22T17:49:02,S01,20241222
S01/20241222/00031,7,TENDER,1,3267.97,TENDER,2024-12-22T17:49:02,S01,20241222
S01/20241222/00032,1,P102067,1,181.50,SALE,2024-12-22T14:19:58,S01,20241222
S01/20241222/00032,2,P108300,2,286.59,SALE,2024-12-22T14:19:58,S01,20241222
S01/20241222/00032,3,P104625,2,296.80,SALE,2024-12-22T14:19:58,S01,20241222
S01/20241222/00032,4,TAX,1,112.25,TAX,2024-12-22T14:19:58,S01,20241222
S01/20241222/00032,5,TENDER,1,1460.53,TENDER,2024-12-22T14:19:58,S01,20241222
S01/20241222/00033,1,P108017,2,105.98,SALE,2024-12-22T16:35:01,S01,20241222
S01/20241222/00033,2,P101543,1,178.10,SALE,2024-12-22T16:35:01,S01,20241222
S01/20241222/00033,3,P100940,2,199.52,SALE,2024-12-22T16:35:01,S01,20241222
S01/20241222/00033,4,P107759,4,257.69,SALE,2024-12-22T16:35:01,S01,20241222
S01/20241222/00033,5,P101298,2,224.87,SALE,2024-12-22T16:35:01,S01,20241222
S01/20241222/00033,6,P107863,4,575.65,SALE,2024-12-22T16:35:01,S01,20241222
S01/20241222/00033,7,P101428,2,431.72,SALE,2024-12-22T16:35:01,S01,20241222
S01/20241222/00033,8,TAX,1,727.74,TAX,2024-12-22T16:35:01,S01,20241222
S01/20241222/00033,9,TENDER,1,6163.38,TENDER,2024-12-22T16:35:01,S01,20241222
S01/20241222/00034,1,P101825,2,183.68,SALE,2024-12-22T17:15:59,S01,20241222
S01/20241222/00034,2,P101710,4,345.87,SALE,2024-12-22T17:15:59,S01,20241222
S01/20241222/00034,3,P100453,1,207.31,SALE,2024-12-22T17:15:59,S01,20241222
S01/20241222/00034,4,TAX,1,209.26,TAX,2024-12-22T17:15:59,S01,20241222
S01/20241222/00034,5,TENDER,1,2167.41,TENDER,2024-12-22T17:15:59,S01,20241222
S01/20241222/00035,1,P101648,1,334.22,SALE,2024-12-22T16:11:03,S01,20241222
S01/20241222/00035,2,P106009,2,372.60,SALE,2024-12-22T16:11:03,S01,20241222
S01/20241222/00035,3,TAX,1,106.14,TAX,2024-12-22T16:11:03,S01,20241222
S01/20241222/00035,4,TENDER,1,1185.56,TENDER,2024-12-22T16:11:03,S01,20241222
S01/20241222/00036,1,P103435,2,443.24,SALE,2024-12-22T12:56:52,S01,20241222
S01/20241222/00036,2,P101106,1,543.49,SALE,2024-12-22T12:56:52,S01,20241222
S01/20241222/00036,3,P101974,5,302.00,SALE,2024-12-22T12:56:52,S01,20241222
S01/20241222/00036,4,P100305,1,771.81,SALE,2024-12-22T12:56:52,S01,20241222
S01/20241222/00036,5,P102023,1,425.67,SALE,2024-12-22T12:56:52,S01,20241222
S01/20241222/00036,6,DISC,1,-445.38,DISCOUNT,2024-12-22T12:56:52,S01,20241222
S01/20241222/00036,7,TAX,1,454.76,TAX,2024-12-22T12:56:52,S01,20241222
S01/20241222/00036,8,TENDER,1,4146.83,TENDER,2024-12-22T12:56:52,S01,20241222
S01/20241222/00037,1,P106522,1,203.79,SALE,2024-12-22T16:10:16,S01,20241222
S01/20241222/00037,2,P102982,1,255.95,SALE,2024-12-22T16:10:16,S01,20241222
S01/20241222/00037,3,P103074,1,58.14,SALE,2024-12-22T16:10:16,S01,20241222
S01/20241222/00037,4,P100652,3,45.46,SALE,2024-12-22T16:10:16,S01,20241222
S01/20241222/00037,5,P106669,2,102.72,SALE,2024-12-22T16:10:16,S01,20241222
S01/20241222/00037,6,P105167,2,826.20,SALE,2024-12-22T16:10:16,S01,20241222
S01/20241222/00037,7,P107721,4,92.25,SALE,2024-12-22T16:10:16,S01,20241222
S01/20241222/00037,8,P103701,2,1171.33,SALE,2024-12-22T16:10:16,S01,20241222
S01/20241222/00037,9,TAX,1,301.30,TAX,2024-12-22T16:10:16,S01,20241222
S01/20241222/00037,10,TENDER,1,5525.06,TENDER,2024-12-22T16:10:16,S01,20241222
S01/20241222/00038,1,P107516,-3,565.20,RETURN,2024-12-22T12:23:13,S01,20241222
S01/20241222/00038,2,P105695,-1,158.81,RETURN,2024-12-22T12:23:13,S01,20241222
S01/20241222/00038,3,P100940,-2,199.52,RETURN,2024-12-22T12:23:13,S01,20241222
S01/20241222/00038,4,P101283,-2,263.48,RETURN,2024-12-22T12:23:13,S01,20241222
S01/20241222/00038,5,TAX,1,-479.83,TAX,2024-12-22T12:23:13,S01,20241222
S01/20241222/00038,6,TENDER,1,-3260.24,TENDER,2024-12-22T12:23:13,S01,20241222
S01/20241222/00039,1,P103861,2,57.59,SALE,2024-12-23T00:41:04,S01,20241222
S01/20241222/00039,2,P108032,2,648.04,SALE,2024-12-23T00:41:04,S01,20241222
S01/20241222/00039,3,P101859,1,66.16,SALE,2024-12-23T00:41:04,S01,20241222
S01/20241222/00039,4,P100406,1,435.20,SALE,2024-12-23T00:41:04,S01,20241222
S01/20241222/00039,5,P102067,2,181.50,SALE,2024-12-23T00:41:04,S01,20241222
S01/20241222/00039,6,P106464,3,277.18,SALE,2024-12-23T00:41:04,S01,20241222
S01/20241222/00039,7,P107294,2,85.13,SALE,2024-12-23T00:41:04,S01,20241222
S01/20241222/00039,8,DISC,1,-67.46,DISCOUNT,2024-12-23T00:41:04,S01,20241222
S01/20241222/00039,9,TAX,1,310.90,TAX,2024-12-23T00:41:04,S01,20241222
S01/20241222/00039,10,TENDER,1,3520.86,TENDER,2024-12-23T00:41:04,S01,20241222
S01/20241222/00040,1,P107973,1,271.93,SALE,2024-12-22T19:23:58,S01,20241222
S01/20241222/00040,2,P103273,3,356.86,SALE,2024-12-22T19:23:58,S01,20241222
S01/20241222/00040,3,DISC,1,-103.10,DISCOUNT,2024-12-22T19:23:58,S01,20241222
S01/20241222/00040,4,TAX,1,131.16,TAX,2024-12-22T19:23:58,S01,20241222
S01/20241222/00040,5,TENDER,1,1370.57,TENDER,2024-12-22T19:23:58,S01,20241222
S01/20241222/00041,1,P103124,4,523.92,SALE,2024-12-22T15:23:20,S01,20241222
S01/20241222/00041,2,P107012,4,109.16,SALE,2024-12-22T15:23:20,S01,20241222
S01/20241222/00041,3,TAX,1,399.05,TAX,2024-12-22T15:23:20,S01,20241222
S01/20241222/00041,4,TENDER,1,2931.37,TENDER,2024-12-22T15:23:20,S01,20241222
S01/20241222/00042,1,P106191,2,1230.97,SALE,2024-12-22T16:23:52,S01,20241222
S01/20241222/00042,2,P104417,4,332.65,SALE,2024-12-22T16:23:52,S01,20241222
S01/20241222/00042,3,P100268,1,197.00,SALE,2024-12-22T16:23:52,S01,20241222
S01/20241222/00042,4,P108186,1,324.50,SALE,2024-12-22T16:23:52,S01,20241222
S01/20241222/00042,5,TAX,1,208.46,TAX,2024-12-22T16:23:52,S01,20241222
S01/20241222/00042,6,TENDER,1,4522.50,TENDER,2024-12-22T16:23:52,S01,20241222
S01/20241222/00043,1,P106035,1,86.76,SALE,2024-12-22T15:10:32,S01,20241222
S01/20241222/00043,2,P100921,3,441.43,SALE,2024-12-22T15:10:32,S01,20241222
S01/20241222/00043,3,P101599,3,417.76,SALE,2024-12-22T15:10:32,S01,20241222
S01/20241222/00043,4,P102801,3,108.87,SALE,2024-12-22T15:10:32,S01,20241222
S01/20241222/00043,5,P103760,3,103.67,SALE,2024-12-22T15:10:32,S01,20241222
S01/20241222/00043,6,P106357,1,1078.45,SALE,2024-12-22T15:10:32,S01,20241222
S01/20241222/00043,7,P107242,2,635.24,SALE,2024-12-22T15:10:32,S01,20241222
S01/20241222/00043,8,P104567,2,141.21,SALE,2024-12-22T15:10:32,S01,20241222
S01/20241222/00043,9,P100816,1,806.93,SALE,2024-12-22T15:10:32,S01,20241222
S01/20241222/00043,10,P102814,1,543.91,SALE,2024-12-22T15:10:32,S01,20241222
S01/20241222/00043,11,TAX,1,945.21,TAX,2024-12-22T15:10:32,S01,20241222
S01/20241222/00043,12,TENDER,1,8229.35,TENDER,2024-12-22T15:10:32,S01,20241222
S01/20241222/00044,1,P105541,1,189.75,SALE,2024-12-22T17:48:42,S01,20241222
S01/20241222/00044,2,P103206,1,450.05,SALE,2024-12-22T17:48:42,S01,20241222
S01/20241222/00044,3,P102664,1,261.47,SALE,2024-12-22T17:48:42,S01,20241222
S01/20241222/00044,4,TAX,1,162.23,TAX,2024-12-22T17:48:42,S01,20241222
S01/20241222/00044,5,TENDER,1,1063.50,TENDER,2024-12-22T17:48:42,S01,20241222
S01/20241222/00045,1,P104439,2,123.98,SALE,2024-12-22T18:21:46,S01,20241222
S01/20241222/00045,2,P107623,2,468.34,SALE,2024-12-22T18:21:46,S01,20241222
S01/20241222/00045,3,P104950,2,91.01,SALE,2024-12-22T18:21:46,S01,20241222
S01/20241222/00045,4,P106907,4,321.26,SALE,2024-12-22T18:21:46,S01,20241222
S01/20241222/00045,5,TAX,1,246.00,TAX,2024-12-22T18:21:46,S01,20241222
S01/20241222/00045,6,TENDER,1,2897.70,TENDER,2024-12-22T18:21:46,S01,20241222
S01/20241222/00046,1,P102175,1,191.56,SALE,2024-12-22T23:56:32,S01,20241222
S01/20241222/00046,2,P103328,4,228.35,SALE,2024-12-22T23:56:32,S01,20241222
S01/20241222/00046,3,P105092,2,57.00,SALE,2024-12-22T23:56:32,S01,20241222
S01/20241222/00046,4,TAX,1,184.93,TAX,2024-12-22T23:56:32,S01,20241222
S01/20241222/00046,5,TENDER,1,1403.89,TENDER,2024-12-22T23:56:32,S01,20241222
S01/20241222/00047,1,P107943,2,252.32,SALE,2024-12-22T17:10:05,S01,20241222
S01/20241222/00047,2,P107984,1,357.15,SALE,2024-12-22T17:10:05,S01,20241222
S01/20241222/00047,3,P103606,2,185.94,SALE,2024-12-22T17:10:05,S01,20241222
S01/20241222/00047,4,DISC,1,-102.99,DISCOUNT,2024-12-22T17:10:05,S01,20241222
S01/20241222/00047,5,TAX,1,159.21,TAX,2024-12-22T17:10:05,S01,20241222
S01/20241222/00047,6,TENDER,1,1289.89,TENDER,2024-12-22T17:10:05,S01,20241222
S01/20241222/00048,1,P101242,2,92.35,SALE,2024-12-22T15:40:18,S01,20241222
S01/20241222/00048,2,P102207,3,342.36,SALE,2024-12-22T15:40:18,S01,20241222
S01/20241222/00048,3,P105337,1,35.20,SALE,2024-12-22T15:40:18,S01,20241222
S01/20241222/00048,4,P106297,3,155.53,SALE,2024-12-22T15:40:18,S01,20241222
S01/20241222/00048,5,P101515,1,60.18,SALE,2024-12-22T15:40:18,S01,20241222
S01/20241222/00048,6,TAX,1,242.24,TAX,2024-12-22T15:40:18,S01,20241222
S01/20241222/00048,7,TENDER,1,2015.99,TENDER,2024-12-22T15:40:18,S01,20241222
S01/20241222/00049,1,P107178,3,298.69,SALE,2024-12-22T15:34:51,S01,20241222
S01/20241222/00049,2,P105897,2,249.03,SALE,2024-12-22T15:34:51,S01,20241222
S01/20241222/00049,3,P105450,1,252.15,SALE,2024-12-22T15:34:51,S01,20241222
S01/20241222/00049,4,P104372,1,105.38,SALE,2024-12-22T15:34:51,S01,20241222
S01/20241222/00049,5,TAX,1,172.56,TAX,2024-12-22T15:34:51,S01,20241222
S01/20241222/00049,6,TENDER,1,1924.22,TENDER,2024-12-22T15:34:51,S01,20241222
S01/20241222/00050,1,P104992,2,979.87,SALE,2024-12-22T15:19:55,S01,20241222
S01/20241222/00050,2,P100494,2,67.32,SALE,2024-12-22T15:19:55,S01,20241222
S01/20241222/00050,3,P104898,2,181.50,SALE,2024-12-22T15:19:55,S01,20241222
S01/20241222/00050,4,P103243,4,231.63,SALE,2024-12-22T15:19:55,S01,20241222
S01/20241222/00050,5,P103922,2,51.00,SALE,2024-12-22T15:19:55,S01,20241222
S01/20241222/00050,6,TAX,1,107.07,TAX,2024-12-22T15:19:55,S01,20241222
S01/20241222/00050,7,TENDER,1,3592.97,TENDER,2024-12-22T15:19:55,S01,20241222
S01/20241222/00051,1,P108162,1,257.55,SALE,2024-12-22T17:48:53,S01,20241222
S01/20241222/00051,2,P103243,1,231.63,SALE,2024-12-22T17:48:53,S01,20241222
S01/20241222/00051,3,P106151,4,274.55,SALE,2024-12-22T17:48:53,S01,20241222
S01/20241222/00051,4,P106133,2,370.91,SALE,2024-12-22T17:48:53,S01,20241222
S01/20241222/00051,5,P108239,1,256.06,SALE,2024-12-22T17:48:53,S01,20241222
S01/20241222/00051,6,P102217,2,68.46,SALE,2024-12-22T17:48:53,S01,20241222
S01/20241222/00051,7,TAX,1,335.86,TAX,2024-12-22T17:48:53,S01,20241222
S01/20241222/00051,8,TENDER,1,3058.04,TENDER,2024-12-22T17:48:53,S01,20241222
S01/20241222/00052,1,P103340,2,537.50,SALE,2024-12-22T13:49:25,S01,20241222
S01/20241222/00052,2,P107100,1,200.76,SALE,2024-12-22T13:49:25,S01,20241222
S01/20241222/00052,3,P107158,3,147.89,SALE,2024-12-22T13:49:25,S01,20241222
S01/20241222/00052,4,P104909,1,363.10,SALE,2024-12-22T13:49:25,S01,20241222
S01/20241222/00052,5,P104478,2,18.27,SALE,2024-12-22T13:49:25,S01,20241222
S01/20241222/00052,6,P105570,3,345.21,SALE,2024-12-22T13:49:25,S01,20241222
S01/20241222/00052,7,TAX,1,355.81,TAX,2024-12-22T13:49:25,S01,20241222
S01/20241222/00052,8,TENDER,1,3510.51,TENDER,2024-12-22T13:49:25,S01,20241222
S01/20241222/00053,1,P103584,1,402.02,SALE,2024-12-22T12:04:07,S01,20241222
S01/20241222/00053,2,P105176,1,509.66,SALE,2024-12-22T12:04:07,S01,20241222
S01/20241222/00053,3,P101404,3,228.51,SALE,2024-12-22T12:04:07,S01,20241222
S01/20241222/00053,4,TAX,1,198.38,TAX,2024-12-22T12:04:07,S01,20241222
S01/20241222/00053,5,TENDER,1,1795.59,TENDER,2024-12-22T12:04:07,S01,20241222
S01/20241222/00054,1,P102945,2,43.42,SALE,2024-12-22T12:49:28,S01,20241222
S01/20241222/00054,2,P107253,3,249.41,SALE,2024-12-22T12:49:28,S01,20241222
S01/20241222/00054,3,P101603,3,965.71,SALE,2024-12-22T12:49:28,S01,20241222
S01/20241222/00054,4,P101851,2,1750.29,SALE,2024-12-22T12:49:28,S01,20241222
S01/20241222/00054,5,P102755,2,75.17,SALE,2024-12-22T12:49:28,S01,20241222
S01/20241222/00054,6,P103864,2,540.44,SALE,2024-12-22T12:49:28,S01,20241222
S01/20241222/00054,7,P103144,2,145.27,SALE,2024-12-22T12:49:28,S01,20241222
S01/20241222/00054,8,DISC,1,-638.01,DISCOUNT,2024-12-22T12:49:28,S01,20241222
S01/20241222/00054,9,TAX,1,407.35,TAX,2024-12-22T12:49:28,S01,20241222
S01/20241222/00054,10,TENDER,1,8523.88,TENDER,2024-12-22T12:49:28,S01,20241222
S01/20241222/00055,1,P104554,1,437.01,SALE,2024-12-22T12:46:47,S01,20241222
S01/20241222/00055,2,P106679,4,181.66,SALE,2024-12-22T12:46:47,S01,20241222
S01/20241222/00055,3,P100711,1,101.23,SALE,2024-12-22T12:46:47,S01,20241222
S01/20241222/00055,4,TAX,1,70.66,TAX,2024-12-22T12:46:47,S01,20241222
S01/20241222/00055,5,TENDER,1,1335.54,TENDER,2024-12-22T12:46:47,S01,20241222
S01/20241222/00056,1,P104236,1,289.43,SALE,2024-12-22T23:39:09,S01,20241222
S01/20241222/00056,2,P101037,2,613.83,SALE,2024-12-22T23:39:09,S01,20241222
S01/20241222/00056,3,P104526,2,363.05,SALE,2024-12-22T23:39:09,S01,20241222
S01/20241222/00056,4,TAX,1,309.38,TAX,2024-12-22T23:39:09,S01,20241222
S01/20241222/00056,5,TENDER,1,2552.57,TENDER,2024-12-22T23:39:09,S01,20241222
S01/20241222/00057,1,P107676,5,213.04,SALE,2024-12-22T19:08:18,S01,20241222
S01/20241222/00057,2,P108346,3,534.07,SALE,2024-12-22T19:08:18,S01,20241222
S01/20241222/00057,3,P101813,2,273.64,SALE,2024-12-22T19:08:18,S01,20241222
S01/20241222/00057,4,P103188,3,30.16,SALE,2024-12-22T19:08:18,S01,20241222
S01/20241222/00057,5,TAX,1,149.66,TAX,2024-12-22T19:08:18,S01,20241222
S01/20241222/00057,6,TENDER,1,3454.83,TENDER,2024-12-22T19:08:18,S01,20241222
S01/20241222/00058,1,P107327,3,1138.42,SALE,2024-12-22T10:38:56,S01,20241222
S01/20241222/00058,2,P102903,1,51.46,SALE,2024-12-22T10:38:56,S01,20241222
S01/20241222/00058,3,P105707,3,130.64,SALE,2024-12-22T10:38:56,S01,20241222
S01/20241222/00058,4,P107542,3,162.57,SALE,2024-12-22T10:38:56,S01,20241222
S01/20241222/00058,5,P106221,3,31.65,SALE,2024-12-22T10:38:56,S01,20241222
S01/20241222/00058,6,P105356,4,232.26,SALE,2024-12-22T10:38:56,S01,20241222
S01/20241222/00058,7,P103222,2,427.41,SALE,2024-12-22T10:38:56,S01,20241222
S01/20241222/00058,8,P102581,3,185.56,SALE,2024-12-22T10:38:56,S01,20241222
S01/20241222/00058,9,TAX,1,250.25,TAX,2024-12-22T10:38:56,S01,20241222
S01/20241222/00058,10,TENDER,1,7032.09,TENDER,2024-12-22T10:38:56,S01,20241222
S01/20241222/00059,1,P100456,1,982.47,SALE,2024-12-22T16:38:39,S01,20241222
S01/20241222/00059,2,P104891,3,757.22,SALE,2024-12-22T16:38:39,S01,20241222
S01/20241222/00059,3,P104676,1,87.52,SALE,2024-12-22T16:38:39,S01,20241222
S01/20241222/00059,4,P102922,2,120.15,SALE,2024-12-22T16:38:39,S01,20241222
S01/20241222/00059,5,P107145,2,235.69,SALE,2024-12-22T16:38:39,S01,20241222
S01/20241222/00059,6,P105252,3,12.09,SALE,2024-12-22T16:38:39,S01,20241222
S01/20241222/00059,7,P100057,3,233.39,SALE,2024-12-22T16:38:39,S01,20241222
S01/20241222/00059,8,P107715,3,241.95,SALE,2024-12-22T16:38:39,S01,20241222
S01/20241222/00059,9,TAX,1,658.50,TAX,2024-12-22T16:38:39,S01,20241222
S01/20241222/00059,10,TENDER,1,6174.12,TENDER,2024-12-22T16:38:39,S01,20241222
S01/20241222/00060,1,P108001,1,96.97,SALE,2024-12-22T17:26:51,S01,20241222
S01/20241222/00060,2,P103259,1,274.41,SALE,2024-12-22T17:26:51,S01,20241222
S01/20241222/00060,3,P107385,2,811.35,SALE,2024-12-22T17:26:51,S01,20241222
S01/20241222/00060,4,P102744,3,98.75,SALE,2024-12-22T17:26:51,S01,20241222
S01/20241222/00060,5,P102432,2,895.86,SALE,2024-12-22T17:26:51,S01,20241222
S01/20241222/00060,6,P103510,2,196.86,SALE,2024-12-22T17:26:51,S01,20241222
S01/20241222/00060,7,DISC,1,-168.62,DISCOUNT,2024-12-22T17:26:51,S01,20241222
S01/20241222/00060,8,TAX,1,318.18,TAX,2024-12-22T17:26:51,S01,20241222
S01/20241222/00060,9,TENDER,1,4625.33,TENDER,2024-12-22T17:26:51,S01,20241222
S01/20241222/00061,1,P105260,3,72.61,SALE,2024-12-22T17:23:23,S01,20241222
S01/20241222/00061,2,P102042,2,151.18,SALE,2024-12-22T17:23:23,S01,20241222
S01/20241222/00061,3,P103606,1,185.94,SALE,2024-12-22T17:23:23,S01,20241222
S01/20241222/00061,4,P104670,3,108.77,SALE,2024-12-22T17:23:23,S01,20241222
S01/20241222/00061,5,TAX,1,130.46,TAX,2024-12-22T17:23:23,S01,20241222
S01/20241222/00061,6,TENDER,1,1162.90,TENDER,2024-12-22T17:23:23,S01,20241222
S01/20241222/00062,1,P102112,5,389.72,SALE,2024-12-22T17:17:28,S01,20241222
S01/20241222/00062,2,P101142,2,102.04,SALE,2024-12-22T17:17:28,S01,20241222
S01/20241222/00062,3,P104541,1,149.08,SALE,2024-12-22T17:17:28,S01,20241222
S01/20241222/00062,4,P101064,3,33.84,SALE,2024-12-22T17:17:28,S01,20241222
S01/20241222/00062,5,P107242,1,635.24,SALE,2024-12-22T17:17:28,S01,20241222
S01/20241222/00062,6,P107526,2,54.94,SALE,2024-12-22T17:17:28,S01,20241222
S01/20241222/00062,7,P104898,1,181.50,SALE,2024-12-22T17:17:28,S01,20241222
S01/20241222/00062,8,TAX,1,344.66,TAX,2024-12-22T17:17:28,S01,20241222
S01/20241222/00062,9,TENDER,1,3674.56,TENDER,2024-12-22T17:17:28,S01,20241222
S01/20241222/00063,1,P100717,3,561.52,SALE,2024-12-22T17:37:18,S01,20241222
S01/20241222/00063,2,P107605,2,1129.73,SALE,2024-12-22T17:37:18,S01,20241222
S01/20241222/00063,3,P105507,2,22.07,SALE,2024-12-22T17:37:18,S01,20241222
S01/20241222/00063,4,TAX,1,574.36,TAX,2024-12-22T17:37:18,S01,20241222
S01/20241222/00063,5,TENDER,1,4562.52,TENDER,2024-12-22T17:37:18,S01,20241222
S01/20241222/00064,1,P106776,1,445.40,SALE,2024-12-22T14:19:07,S01,20241222
S01/20241222/00064,2,P105236,2,552.60,SALE,2024-12-22T14:19:07,S01,20241222
S01/20241222/00064,3,P104072,2,724.10,SALE,2024-12-22T14:19:07,S01,20241222
S01/20241222/00064,4,P107564,2,325.35,SALE,2024-12-22T14:19:07,S01,20241222
S01/20241222/00064,5,P103012,3,240.75,SALE,2024-12-22T14:19:07,S01,20241222
S01/20241222/00064,6,P108076,3,151.55,SALE,2024-12-22T14:19:07,S01,20241222
S01/20241222/00064,7,P105890,3,1196.88,SALE,2024-12-22T14:19:07,S01,20241222
S01/20241222/00064,8,P102324,2,194.59,SALE,2024-12-22T14:19:07,S01,20241222
S01/20241222/00064,9,TAX,1,672.89,TAX,2024-12-22T14:19:07,S01,20241222
S01/20241222/00064,10,TENDER,1,9479.11,TENDER,2024-12-22T14:19:07,S01,20241222
S01/20241222/00065,1,P104774,3,81.81,SALE,2024-12-22T13:35:00,S01,20241222
S01/20241222/00065,2,P101710,2,345.87,SALE,2024-12-22T13:35:00,S01,20241222
S01/20241222/00065,3,P100494,2,67.32,SALE,2024-12-22T13:35:00,S01,20241222
S01/20241222/00065,4,P107775,3,737.39,SALE,2024-12-22T13:35:00,S01,20241222
S01/20241222/00065,5,P107463,1,188.92,SALE,2024-12-22T13:35:00,S01,20241222
S01/20241222/00065,6,P105136,1,158.61,SALE,2024-12-22T13:35:00,S01,20241222
S01/20241222/00065,7,P101990,1,408.52,SALE,2024-12-22T13:35:00,S01,20241222
S01/20241222/00065,8,P106426,1,154.27,SALE,2024-12-22T13:35:00,S01,20241222
S01/20241222/00065,9,P101095,3,205.38,SALE,2024-12-22T13:35:00,S01,20241222
S01/20241222/00065,10,TAX,1,340.92,TAX,2024-12-22T13:35:00,S01,20241222
S01/20241222/00065,11,TENDER,1,5151.36,TENDER,2024-12-22T13:35:00,S01,20241222
S01/20241222/00066,1,P106244,3,73.94,SALE,2024-12-22T13:01:10,S01,20241222
S01/20241222/00066,2,P103484,2,109.59,SALE,2024-12-22T13:01:10,S01,20241222
S01/20241222/00066,3,P105453,4,465.18,SALE,2024-12-22T13:01:10,S01,20241222
S01/20241222/00066,4,P101911,1,1431.80,SALE,2024-12-22T13:01:10,S01,20241222
S01/20241222/00066,5,DISC,1,-142.61,DISCOUNT,2024-12-22T13:01:10,S01,20241222
S01/20241222/00066,6,TAX,1,385.68,TAX,2024-12-22T13:01:10,S01,20241222
S01/20241222/00066,7,TENDER,1,3976.59,TENDER,2024-12-22T13:01:10,S01,20241222
S01/20241223/00001,1,P101384,4,42.99,SALE,2024-12-23T16:35:20,S01,20241223
S01/20241223/00001,2,P103328,2,228.35,SALE,2024-12-23T16:35:20,S01,20241223
S01/20241223/00001,3,TAX,1,90.80,TAX,2024-12-23T16:35:20,S01,20241223
S01/20241223/00001,4,TENDER,1,719.46,TENDER,2024-12-23T16:35:20,S01,20241223
S01/20241223/00002,1,P103504,3,366.55,SALE,2024-12-23T10:00:54,S01,20241223
S01/20241223/00002,2,P103785,3,606.71,SALE,2024-12-23T10:00:54,S01,20241223
S01/20241223/00002,3,P102397,3,355.28,SALE,2024-12-23T10:00:54,S01,20241223
S01/20241223/00002,4,P102217,3,68.46,SALE,2024-12-23T10:00:54,S01,20241223
S01/20241223/00002,5,TAX,1,478.27,TAX,2024-12-23T10:00:54,S01,20241223
S01/20241223/00002,6,TENDER,1,4669.27,TENDER,2024-12-23T10:00:54,S01,20241223
S01/20241223/00003,1,P103896,2,203.30,SALE,2024-12-23T17:19:42,S01,20241223
S01/20241223/00003,2,P108361,1,73.59,SALE,2024-12-23T17:19:42,S01,20241223
S01/20241223/00003,3,P100924,2,50.37,SALE,2024-12-23T17:19:42,S01,20241223
S01/20241223/00003,4,P100319,1,54.97,SALE,2024-12-23T17:19:42,S01,20241223
S01/20241223/00003,5,TAX,1,94.07,TAX,2024-12-23T17:19:42,S01,20241223
S01/20241223/00003,6,TENDER,1,729.97,TENDER,2024-12-23T17:19:42,S01,20241223
S01/20241223/00004,1,P107884,2,29.77,SALE,2024-12-23T11:56:36,S01,20241223
S01/20241223/00004,2,P102724,2,391.04,SALE,2024-12-23T11:56:36,S01,20241223
S01/20241223/00004,3,P101492,1,113.44,SALE,2024-12-23T11:56:36,S01,20241223
S01/20241223/00004,4,P101454,2,148.61,SALE,2024-12-23T11:56:36,S01,20241223
S01/20241223/00004,5,TAX,1,207.58,TAX,2024-12-23T11:56:36,S01,20241223
S01/20241223/00004,6,TENDER,1,1459.86,TENDER,2024-12-23T11:56:36,S01,20241223
S01/20241223/00005,1,P106123,3,248.44,SALE,2024-12-23T13:20:15,S01,20241223
S01/20241223/00005,2,P107190,2,223.50,SALE,2024-12-23T13:20:15,S01,20241223
S01/20241223/00005,3,P107495,5,448.19,SALE,2024-12-23T13:20:15,S01,20241223
S01/20241223/00005,4,P100549,1,320.43,SALE,2024-12-23T13:20:15,S01,20241223
S01/20241223/00005,5,P101543,2,178.10,SALE,2024-12-23T13:20:15,S01,20241223
S01/20241223/00005,6,P101127,1,51.94,SALE,2024-12-23T13:20:15,S01,20241223
S01/20241223/00005,7,TAX,1,451.94,TAX,2024-12-23T13:20:15,S01,20241223
S01/20241223/00005,8,TENDER,1,4613.78,TENDER,2024-12-23T13:20:15,S01,20241223
S01/20241223/00006,1,P101940,3,201.44,SALE,2024-12-23T16:14:20,S01,20241223
S01/20241223/00006,2,P100033,1,828.62,SALE,2024-12-23T16:14:20,S01,20241223
S01/20241223/00006,3,P107863,1,575.65,SALE,2024-12-23T16:14:20,S01,20241223
S01/20241223/00006,4,P101106,3,543.49,SALE,2024-12-23T16:14:20,S01,20241223
S01/20241223/00006,5,P107516,2,565.20,SALE,2024-12-23T16:14:20,S01,20241223
S01/20241223/00006,6,TAX,1,502.56,TAX,2024-12-23T16:14:20,S01,20241223
S01/20241223/00006,7,TENDER,1,5272.02,TENDER,2024-12-23T16:14:20,S01,20241223
S01/20241223/00007,1,P105765,2,529.25,SALE,2024-12-23T16:15:15,S01,20241223
S01/20241223/00007,2,P103871,1,220.55,SALE,2024-12-23T16:15:15,S01,20241223
S01/20241223/00007,3,P105092,2,57.00,SALE,2024-12-23T16:15:15,S01,20241223
S01/20241223/00007,4,TAX,1,222.08,TAX,2024-12-23T16:15:15,S01,20241223
S01/20241223/00007,5,TENDER,1,1615.13,TENDER,2024-12-23T16:15:15,S01,20241223
S01/20241223/00008,1,P107623,1,468.34,SALE,2024-12-23T08:41:14,S01,20241223
S01/20241223/00008,2,P102045,2,21.89,SALE,2024-12-23T08:41:14,S01,20241223
S01/20241223/00008,3,P101305,1,114.22,SALE,2024-12-23T08:41:14,S01,20241223
S01/20241223/00008,4,P105490,3,154.49,SALE,2024-12-23T08:41:14,S01,20241223
S01/20241223/00008,5,P104802,1,213.28,SALE,2024-12-23T08:41:14,S01,20241223
S01/20241223/00008,6,P108076,3,151.55,SALE,2024-12-23T08:41:14,S01,20241223
S01/20241223/00008,7,P102255,2,167.76,SALE,2024-12-23T08:41:14,S01,20241223
S01/20241223/00008,8,TAX,1,316.39,TAX,2024-12-23T08:41:14,S01,20241223
S01/20241223/00008,9,TENDER,1,2409.65,TENDER,2024-12-23T08:41:14,S01,20241223
S01/20241223/00009,1,P103577,3,100.44,SALE,2024-12-23T15:32:16,S01,20241223
S01/20241223/00009,2,P104382,5,62.22,SALE,2024-12-23T15:32:16,S01,20241223
S01/20241223/00009,3,P107536,2,1613.47,SALE,2024-12-23T15:32:16,S01,20241223
S01/20241223/00009,4,P107373,1,96.28,SALE,2024-12-23T15:32:16,S01,20241223
S01/20241223/00009,5,P101613,3,125.30,SALE,2024-12-23T15:32:16,S01,20241223
S01/20241223/00009,6,P108275,1,504.53,SALE,2024-12-23T15:32:16,S01,20241223
S01/20241223/00009,7,P106958,2,125.66,SALE,2024-12-23T15:32:16,S01,20241223
S01/20241223/00009,8,P103273,2,356.86,SALE,2024-12-23T15:32:16,S01,20241223
S01/20241223/00009,9,TAX,1,341.07,TAX,2024-12-23T15:32:16,S01,20241223
S01/20241223/00009,10,TENDER,1,6122.18,TENDER,2024-12-23T15:32:16,S01,20241223
S01/20241223/00010,1,P103137,3,218.09,SALE,2024-12-23T16:58:18,S01,20241223
S01/20241223/00010,2,DISC,1,-72.33,DISCOUNT,2024-12-23T16:58:18,S01,20241223
S01/20241223/00010,3,TAX,1,69.83,TAX,2024-12-23T16:58:18,S01,20241223
S01/20241223/00010,4,TENDER,1,651.77,TENDER,2024-12-23T16:58:18,S01,20241223
S01/20241223/00011,1,P103712,-1,481.86,RETURN,2024-12-23T12:45:57,S01,20241223
S01/20241223/00011,2,TAX,1,-57.82,TAX,2024-12-23T12:45:57,S01,20241223
S01/20241223/00011,3,TENDER,1,-539.68,TENDER,2024-12-23T12:45:57,S01,20241223
S01/20241223/00012,1,P100131,3,667.83,SALE,2024-12-23T17:10:32,S01,20241223
S01/20241223/00012,2,P101660,1,193.14,SALE,2024-12-23T17:10:32,S01,20241223
S01/20241223/00012,3,P105252,2,12.09,SALE,2024-12-23T17:10:32,S01,20241223
S01/20241223/00012,4,P100649,3,618.96,SALE,2024-12-23T17:10:32,S01,20241223
S01/20241223/00012,5,P103105,2,34.12,SALE,2024-12-23T17:10:32,S01,20241223
S01/20241223/00012,6,TAX,1,359.56,TAX,2024-12-23T17:10:32,S01,20241223
S01/20241223/00012,7,TENDER,1,4505.49,TENDER,2024-12-23T17:10:32,S01,20241223
S01/20241223/00013,1,P104194,2,119.04,SALE,2024-12-23T16:16:52,S01,20241223
S01/20241223/00013,2,P106424,1,535.14,SALE,2024-12-23T16:16:52,S01,20241223
S01/20241223/00013,3,P102480,1,198.67,SALE,2024-12-23T16:16:52,S01,20241223
S01/20241223/00013,4,P101968,2,12.46,SALE,2024-12-23T16:16:52,S01,20241223
S01/20241223/00013,5,TAX,1,84.03,TAX,2024-12-23T16:16:52,S01,20241223
S01/20241223/00013,6,TENDER,1,1080.84,TENDER,2024-12-23T16:16:52,S01,20241223
S01/20241223/00014,1,P100855,2,345.07,SALE,2024-12-23T14:17:00,S01,20241223
S01/20241223/00014,2,P106783,4,94.23,SALE,2024-12-23T14:17:00,S01,20241223
S01/20241223/00014,3,P104625,2,296.80,SALE,2024-12-23T14:17:00,S01,20241223
S01/20241223/00014,4,P101622,2,272.35,SALE,2024-12-23T14:17:00,S01,20241223
S01/20241223/00014,5,TAX,1,219.31,TAX,2024-12-23T14:17:00,S01,20241223
S01/20241223/00014,6,TENDER,1,2424.67,TENDER,2024-12-23T14:17:00,S01,20241223
S01/20241223/00015,1,P107373,2,96.28,SALE,2024-12-23T17:34:59,S01,20241223
S01/20241223/00015,2,P106942,2,206.70,SALE,2024-12-23T17:34:59,S01,20241223
S01/20241223/00015,3,P104572,3,182.16,SALE,2024-12-23T17:34:59,S01,20241223
S01/20241223/00015,4,P108258,2,54.62,SALE,2024-12-23T17:34:59,S01,20241223
S01/20241223/00015,5,P101747,1,245.75,SALE,2024-12-23T17:34:59,S01,20241223
S01/20241223/00015,6,TAX,1,79.94,TAX,2024-12-23T17:34:59,S01,20241223
S01/20241223/00015,7,TENDER,1,1587.37,TENDER,2024-12-23T17:34:59,S01,20241223
S01/20241223/00016,1,P102139,3,1710.06,SALE,2024-12-23T13:16:17,S01,20241223
S01/20241223/00016,2,P107432,1,45.60,SALE,2024-12-23T13:16:17,S01,20241223
S01/20241223/00016,3,P107231,4,1193.22,SALE,2024-12-23T13:16:17,S01,20241223
S01/20241223/00016,4,P107246,4,313.74,SALE,2024-12-23T13:16:17,S01,20241223
S01/20241223/00016,5,P106282,4,448.43,SALE,2024-12-23T13:16:17,S01,20241223
S01/20241223/00016,6,P103749,2,17.91,SALE,2024-12-23T13:16:17,S01,20241223
S01/20241223/00016,7,P101321,2,24.76,SALE,2024-12-23T13:16:17,S01,20241223
S01/20241223/00016,8,P101674,2,387.70,SALE,2024-12-23T13:16:17,S01,20241223
S01/20241223/00016,9,DISC,1,-1531.10,DISCOUNT,2024-12-23T13:16:17,S01,20241223
S01/20241223/00016,10,TAX,1,856.15,TAX,2024-12-23T13:16:17,S01,20241223
S01/20241223/00016,11,TENDER,1,13183.13,TENDER,2024-12-23T13:16:17,S01,20241223
S01/20241223/00017,1,P100494,3,67.32,SALE,2024-12-23T18:39:18,S01,20241223
S01/20241223/00017,2,P103178,2,21.89,SALE,2024-12-23T18:39:18,S01,20241223
S01/20241223/00017,3,P102114,1,134.74,SALE,2024-12-23T18:39:18,S01,20241223
S01/20241223/00017,4,P107759,2,257.69,SALE,2024-12-23T18:39:18,S01,20241223
S01/20241223/00017,5,TAX,1,50.97,TAX,2024-12-23T18:39:18,S01,20241223
S01/20241223/00017,6,TENDER,1,946.83,TENDER,2024-12-23T18:39:18,S01,20241223
S01/20241223/00018,1,P101613,1,125.30,SALE,2024-12-23T16:47:13,S01,20241223
S01/20241223/00018,2,P101083,2,349.65,SALE,2024-12-23T16:47:13,S01,20241223
S01/20241223/00018,3,P106258,1,423.67,SALE,2024-12-23T16:47:13,S01,20241223
S01/20241223/00018,4,P106336,1,452.43,SALE,2024-12-23T16:47:13,S01,20241223
S01/20241223/00018,5,P100074,5,57.78,SALE,2024-12-23T16:47:13,S01,20241223
S01/20241223/00018,6,P100528,2,595.90,SALE,2024-12-23T16:47:13,S01,20241223
S01/20241223/00018,7,P103004,3,82.09,SALE,2024-12-23T16:47:13,S01,20241223
S01/20241223/00018,8,P107163,2,187.11,SALE,2024-12-23T16:47:13,S01,20241223
S01/20241223/00018,9,TAX,1,296.52,TAX,2024-12-23T16:47:13,S01,20241223
S01/20241223/00018,10,TENDER,1,4098.41,TENDER,2024-12-23T16:47:13,S01,20241223
S01/20241223/00019,1,P105260,2,72.61,SALE,2024-12-23T19:27:44,S01,20241223
S01/20241223/00019,2,P105805,4,110.21,SALE,2024-12-23T19:27:44,S01,20241223
S01/20241223/00019,3,P102794,1,416.24,SALE,2024-12-23T19:27:44,S01,20241223
S01/20241223/00019,4,P104858,1,331.88,SALE,2024-12-23T19:27:44,S01,20241223
S01/20241223/00019,5,TAX,1,57.25,TAX,2024-12-23T19:27:44,S01,20241223
S01/20241223/00019,6,TENDER,1,1391.43,TENDER,2024-12-23T19:27:44,S01,20241223
S01/20241223/00020,1,P107549,2,47.87,SALE,2024-12-23T19:23:55,S01,20241223
S01/20241223/00020,2,P100326,2,47.79,SALE,2024-12-23T19:23:55,S01,20241223
S01/20241223/00020,3,P103927,1,206.11,SALE,2024-12-23T19:23:55,S01,20241223
S01/20241223/00020,4,TAX,1,44.74,TAX,2024-12-23T19:23:55,S01,20241223
S01/20241223/00020,5,TENDER,1,442.17,TENDER,2024-12-23T19:23:55,S01,20241223
S01/20241223/00021,1,P100387,3,116.37,SALE,2024-12-23T22:09:18,S01,20241223
S01/20241223/00021,2,P101740,2,855.00,SALE,2024-12-23T22:09:18,S01,20241223
S01/20241223/00021,3,P107920,1,109.22,SALE,2024-12-23T22:09:18,S01,20241223
S01/20241223/00021,4,P103861,2,57.59,SALE,2024-12-23T22:09:18,S01,20241223
S01/20241223/00021,5,DISC,1,-266.23,DISCOUNT,2024-12-23T22:09:18,S01,20241223
S01/20241223/00021,6,TAX,1,37.88,TAX,2024-12-23T22:09:18,S01,20241223
S01/20241223/00021,7,TENDER,1,2055.16,TENDER,2024-12-23T22:09:18,S01,20241223
S01/20241223/00022,1,P100339,3,299.99,SALE,2024-12-23T13:18:28,S01,20241223
S01/20241223/00022,2,P101292,5,380.75,SALE,2024-12-23T13:18:28,S01,20241223
S01/20241223/00022,3,P104625,2,296.80,SALE,2024-12-23T13:18:28,S01,20241223
S01/20241223/00022,4,P106200,2,119.89,SALE,2024-12-23T13:18:28,S01,20241223
S01/20241223/00022,5,DISC,1,-314.55,DISCOUNT,2024-12-23T13:18:28,S01,20241223
S01/20241223/00022,6,TAX,1,261.23,TAX,2024-12-23T13:18:28,S01,20241223
S01/20241223/00022,7,TENDER,1,3583.78,TENDER,2024-12-23T13:18:28,S01,20241223
S01/20241223/00023,1,P103839,4,226.78,SALE,2024-12-23T16:12:10,S01,20241223
S01/20241223/00023,2,P102718,1,356.09,SALE,2024-12-23T16:12:10,S01,20241223
S01/20241223/00023,3,P100276,2,965.56,SALE,2024-12-23T16:12:10,S01,20241223
S01/20241223/00023,4,P105418,2,257.82,SALE,2024-12-23T16:12:10,S01,20241223
S01/20241223/00023,5,P104921,2,425.26,SALE,2024-12-23T16:12:10,S01,20241223
S01/20241223/00023,6,TAX,1,569.84,TAX,2024-12-23T16:12:10,S01,20241223
S01/20241223/00023,7,TENDER,1,5130.33,TENDER,2024-12-23T16:12:10,S01,20241223
S01/20241223/00024,1,P100033,3,828.62,SALE,2024-12-23T20:13:17,S01,20241223
S01/20241223/00024,2,P104554,1,437.01,SALE,2024-12-23T20:13:17,S01,20241223
S01/20241223/00024,3,P101732,3,1390.76,SALE,2024-12-23T20:13:17,S01,20241223
S01/20241223/00024,4,P106984,3,28.34,SALE,2024-12-23T20:13:17,S01,20241223
S01/20241223/00024,5,P100924,2,50.37,SALE,2024-12-23T20:13:17,S01,20241223
S01/20241223/00024,6,P104219,2,249.74,SALE,2024-12-23T20:13:17,S01,20241223
S01/20241223/00024,7,P103206,3,450.05,SALE,2024-12-23T20:13:17,S01,20241223
S01/20241223/00024,8,TAX,1,1002.76,TAX,2024-12-23T20:13:17,S01,20241223
S01/20241223/00024,9,TENDER,1,10133.30,TENDER,2024-12-23T20:13:17,S01,20241223
S01/20241223/00025,1,P105176,5,509.66,SALE,2024-12-23T15:29:14,S01,20241223
S01/20241223/00025,2,P103927,1,206.11,SALE,2024-12-23T15:29:14,S01,20241223
S01/20241223/00025,3,TAX,1,469.00,TAX,2024-12-23T15:29:14,S01,20241223
S01/20241223/00025,4,TENDER,1,3223.41,TENDER,2024-12-23T15:29:14,S01,20241223
S01/20241223/00026,1,P101599,1,417.76,SALE,2024-12-23T10:44:16,S01,20241223
S01/20241223/00026,2,P103397,2,371.02,SALE,2024-12-23T10:44:16,S01,20241223
S01/20241223/00026,3,P106534,2,96.00,SALE,2024-12-23T10:44:16,S01,20241223
S01/20241223/00026,4,P106015,1,148.43,SALE,2024-12-23T10:44:16,S01,20241223
S01/20241223/00026,5,TAX,1,127.57,TAX,2024-12-23T10:44:16,S01,20241223
S01/20241223/00026,6,TENDER,1,1627.80,TENDER,2024-12-23T10:44:16,S01,20241223
S01/20241223/00027,1,P105603,3,202.29,SALE,2024-12-23T11:40:18,S01,20241223
S01/20241223/00027,2,P107400,2,273.33,SALE,2024-12-23T11:40:18,S01,20241223
S01/20241223/00027,3,P102640,1,270.61,SALE,2024-12-23T11:40:18,S01,20241223
S01/20241223/00027,4,P107145,1,235.69,SALE,2024-12-23T11:40:18,S01,20241223
S01/20241223/00027,5,TAX,1,284.63,TAX,2024-12-23T11:40:18,S01,20241223
S01/20241223/00027,6,TENDER,1,1944.46,TENDER,2024-12-23T11:40:18,S01,20241223
S01/20241223/00028,1,P101747,-3,245.75,RETURN,2024-12-23T11:06:06,S01,20241223
S01/20241223/00028,2,P106927,-1,156.05,RETURN,2024-12-23T11:06:06,S01,20241223
S01/20241223/00028,3,P107145,-1,235.69,RETURN,2024-12-23T11:06:06,S01,20241223
S01/20241223/00028,4,P103538,-4,265.96,RETURN,2024-12-23T11:06:06,S01,20241223
S01/20241223/00028,5,P106367,-1,650.25,RETURN,2024-12-23T11:06:06,S01,20241223
S01/20241223/00028,6,P103316,-1,1774.02,RETURN,2024-12-23T11:06:06,S01,20241223
S01/20241223/00028,7,P106258,-1,423.67,RETURN,2024-12-23T11:06:06,S01,20241223
S01/20241223/00028,8,P105827,-1,124.38,RETURN,2024-12-23T11:06:06,S01,20241223
S01/20241223/00028,9,P103424,-1,295.58,RETURN,2024-12-23T11:06:06,S01,20241223
S01/20241223/00028,10,P100921,-2,441.43,RETURN,2024-12-23T11:06:06,S01,20241223
S01/20241223/00028,11,TAX,1,-593.32,TAX,2024-12-23T11:06:06,S01,20241223
S01/20241223/00028,12,TENDER,1,-6936.91,TENDER,2024-12-23T11:06:06,S01,20241223
S01/20241223/00029,1,P104032,1,603.87,SALE,2024-12-23T17:29:14,S01,20241223
S01/20241223/00029,2,P105050,1,109.65,SALE,2024-12-23T17:29:14,S01,20241223
S01/20241223/00029,3,P107952,2,1964.70,SALE,2024-12-23T17:29:14,S01,20241223
S01/20241223/00029,4,P108131,1,627.37,SALE,2024-12-23T17:29:14,S01,20241223
S01/20241223/00029,5,TAX,1,145.55,TAX,2024-12-23T17:29:14,S01,20241223
S01/20241223/00029,6,TENDER,1,5415.84,TENDER,2024-12-23T17:29:14,S01,20241223
S01/20241223/00030,1,P106984,1,28.34,SALE,2024-12-23T20:14:00,S01,20241223
S01/20241223/00030,2,P100210,4,1073.90,SALE,2024-12-23T20:14:00,S01,20241223
S01/20241223/00030,3,P102272,3,389.34,SALE,2024-12-23T20:14:00,S01,20241223
S01/20241223/00030,4,P108174,3,235.92,SALE,2024-12-23T20:14:00,S01,20241223
S01/20241223/00030,5,TAX,1,692.44,TAX,2024-12-23T20:14:00,S01,20241223
S01/20241223/00030,6,TENDER,1,6892.16,TENDER,2024-12-23T20:14:00,S01,20241223
S01/20241223/00031,1,P100308,2,328.66,SALE,2024-12-23T15:00:12,S01,20241223
S01/20241223/00031,2,P100921,3,441.43,SALE,2024-12-23T15:00:12,S01,20241223
S01/20241223/00031,3,P102868,3,471.29,SALE,2024-12-23T15:00:12,S01,20241223
S01/20241223/00031,4,P102998,1,158.64,SALE,2024-12-23T15:00:12,S01,20241223
S01/20241223/00031,5,TAX,1,600.30,TAX,2024-12-23T15:00:12,S01,20241223
S01/20241223/00031,6,TENDER,1,4154.42,TENDER,2024-12-23T15:00:12,S01,20241223
S01/20241223/00032,1,P102849,2,682.39,SALE,2024-12-23T18:18:43,S01,20241223
S01/20241223/00032,2,P102184,1,101.58,SALE,2024-12-23T18:18:43,S01,20241223
S01/20241223/00032,3,P100298,2,53.95,SALE,2024-12-23T18:18:43,S01,20241223
S01/20241223/00032,4,P103833,2,1136.81,SALE,2024-12-23T18:18:43,S01,20241223
S01/20241223/00032,5,DISC,1,-180.32,DISCOUNT,2024-12-23T18:18:43,S01,20241223
S01/20241223/00032,6,TAX,1,287.02,TAX,2024-12-23T18:18:43,S01,20241223
S01/20241223/00032,7,TENDER,1,3954.58,TENDER,2024-12-23T18:18:43,S01,20241223
S01/20241223/00033,1,P102397,3,355.28,SALE,2024-12-23T12:48:02,S01,20241223
S01/20241223/00033,2,P102772,3,151.97,SALE,2024-12-23T12:48:02,S01,20241223
S01/20241223/00033,3,P105918,1,294.44,SALE,2024-12-23T12:48:02,S01,20241223
S01/20241223/00033,4,P103118,3,47.89,SALE,2024-12-23T12:48:02,S01,20241223
S01/20241223/00033,5,TAX,1,210.88,TAX,2024-12-23T12:48:02,S01,20241223
S01/20241223/00033,6,TENDER,1,2170.74,TENDER,2024-12-23T12:48:02,S01,20241223
S01/20241223/00034,1,P108346,4,534.07,SALE,2024-12-23T14:51:01,S01,20241223
S01/20241223/00034,2,P102922,3,120.15,SALE,2024-12-23T14:51:01,S01,20241223
S01/20241223/00034,3,P101419,2,202.93,SALE,2024-12-23T14:51:01,S01,20241223
S01/20241223/00034,4,P107946,2,313.77,SALE,2024-12-23T14:51:01,S01,20241223
S01/20241223/00034,5,TAX,1,220.40,TAX,2024-12-23T14:51:01,S01,20241223
S01/20241223/00034,6,TENDER,1,3750.53,TENDER,2024-12-23T14:51:01,S01,20241223
S01/20241223/00035,1,P104800,1,692.51,SALE,2024-12-23T12:03:51,S01,20241223
S01/20241223/00035,2,P105684,3,1114.27,SALE,2024-12-23T12:03:51,S01,20241223
S01/20241223/00035,3,P106563,3,469.90,SALE,2024-12-23T12:03:51,S01,20241223
S01/20241223/00035,4,P106697,1,342.69,SALE,2024-12-23T12:03:51,S01,20241223
S01/20241223/00035,5,P102609,3,183.47,SALE,2024-12-23T12:03:51,S01,20241223
S01/20241223/00035,6,TAX,1,526.58,TAX,2024-12-23T12:03:51,S01,20241223
S01/20241223/00035,7,TENDER,1,6864.70,TENDER,2024-12-23T12:03:51,S01,20241223
S01/20241223/00036,1,P102903,3,51.46,SALE,2024-12-23T13:48:12,S01,20241223
S01/20241223/00036,2,P103319,4,356.46,SALE,2024-12-23T13:48:12,S01,20241223
S01/20241223/00036,3,P107381,2,195.99,SALE,2024-12-23T13:48:12,S01,20241223
S01/20241223/00036,4,P107292,4,372.98,SALE,2024-12-23T13:48:12,S01,20241223
S01/20241223/00036,5,P101332,3,400.98,SALE,2024-12-23T13:48:12,S01,20241223
S01/20241223/00036,6,TAX,1,541.68,TAX,2024-12-23T13:48:12,S01,20241223
S01/20241223/00036,7,TENDER,1,5208.74,TENDER,2024-12-23T13:48:12,S01,20241223
S01/20241223/00037,1,P101599,1,417.76,SALE,2024-12-23T10:57:00,S01,20241223
S01/20241223/00037,2,P106506,1,125.80,SALE,2024-12-23T10:57:00,S01,20241223
S01/20241223/00037,3,P101813,1,273.64,SALE,2024-12-23T10:57:00,S01,20241223
S01/20241223/00037,4,P100438,2,66.55,SALE,2024-12-23T10:57:00,S01,20241223
S01/20241223/00037,5,TAX,1,104.50,TAX,2024-12-23T10:57:00,S01,20241223
S01/20241223/00037,6,TENDER,1,1054.80,TENDER,2024-12-23T10:57:00,S01,20241223
S01/20241223/00038,1,P102114,1,134.74,SALE,2024-12-23T11:30:48,S01,20241223
S01/20241223/00038,2,P103124,4,523.92,SALE,2024-12-23T11:30:48,S01,20241223
S01/20241223/00038,3,P106522,2,203.79,SALE,2024-12-23T11:30:48,S01,20241223
S01/20241223/00038,4,P106745,1,621.98,SALE,2024-12-23T11:30:48,S01,20241223
S01/20241223/00038,5,P100255,2,1250.31,SALE,2024-12-23T11:30:48,S01,20241223
S01/20241223/00038,6,P100210,4,1073.90,SALE,2024-12-23T11:30:48,S01,20241223
S01/20241223/00038,7,P103413,3,1352.06,SALE,2024-12-23T11:30:48,S01,20241223
S01/20241223/00038,8,P106506,3,125.80,SALE,2024-12-23T11:30:48,S01,20241223
S01/20241223/00038,9,DISC,1,-613.53,DISCOUNT,2024-12-23T11:30:48,S01,20241223
S01/20241223/00038,10,TAX,1,1367.09,TAX,2024-12-23T11:30:48,S01,20241223
S01/20241223/00038,11,TENDER,1,15243.34,TENDER,2024-12-23T11:30:48,S01,20241223
S01/20241223/00039,1,P107458,2,1239.88,SALE,2024-12-23T07:38:09,S01,20241223
S01/20241223/00039,2,P104541,1,149.08,SALE,2024-12-23T07:38:09,S01,20241223
S01/20241223/00039,3,P104921,2,425.26,SALE,2024-12-23T07:38:09,S01,20241223
S01/20241223/00039,4,P107409,1,486.68,SALE,2024-12-23T07:38:09,S01,20241223
S01/20241223/00039,5,P101722,4,1460.17,SALE,2024-12-23T07:38:09,S01,20241223
S01/20241223/00039,6,P102880,2,575.53,SALE,2024-12-23T07:38:09,S01,20241223
S01/20241223/00039,7,TAX,1,534.47,TAX,2024-12-23T07:38:09,S01,20241223
S01/20241223/00039,8,TENDER,1,11492.25,TENDER,2024-12-23T07:38:09,S01,20241223
S01/20241223/00040,1,P107623,1,468.34,SALE,2024-12-23T16:11:21,S01,20241223
S01/20241223/00040,2,P103934,2,284.79,SALE,2024-12-23T16:11:21,S01,20241223
S01/20241223/00040,3,P103896,3,203.30,SALE,2024-12-23T16:11:21,S01,20241223
S01/20241223/00040,4,P100940,1,199.52,SALE,2024-12-23T16:11:21,S01,20241223
S01/20241223/00040,5,TAX,1,332.52,TAX,2024-12-23T16:11:21,S01,20241223
S01/20241223/00040,6,TENDER,1,2179.86,TENDER,2024-12-23T16:11:21,S01,20241223
S01/20241223/00041,1,P102023,2,425.67,SALE,2024-12-23T16:39:49,S01,20241223
S01/20241223/00041,2,P104320,1,147.42,SALE,2024-12-23T16:39:49,S01,20241223
S01/20241223/00041,3,P103927,1,206.11,SALE,2024-12-23T16:39:49,S01,20241223
S01/20241223/00041,4,P105860,2,674.13,SALE,2024-12-23T16:39:49,S01,20241223
S01/20241223/00041,5,P102255,1,167.76,SALE,2024-12-23T16:39:49,S01,20241223
S01/20241223/00041,6,TAX,1,179.88,TAX,2024-12-23T16:39:49,S01,20241223
S01/20241223/00041,7,TENDER,1,2900.77,TENDER,2024-12-23T16:39:49,S01,20241223
S01/20241223/00042,1,P105260,2,72.61,SALE,2024-12-23T16:19:43,S01,20241223
S01/20241223/00042,2,P100140,3,58.05,SALE,2024-12-23T16:19:43,S01,20241223
S01/20241223/00042,3,TAX,1,48.77,TAX,2024-12-23T16:19:43,S01,20241223
S01/20241223/00042,4,TENDER,1,368.14,TENDER,2024-12-23T16:19:43,S01,20241223
S01/20241223/00043,1,P104257,3,42.95,SALE,2024-12-23T13:48:43,S01,20241223
S01/20241223/00043,2,P104891,1,757.22,SALE,2024-12-23T13:48:43,S01,20241223
S01/20241223/00043,3,P100221,2,139.88,SALE,2024-12-23T13:48:43,S01,20241223
S01/20241223/00043,4,P101955,1,364.45,SALE,2024-12-23T13:48:43,S01,20241223
S01/20241223/00043,5,P105219,2,763.15,SALE,2024-12-23T13:48:43,S01,20241223
S01/20241223/00043,6,P102311,1,308.69,SALE,2024-12-23T13:48:43,S01,20241223
S01/20241223/00043,7,P108319,3,262.79,SALE,2024-12-23T13:48:43,S01,20241223
S01/20241223/00043,8,P101690,4,1044.81,SALE,2024-12-23T13:48:43,S01,20241223
S01/20241223/00043,9,DISC,1,-207.95,DISCOUNT,2024-12-23T13:48:43,S01,20241223
S01/20241223/00043,10,TAX,1,716.69,TAX,2024-12-23T13:48:43,S01,20241223
S01/20241223/00043,11,TENDER,1,8841.62,TENDER,2024-12-23T13:48:43,S01,20241223
S01/20241223/00044,1,P105656,2,516.52,SALE,2024-12-23T14:07:21,S01,20241223
S01/20241223/00044,2,P100855,1,345.07,SALE,2024-12-23T14:07:21,S01,20241223
S01/20241223/00044,3,TAX,1,62.11,TAX,2024-12-23T14:07:21,S01,20241223
S01/20241223/00044,4,TENDER,1,1440.22,TENDER,2024-12-23T14:07:21,S01,20241223
S01/20241223/00045,1,P101393,3,36.64,SALE,2024-12-23T17:21:35,S01,20241223
S01/20241223/00045,2,P101213,4,232.84,SALE,2024-12-23T17:21:35,S01,20241223
S01/20241223/00045,3,P104921,2,425.26,SALE,2024-12-23T17:21:35,S01,20241223
S01/20241223/00045,4,TAX,1,326.23,TAX,2024-12-23T17:21:35,S01,20241223
S01/20241223/00045,5,TENDER,1,2218.03,TENDER,2024-12-23T17:21:35,S01,20241223
S01/20241223/00046,1,P106282,2,448.43,SALE,2024-12-23T15:59:57,S01,20241223
S01/20241223/00046,2,P107795,1,284.47,SALE,2024-12-23T15:59:57,S01,20241223
S01/20241223/00046,3,P100658,2,50.53,SALE,2024-12-23T15:59:57,S01,20241223
S01/20241223/00046,4,P107880,3,347.04,SALE,2024-12-23T15:59:57,S01,20241223
S01/20241223/00046,5,DISC,1,-66.80,DISCOUNT,2024-12-23T15:59:57,S01,20241223
S01/20241223/00046,6,TAX,1,240.51,TAX,2024-12-23T15:59:57,S01,20241223
S01/20241223/00046,7,TENDER,1,2497.22,TENDER,2024-12-23T15:59:57,S01,20241223
S01/20241223/00047,1,P106009,2,372.60,SALE,2024-12-23T21:22:24,S01,20241223
S01/20241223/00047,2,P102738,1,236.55,SALE,2024-12-23T21:22:24,S01,20241223
S01/20241223/00047,3,P101101,1,74.25,SALE,2024-12-23T21:22:24,S01,20241223
S01/20241223/00047,4,P101634,3,25.05,SALE,2024-12-23T21:22:24,S01,20241223
S01/20241223/00047,5,P100394,2,320.36,SALE,2024-12-23T21:22:24,S01,20241223
S01/20241223/00047,6,P104854,3,35.80,SALE,2024-12-23T21:22:24,S01,20241223
S01/20241223/00047,7,TAX,1,217.13,TAX,2024-12-23T21:22:24,S01,20241223
S01/20241223/00047,8,TENDER,1,2096.40,TENDER,2024-12-23T21:22:24,S01,20241223
S01/20241224/00001,1,P102707,3,425.19,SALE,2024-12-24T17:49:18,S01,20241224
S01/20241224/00001,2,P104765,3,401.36,SALE,2024-12-24T17:49:18,S01,20241224
S01/20241224/00001,3,P100140,2,58.05,SALE,2024-12-24T17:49:18,S01,20241224
S01/20241224/00001,4,P106391,2,795.61,SALE,2024-12-24T17:49:18,S01,20241224
S01/20241224/00001,5,P106344,3,801.30,SALE,2024-12-24T17:49:18,S01,20241224
S01/20241224/00001,6,TAX,1,398.02,TAX,2024-12-24T17:49:18,S01,20241224
S01/20241224/00001,7,TENDER,1,6988.89,TENDER,2024-12-24T17:49:18,S01,20241224
S01/20241224/00002,1,P103202,2,295.26,SALE,2024-12-24T10:18:54,S01,20241224
S01/20241224/00002,2,P102321,1,35.15,SALE,2024-12-24T10:18:54,S01,20241224
S01/20241224/00002,3,P104567,6,141.21,SALE,2024-12-24T10:18:54,S01,20241224
S01/20241224/00002,4,P107520,1,139.81,SALE,2024-12-24T10:18:54,S01,20241224
S01/20241224/00002,5,P101356,2,1264.05,SALE,2024-12-24T10:18:54,S01,20241224
S01/20241224/00002,6,TAX,1,310.15,TAX,2024-12-24T10:18:54,S01,20241224
S01/20241224/00002,7,TENDER,1,4450.99,TENDER,2024-12-24T10:18:54,S01,20241224
S01/20241224/00003,1,P100362,1,282.80,SALE,2024-12-24T14:42:14,S01,20241224
S01/20241224/00003,2,P105838,3,594.50,SALE,2024-12-24T14:42:14,S01,20241224
S01/20241224/00003,3,P107609,2,108.46,SALE,2024-12-24T14:42:14,S01,20241224
S01/20241224/00003,4,P101184,2,64.09,SALE,2024-12-24T14:42:14,S01,20241224
S01/20241224/00003,5,P105971,3,1150.46,SALE,2024-12-24T14:42:14,S01,20241224
S01/20241224/00003,6,P107266,4,71.89,SALE,2024-12-24T14:42:14,S01,20241224
S01/20241224/00003,7,P104123,3,432.72,SALE,2024-12-24T14:42:14,S01,20241224
S01/20241224/00003,8,TAX,1,397.15,TAX,2024-12-24T14:42:14,S01,20241224
S01/20241224/00003,9,TENDER,1,7845.65,TENDER,2024-12-24T14:42:14,S01,20241224
S01/20241224/00004,1,P100682,2,337.76,SALE,2024-12-24T15:35:20,S01,20241224
S01/20241224/00004,2,P104417,2,332.65,SALE,2024-12-24T15:35:20,S01,20241224
S01/20241224/00004,3,TAX,1,160.90,TAX,2024-12-24T15:35:20,S01,20241224
S01/20241224/00004,4,TENDER,1,1501.72,TENDER,2024-12-24T15:35:20,S01,20241224
S01/20241224/00005,1,P102593,2,92.93,SALE,2024-12-24T18:40:15,S01,20241224
S01/20241224/00005,2,P102534,3,98.12,SALE,2024-12-24T18:40:15,S01,20241224
S01/20241224/00005,3,P101258,3,216.42,SALE,2024-12-24T18:40:15,S01,20241224
S01/20241224/00005,4,P101842,3,227.96,SALE,2024-12-24T18:40:15,S01,20241224
S01/20241224/00005,5,P107226,2,88.38,SALE,2024-12-24T18:40:15,S01,20241224
S01/20241224/00005,6,P106373,2,48.45,SALE,2024-12-24T18:40:15,S01,20241224
S01/20241224/00005,7,TAX,1,274.16,TAX,2024-12-24T18:40:15,S01,20241224
S01/20241224/00005,8,TENDER,1,2361.18,TENDER,2024-12-24T18:40:15,S01,20241224
S01/20241224/00006,1,P102383,1,10.62,SALE,2024-12-24T14:52:37,S01,20241224
S01/20241224/00006,2,P101500,1,330.53,SALE,2024-12-24T14:52:37,S01,20241224
S01/20241224/00006,3,P104789,3,67.52,SALE,2024-12-24T14:52:37,S01,20241224
S01/20241224/00006,4,P102845,3,261.08,SALE,2024-12-24T14:52:37,S01,20241224
S01/20241224/00006,5,P105797,1,254.07,SALE,2024-12-24T14:52:37,S01,20241224
S01/20241224/00006,6,TAX,1,86.81,TAX,2024-12-24T14:52:37,S01,20241224
S01/20241224/00006,7,TENDER,1,1667.83,TENDER,2024-12-24T14:52:37,S01,20241224
S01/20241224/00007,1,P107630,3,309.72,SALE,2024-12-24T18:56:36,S01,20241224
S01/20241224/00007,2,P104628,2,196.55,SALE,2024-12-24T18:56:36,S01,20241224
S01/20241224/00007,3,P104175,1,814.13,SALE,2024-12-24T18:56:36,S01,20241224
S01/20241224/00007,4,P108369,3,343.20,SALE,2024-12-24T18:56:36,S01,20241224
S01/20241224/00007,5,TAX,1,423.33,TAX,2024-12-24T18:56:36,S01,20241224
S01/20241224/00007,6,TENDER,1,3589.32,TENDER,2024-12-24T18:56:36,S01,20241224
S01/20241224/00008,1,P108335,1,187.61,SALE,2024-12-24T10:40:02,S01,20241224
S01/20241224/00008,2,P102129,3,241.90,SALE,2024-12-24T10:40:02,S01,20241224
S01/20241224/00008,3,P102566,1,414.37,SALE,2024-12-24T10:40:02,S01,20241224
S01/20241224/00008,4,P106550,2,29.54,SALE,2024-12-24T10:40:02,S01,20241224
S01/20241224/00008,5,TAX,1,67.64,TAX,2024-12-24T10:40:02,S01,20241224
S01/20241224/00008,6,TENDER,1,1454.40,TENDER,2024-12-24T10:40:02,S01,20241224
S01/20241224/00009,1,P100771,1,820.85,SALE,2024-12-24T17:50:47,S01,20241224
S01/20241224/00009,2,P106207,2,564.89,SALE,2024-12-24T17:50:47,S01,20241224
S01/20241224/00009,3,TAX,1,301.86,TAX,2024-12-24T17:50:47,S01,20241224
S01/20241224/00009,4,TENDER,1,2252.49,TENDER,2024-12-24T17:50:47,S01,20241224
S01/20241224/00010,1,P108258,-1,54.62,RETURN,2024-12-25T00:21:09,S01,20241224
S01/20241224/00010,2,P107495,-2,425.78,RETURN,2024-12-25T00:21:09,S01,20241224
S01/20241224/00010,3,P107686,-2,347.22,RETURN,2024-12-25T00:21:09,S01,20241224
S01/20241224/00010,4,P105313,-1,51.83,RETURN,2024-12-25T00:21:09,S01,20241224
S01/20241224/00010,5,P103337,-1,94.03,RETURN,2024-12-25T00:21:09,S01,20241224
S01/20241224/00010,6,P108247,-4,252.59,RETURN,2024-12-25T00:21:09,S01,20241224
S01/20241224/00010,7,P107158,-3,147.89,RETURN,2024-12-25T00:21:09,S01,20241224
S01/20241224/00010,8,P103591,-2,102.70,RETURN,2024-12-25T00:21:09,S01,20241224
S01/20241224/00010,9,TAX,1,-540.42,TAX,2024-12-25T00:21:09,S01,20241224
S01/20241224/00010,10,TENDER,1,-3946.33,TENDER,2024-12-25T00:21:09,S01,20241224
S01/20241224/00011,1,P102909,1,48.78,SALE,2024-12-24T16:39:31,S01,20241224
S01/20241224/00011,2,P103259,1,298.27,SALE,2024-12-24T16:39:31,S01,20241224
S01/20241224/00011,3,P105145,2,763.65,SALE,2024-12-24T16:39:31,S01,20241224
S01/20241224/00011,4,P103701,1,1171.33,SALE,2024-12-24T16:39:31,S01,20241224
S01/20241224/00011,5,P105176,2,509.66,SALE,2024-12-24T16:39:31,S01,20241224
S01/20241224/00011,6,TAX,1,242.04,TAX,2024-12-24T16:39:31,S01,20241224
S01/20241224/00011,7,TENDER,1,4307.04,TENDER,2024-12-24T16:39:31,S01,20241224
S01/20241224/00012,1,P107502,1,311.85,SALE,2024-12-24T18:16:19,S01,20241224
S01/20241224/00012,2,P102103,1,400.89,SALE,2024-12-24T18:16:19,S01,20241224
S01/20241224/00012,3,TAX,1,128.29,TAX,2024-12-24T18:16:19,S01,20241224
S01/20241224/00012,4,TENDER,1,841.03,TENDER,2024-12-24T18:16:19,S01,20241224
S01/20241224/00013,1,P100967,3,969.23,SALE,2024-12-24T15:44:03,S01,20241224
S01/20241224/00013,2,P100172,1,205.47,SALE,2024-12-24T15:44:03,S01,20241224
S01/20241224/00013,3,TAX,1,359.20,TAX,2024-12-24T15:44:03,S01,20241224
S01/20241224/00013,4,TENDER,1,3472.36,TENDER,2024-12-24T15:44:03,S01,20241224
S01/20241224/00014,1,P102707,1,425.19,SALE,2024-12-24T21:28:44,S01,20241224
S01/20241224/00014,2,P103328,1,228.35,SALE,2024-12-24T21:28:44,S01,20241224
S01/20241224/00014,3,P100999,1,171.06,SALE,2024-12-24T21:28:44,S01,20241224
S01/20241224/00014,4,P106443,5,52.87,SALE,2024-12-24T21:28:44,S01,20241224
S01/20241224/00014,5,P108227,4,551.58,SALE,2024-12-24T21:28:44,S01,20241224
S01/20241224/00014,6,P102794,2,416.24,SALE,2024-12-24T21:28:44,S01,20241224
S01/20241224/00014,7,P105356,3,232.26,SALE,2024-12-24T21:28:44,S01,20241224
S01/20241224/00014,8,DISC,1,-245.85,DISCOUNT,2024-12-24T21:28:44,S01,20241224
S01/20241224/00014,9,TAX,1,133.04,TAX,2024-12-24T21:28:44,S01,20241224
S01/20241224/00014,10,TENDER,1,4711.72,TENDER,2024-12-24T21:28:44,S01,20241224
S01/20241224/00015,1,P105589,3,90.25,SALE,2024-12-24T18:56:49,S01,20241224
S01/20241224/00015,2,P102593,2,92.93,SALE,2024-12-24T18:56:49,S01,20241224
S01/20241224/00015,3,P102724,2,391.04,SALE,2024-12-24T18:56:49,S01,20241224
S01/20241224/00015,4,TAX,1,222.96,TAX,2024-12-24T18:56:49,S01,20241224
S01/20241224/00015,5,TENDER,1,1461.65,TENDER,2024-12-24T18:56:49,S01,20241224
S01/20241224/00016,1,P106553,2,139.74,SALE,2024-12-24T23:23:15,S01,20241224
S01/20241224/00016,2,P105929,3,11.18,SALE,2024-12-24T23:23:15,S01,20241224
S01/20241224/00016,3,P101321,1,24.76,SALE,2024-12-24T23:23:15,S01,20241224
S01/20241224/00016,4,P104320,2,147.42,SALE,2024-12-24T23:23:15,S01,20241224
S01/20241224/00016,5,P101419,3,202.93,SALE,2024-12-24T23:23:15,S01,20241224
S01/20241224/00016,6,P101884,1,352.98,SALE,2024-12-24T23:23:15,S01,20241224
S01/20241224/00016,7,P105624,1,380.06,SALE,2024-12-24T23:23:15,S01,20241224
S01/20241224/00016,8,P106877,3,1085.30,SALE,2024-12-24T23:23:15,S01,20241224
S01/20241224/00016,9,TAX,1,195.22,TAX,2024-12-24T23:23:15,S01,20241224
S01/20241224/00016,10,TENDER,1,5425.57,TENDER,2024-12-24T23:23:15,S01,20241224
S01/20241224/00017,1,P103496,1,70.71,SALE,2024-12-24T19:48:32,S01,20241224
S01/20241224/00017,2,P101638,1,402.54,SALE,2024-12-24T19:48:32,S01,20241224
S01/20241224/00017,3,TAX,1,61.03,TAX,2024-12-24T19:48:32,S01,20241224
S01/20241224/00017,4,TENDER,1,534.28,TENDER,2024-12-24T19:48:32,S01,20241224
S01/20241224/00018,1,P102346,3,89.47,SALE,2024-12-24T13:46:50,S01,20241224
S01/20241224/00018,2,P105860,1,674.13,SALE,2024-12-24T13:46:50,S01,20241224
S01/20241224/00018,3,P102255,1,167.76,SALE,2024-12-24T13:46:50,S01,20241224
S01/20241224/00018,4,P104572,4,182.16,SALE,2024-12-24T13:46:50,S01,20241224
S01/20241224/00018,5,TAX,1,102.35,TAX,2024-12-24T13:46:50,S01,20241224
S01/20241224/00018,6,TENDER,1,1941.29,TENDER,2024-12-24T13:46:50,S01,20241224
S01/20241224/00019,1,P106745,1,621.98,SALE,2024-12-24T20:35:31,S01,20241224
S01/20241224/00019,2,P106098,2,334.84,SALE,2024-12-24T20:35:31,S01,20241224
S01/20241224/00019,3,P106648,3,339.01,SALE,2024-12-24T20:35:31,S01,20241224
S01/20241224/00019,4,TAX,1,243.17,TAX,2024-12-24T20:35:31,S01,20241224
S01/20241224/00019,5,TENDER,1,2551.86,TENDER,2024-12-24T20:35:31,S01,20241224
S01/20241224/00020,1,P104372,2,105.38,SALE,2024-12-24T23:21:44,S01,20241224
S01/20241224/00020,2,P104236,4,289.43,SALE,2024-12-24T23:21:44,S01,20241224
S01/20241224/00020,3,P100883,1,723.68,SALE,2024-12-24T23:21:44,S01,20241224
S01/20241224/00020,4,P102811,2,199.78,SALE,2024-12-24T23:21:44,S01,20241224
S01/20241224/00020,5,P103054,2,145.96,SALE,2024-12-24T23:21:44,S01,20241224
S01/20241224/00020,6,P103259,1,298.27,SALE,2024-12-24T23:21:44,S01,20241224
S01/20241224/00020,7,TAX,1,275.09,TAX,2024-12-24T23:21:44,S01,20241224
S01/20241224/00020,8,TENDER,1,3357.00,TENDER,2024-12-24T23:21:44,S01,20241224
S01/20241224/00021,1,P106490,1,671.88,SALE,2024-12-24T10:33:44,S01,20241224
S01/20241224/00021,2,P101585,1,10.45,SALE,2024-12-24T10:33:44,S01,20241224
S01/20241224/00021,3,P101263,3,684.55,SALE,2024-12-24T10:33:44,S01,20241224
S01/20241224/00021,4,DISC,1,-63.55,DISCOUNT,2024-12-24T10:33:44,S01,20241224
S01/20241224/00021,5,TAX,1,362.91,TAX,2024-12-24T10:33:44,S01,20241224
S01/20241224/00021,6,TENDER,1,3035.34,TENDER,2024-12-24T10:33:44,S01,20241224
S01/20241224/00022,1,P105468,1,1100.43,SALE,2024-12-24T14:22:42,S01,20241224
S01/20241224/00022,2,P103530,5,427.69,SALE,2024-12-24T14:22:42,S01,20241224
S01/20241224/00022,3,P102609,1,183.47,SALE,2024-12-24T14:22:42,S01,20241224
S01/20241224/00022,4,P105260,2,72.61,SALE,2024-12-24T14:22:42,S01,20241224
S01/20241224/00022,5,P104725,2,551.38,SALE,2024-12-24T14:22:42,S01,20241224
S01/20241224/00022,6,P107884,1,29.77,SALE,2024-12-24T14:22:42,S01,20241224
S01/20241224/00022,7,P103188,2,30.16,SALE,2024-12-24T14:22:42,S01,20241224
S01/20241224/00022,8,P108067,2,640.50,SALE,2024-12-24T14:22:42,S01,20241224
S01/20241224/00022,9,TAX,1,694.10,TAX,2024-12-24T14:22:42,S01,20241224
S01/20241224/00022,10,TENDER,1,6735.52,TENDER,2024-12-24T14:22:42,S01,20241224
S01/20241224/00023,1,P108125,3,129.06,SALE,2024-12-24T18:32:48,S01,20241224
S01/20241224/00023,2,P106123,4,248.44,SALE,2024-12-24T18:32:48,S01,20241224
S01/20241224/00023,3,P108313,2,455.94,SALE,2024-12-24T18:32:48,S01,20241224
S01/20241224/00023,4,P107381,1,195.99,SALE,2024-12-24T18:32:48,S01,20241224
S01/20241224/00023,5,P101389,1,430.39,SALE,2024-12-24T18:32:48,S01,20241224
S01/20241224/00023,6,P101622,1,272.35,SALE,2024-12-24T18:32:48,S01,20241224
S01/20241224/00023,7,P104898,3,181.50,SALE,2024-12-24T18:32:48,S01,20241224
S01/20241224/00023,8,TAX,1,251.26,TAX,2024-12-24T18:32:48,S01,20241224
S01/20241224/00023,9,TENDER,1,3987.31,TENDER,2024-12-24T18:32:48,S01,20241224
S01/20241224/00024,1,P101090,3,24.06,SALE,2024-12-24T15:05:06,S01,20241224
S01/20241224/00024,2,P100403,2,71.79,SALE,2024-12-24T15:05:06,S01,20241224
S01/20241224/00024,3,P102738,1,236.55,SALE,2024-12-24T15:05:06,S01,20241224
S01/20241224/00024,4,P103575,1,54.47,SALE,2024-12-24T15:05:06,S01,20241224
S01/20241224/00024,5,P107063,1,387.93,SALE,2024-12-24T15:05:06,S01,20241224
S01/20241224/00024,6,P104378,2,95.33,SALE,2024-12-24T15:05:06,S01,20241224
S01/20241224/00024,7,TAX,1,130.76,TAX,2024-12-24T15:05:06,S01,20241224
S01/20241224/00024,8,TENDER,1,1216.13,TENDER,2024-12-24T15:05:06,S01,20241224
S01/20241224/00025,1,P102014,-2,261.84,RETURN,2024-12-24T16:32:08,S01,20241224
S01/20241224/00025,2,P107705,-2,763.24,RETURN,2024-12-24T16:32:08,S01,20241224
S01/20241224/00025,3,P104628,-2,196.55,RETURN,2024-12-24T16:32:08,S01,20241224
S01/20241224/00025,4,P104219,-1,249.74,RETURN,2024-12-24T16:32:08,S01,20241224
S01/20241224/00025,5,P108179,-1,307.53,RETURN,2024-12-24T16:32:08,S01,20241224
S01/20241224/00025,6,P106282,-3,448.43,RETURN,2024-12-24T16:32:08,S01,20241224
S01/20241224/00025,7,P104316,-1,489.63,RETURN,2024-12-24T16:32:08,S01,20241224
S01/20241224/00025,8,TAX,1,-745.36,TAX,2024-12-24T16:32:08,S01,20241224
S01/20241224/00025,9,TENDER,1,-5580.81,TENDER,2024-12-24T16:32:08,S01,20241224
S01/20241224/00026,1,P106958,2,125.66,SALE,2024-12-24T13:04:39,S01,20241224
S01/20241224/00026,2,P103273,2,356.86,SALE,2024-12-24T13:04:39,S01,20241224
S01/20241224/00026,3,P102656,1,194.33,SALE,2024-12-24T13:04:39,S01,20241224
S01/20241224/00026,4,TAX,1,140.60,TAX,2024-12-24T13:04:39,S01,20241224
S01/20241224/00026,5,TENDER,1,1299.97,TENDER,2024-12-24T13:04:39,S01,20241224
S01/20241224/00027,1,P105057,2,294.62,SALE,2024-12-24T19:41:42,S01,20241224
S01/20241224/00027,2,P104462,1,86.38,SALE,2024-12-24T19:41:42,S01,20241224
S01/20241224/00027,3,P100767,2,277.22,SALE,2024-12-24T19:41:42,S01,20241224
S01/20241224/00027,4,P106813,2,257.87,SALE,2024-12-24T19:41:42,S01,20241224
S01/20241224/00027,5,P104992,1,979.87,SALE,2024-12-24T19:41:42,S01,20241224
S01/20241224/00027,6,P100632,1,331.55,SALE,2024-12-24T19:41:42,S01,20241224
S01/20241224/00027,7,P103178,1,21.89,SALE,2024-12-24T19:41:42,S01,20241224
S01/20241224/00027,8,TAX,1,302.42,TAX,2024-12-24T19:41:42,S01,20241224
S01/20241224/00027,9,TENDER,1,3381.53,TENDER,2024-12-24T19:41:42,S01,20241224
S01/20241224/00028,1,P104042,1,365.03,SALE,2024-12-24T13:33:28,S01,20241224
S01/20241224/00028,2,P103785,1,606.71,SALE,2024-12-24T13:33:28,S01,20241224
S01/20241224/00028,3,P106282,2,448.43,SALE,2024-12-24T13:33:28,S01,20241224
S01/20241224/00028,4,P104774,1,86.72,SALE,2024-12-24T13:33:28,S01,20241224
S01/20241224/00028,5,P106751,1,134.60,SALE,2024-12-24T13:33:28,S01,20241224
S01/20241224/00028,6,P103144,2,145.27,SALE,2024-12-24T13:33:28,S01,20241224
S01/20241224/00028,7,TAX,1,303.64,TAX,2024-12-24T13:33:28,S01,20241224
S01/20241224/00028,8,TENDER,1,2684.10,TENDER,2024-12-24T13:33:28,S01,20241224
S01/20241224/00029,1,P101766,1,220.67,SALE,2024-12-24T15:55:25,S01,20241224
S01/20241224/00029,2,P105923,4,245.29,SALE,2024-12-24T15:55:25,S01,20241224
S01/20241224/00029,3,P108221,1,50.44,SALE,2024-12-24T15:55:25,S01,20241224
S01/20241224/00029,4,P104226,1,303.01,SALE,2024-12-24T15:55:25,S01,20241224
S01/20241224/00029,5,P101018,4,141.83,SALE,2024-12-24T15:55:25,S01,20241224
S01/20241224/00029,6,P102219,4,780.86,SALE,2024-12-24T15:55:25,S01,20241224
S01/20241224/00029,7,P108186,4,324.50,SALE,2024-12-24T15:55:25,S01,20241224
S01/20241224/00029,8,TAX,1,396.55,TAX,2024-12-24T15:55:25,S01,20241224
S01/20241224/00029,9,TENDER,1,6940.59,TENDER,2024-12-24T15:55:25,S01,20241224
S01/20241224/00030,1,P100582,1,170.67,SALE,2024-12-24T14:15:31,S01,20241224
S01/20241224/00030,2,P108032,1,648.04,SALE,2024-12-24T14:15:31,S01,20241224
S01/20241224/00030,3,P105643,1,1294.23,SALE,2024-12-24T14:15:31,S01,20241224
S01/20241224/00030,4,P103068,2,153.43,SALE,2024-12-24T14:15:31,S01,20241224
S01/20241224/00030,5,DISC,1,-78.84,DISCOUNT,2024-12-24T14:15:31,S01,20241224
S01/20241224/00030,6,TAX,1,119.79,TAX,2024-12-24T14:15:31,S01,20241224
S01/20241224/00030,7,TENDER,1,2460.75,TENDER,2024-12-24T14:15:31,S01,20241224
S01/20241224/00031,1,P100026,2,315.91,SALE,2024-12-24T14:15:56,S01,20241224
S01/20241224/00031,2,P104469,2,1631.11,SALE,2024-12-24T14:15:56,S01,20241224
S01/20241224/00031,3,P103606,1,185.94,SALE,2024-12-24T14:15:56,S01,20241224
S01/20241224/00031,4,TAX,1,432.35,TAX,2024-12-24T14:15:56,S01,20241224
S01/20241224/00031,5,TENDER,1,4512.33,TENDER,2024-12-24T14:15:56,S01,20241224
S01/20241224/00032,1,P100511,1,442.66,SALE,2024-12-24T11:22:03,S01,20241224
S01/20241224/00032,2,P104872,1,132.45,SALE,2024-12-24T11:22:03,S01,20241224
S01/20241224/00032,3,P103273,1,356.86,SALE,2024-12-24T11:22:03,S01,20241224
S01/20241224/00032,4,P106955,4,204.37,SALE,2024-12-24T11:22:03,S01,20241224
S01/20241224/00032,5,TAX,1,152.71,TAX,2024-12-24T11:22:03,S01,20241224
S01/20241224/00032,6,TENDER,1,1902.16,TENDER,2024-12-24T11:22:03,S01,20241224
S01/20241224/00033,1,P102383,3,10.62,SALE,2024-12-24T13:45:18,S01,20241224
S01/20241224/00033,2,P106239,2,803.36,SALE,2024-12-24T13:45:18,S01,20241224
S01/20241224/00033,3,P100298,2,53.95,SALE,2024-12-24T13:45:18,S01,20241224
S01/20241224/00033,4,P105684,2,1114.27,SALE,2024-12-24T13:45:18,S01,20241224
S01/20241224/00033,5,P100305,1,771.81,SALE,2024-12-24T13:45:18,S01,20241224
S01/20241224/00033,6,P100803,1,278.56,SALE,2024-12-24T13:45:18,S01,20241224
S01/20241224/00033,7,P101656,3,324.95,SALE,2024-12-24T13:45:18,S01,20241224
S01/20241224/00033,8,P107890,2,133.07,SALE,2024-12-24T13:45:18,S01,20241224
S01/20241224/00033,9,P101933,2,1344.63,SALE,2024-12-24T13:45:18,S01,20241224
S01/20241224/00033,10,P106234,6,79.42,SALE,2024-12-24T13:45:18,S01,20241224
S01/20241224/00033,11,TAX,1,646.67,TAX,2024-12-24T13:45:18,S01,20241224
S01/20241224/00033,12,TENDER,1,10078.83,TENDER,2024-12-24T13:45:18,S01,20241224
S01/20241224/00034,1,P107502,1,311.85,SALE,2024-12-24T14:09:18,S01,20241224
S01/20241224/00034,2,P103054,3,145.96,SALE,2024-12-24T14:09:18,S01,20241224
S01/20241224/00034,3,P107435,6,636.54,SALE,2024-12-24T14:09:18,S01,20241224
S01/20241224/00034,4,P103259,4,298.27,SALE,2024-12-24T14:09:18,S01,20241224
S01/20241224/00034,5,P101444,2,838.86,SALE,2024-12-24T14:09:18,S01,20241224
S01/20241224/00034,6,P104446,2,66.45,SALE,2024-12-24T14:09:18,S01,20241224
S01/20241224/00034,7,P103206,2,450.05,SALE,2024-12-24T14:09:18,S01,20241224
S01/20241224/00034,8,P104202,2,166.10,SALE,2024-12-24T14:09:18,S01,20241224
S01/20241224/00034,9,TAX,1,1013.42,TAX,2024-12-24T14:09:18,S01,20241224
S01/20241224/00034,10,TENDER,1,9818.39,TENDER,2024-12-24T14:09:18,S01,20241224
S01/20241224/00035,1,P102415,1,1245.81,SALE,2024-12-24T15:56:58,S01,20241224
S01/20241224/00035,2,P105440,1,107.89,SALE,2024-12-24T15:56:58,S01,20241224
S01/20241224/00035,3,P100239,3,396.18,SALE,2024-12-24T15:56:58,S01,20241224
S01/20241224/00035,4,P102648,1,389.80,SALE,2024-12-24T15:56:58,S01,20241224
S01/20241224/00035,5,DISC,1,-174.84,DISCOUNT,2024-12-24T15:56:58,S01,20241224
S01/20241224/00035,6,TAX,1,263.75,TAX,2024-12-24T15:56:58,S01,20241224
S01/20241224/00035,7,TENDER,1,3020.95,TENDER,2024-12-24T15:56:58,S01,20241224
S01/20241224/00036,1,P107463,-3,188.92,RETURN,2024-12-24T15:19:13,S01,20241224
S01/20241224/00036,2,P102788,-1,920.26,RETURN,2024-12-24T15:19:13,S01,20241224
S01/20241224/00036,3,P103517,-1,177.49,RETURN,2024-12-24T15:19:13,S01,20241224
S01/20241224/00036,4,TAX,1,-148.03,TAX,2024-12-24T15:19:13,S01,20241224
S01/20241224/00036,5,TENDER,1,-1812.54,TENDER,2024-12-24T15:19:13,S01,20241224
S01/20241224/00037,1,P100100,3,435.38,SALE,2024-12-24T11:03:02,S01,20241224
S01/20241224/00037,2,P103424,3,295.58,SALE,2024-12-24T11:03:02,S01,20241224
S01/20241224/00037,3,P108046,3,101.85,SALE,2024-12-24T11:03:02,S01,20241224
S01/20241224/00037,4,P102821,2,1314.43,SALE,2024-12-24T11:03:02,S01,20241224
S01/20241224/00037,5,P100005,1,114.37,SALE,2024-12-24T11:03:02,S01,20241224
S01/20241224/00037,6,P102909,1,48.78,SALE,2024-12-24T11:03:02,S01,20241224
S01/20241224/00037,7,P103337,3,94.03,SALE,2024-12-24T11:03:02,S01,20241224
S01/20241224/00037,8,P103178,1,21.89,SALE,2024-12-24T11:03:02,S01,20241224
S01/20241224/00037,9,TAX,1,356.78,TAX,2024-12-24T11:03:02,S01,20241224
S01/20241224/00037,10,TENDER,1,5951.20,TENDER,2024-12-24T11:03:02,S01,20241224
S01/20241224/00038,1,P103435,1,443.24,SALE,2024-12-24T16:59:47,S01,20241224
S01/20241224/00038,2,P107320,1,231.92,SALE,2024-12-24T16:59:47,S01,20241224
S01/20241224/00038,3,P104469,2,1549.55,SALE,2024-12-24T16:59:47,S01,20241224
S01/20241224/00038,4,P104194,2,119.04,SALE,2024-12-24T16:59:47,S01,20241224
S01/20241224/00038,5,TAX,1,522.36,TAX,2024-12-24T16:59:47,S01,20241224
S01/20241224/00038,6,TENDER,1,4534.70,TENDER,2024-12-24T16:59:47,S01,20241224
S01/20241224/00039,1,P100933,2,276.15,SALE,2024-12-24T17:06:23,S01,20241224
S01/20241224/00039,2,P104308,4,53.24,SALE,2024-12-24T17:06:23,S01,20241224
S01/20241224/00039,3,P104858,2,331.88,SALE,2024-12-24T17:06:23,S01,20241224
S01/20241224/00039,4,P103281,1,172.43,SALE,2024-12-24T17:06:23,S01,20241224
S01/20241224/00039,5,P101004,2,357.75,SALE,2024-12-24T17:06:23,S01,20241224
S01/20241224/00039,6,P105997,1,124.60,SALE,2024-12-24T17:06:23,S01,20241224
S01/20241224/00039,7,P104625,2,296.80,SALE,2024-12-24T17:06:23,S01,20241224
S01/20241224/00039,8,P101174,1,54.56,SALE,2024-12-24T17:06:23,S01,20241224
S01/20241224/00039,9,TAX,1,293.17,TAX,2024-12-24T17:06:23,S01,20241224
S01/20241224/00039,10,TENDER,1,3382.88,TENDER,2024-12-24T17:06:23,S01,20241224
S01/20241224/00040,1,P100287,-3,240.45,RETURN,2024-12-24T20:29:14,S01,20241224
S01/20241224/00040,2,P100198,-2,162.72,RETURN,2024-12-24T20:29:14,S01,20241224
S01/20241224/00040,3,P103732,-5,94.74,RETURN,2024-12-24T20:29:14,S01,20241224
S01/20241224/00040,4,P106282,-3,448.43,RETURN,2024-12-24T20:29:14,S01,20241224
S01/20241224/00040,5,TAX,1,-368.67,TAX,2024-12-24T20:29:14,S01,20241224
S01/20241224/00040,6,TENDER,1,-3234.45,TENDER,2024-12-24T20:29:14,S01,20241224
S01/20241224/00041,1,P105643,3,1294.23,SALE,2024-12-24T13:08:22,S01,20241224
S01/20241224/00041,2,P105176,2,509.66,SALE,2024-12-24T13:08:22,S01,20241224
S01/20241224/00041,3,P103382,1,196.46,SALE,2024-12-24T13:08:22,S01,20241224
S01/20241224/00041,4,TAX,1,193.30,TAX,2024-12-24T13:08:22,S01,20241224
S01/20241224/00041,5,TENDER,1,5291.77,TENDER,2024-12-24T13:08:22,S01,20241224
S01/20241224/00042,1,P100627,1,440.29,SALE,2024-12-24T13:25:13,S01,20241224
S01/20241224/00042,2,P106885,3,137.92,SALE,2024-12-24T13:25:13,S01,20241224
S01/20241224/00042,3,P100308,1,328.66,SALE,2024-12-24T13:25:13,S01,20241224
S01/20241224/00042,4,P106813,3,257.87,SALE,2024-12-24T13:25:13,S01,20241224
S01/20241224/00042,5,TAX,1,228.76,TAX,2024-12-24T13:25:13,S01,20241224
S01/20241224/00042,6,TENDER,1,2185.08,TENDER,2024-12-24T13:25:13,S01,20241224
S01/20241224/00043,1,P100077,2,173.95,SALE,2024-12-24T16:51:21,S01,20241224
S01/20241224/00043,2,P106382,2,81.60,SALE,2024-12-24T16:51:21,S01,20241224
S01/20241224/00043,3,P104160,2,256.98,SALE,2024-12-24T16:51:21,S01,20241224
S01/20241224/00043,4,P103461,3,109.46,SALE,2024-12-24T16:51:21,S01,20241224
S01/20241224/00043,5,P105677,1,109.29,SALE,2024-12-24T16:51:21,S01,20241224
S01/20241224/00043,6,TAX,1,76.47,TAX,2024-12-24T16:51:21,S01,20241224
S01/20241224/00043,7,TENDER,1,1539.20,TENDER,2024-12-24T16:51:21,S01,20241224
S01/20241224/00044,1,P100940,2,199.52,SALE,2024-12-24T13:04:12,S01,20241224
S01/20241224/00044,2,P106697,1,342.69,SALE,2024-12-24T13:04:12,S01,20241224
S01/20241224/00044,3,P101374,2,55.98,SALE,2024-12-24T13:04:12,S01,20241224
S01/20241224/00044,4,P106793,3,303.65,SALE,2024-12-24T13:04:12,S01,20241224
S01/20241224/00044,5,DISC,1,-145.83,DISCOUNT,2024-12-24T13:04:12,S01,20241224
S01/20241224/00044,6,TAX,1,163.89,TAX,2024-12-24T13:04:12,S01,20241224
S01/20241224/00044,7,TENDER,1,1782.70,TENDER,2024-12-24T13:04:12,S01,20241224
S01/20241224/00045,1,P107667,3,367.93,SALE,2024-12-24T22:33:25,S01,20241224
S01/20241224/00045,2,P100172,1,205.47,SALE,2024-12-24T22:33:25,S01,20241224
S01/20241224/00045,3,P100904,2,75.67,SALE,2024-12-24T22:33:25,S01,20241224
S01/20241224/00045,4,P101258,1,216.42,SALE,2024-12-24T22:33:25,S01,20241224
S01/20241224/00045,5,TAX,1,208.93,TAX,2024-12-24T22:33:25,S01,20241224
S01/20241224/00045,6,TENDER,1,1885.95,TENDER,2024-12-24T22:33:25,S01,20241224
S01/20241224/00046,1,P107472,3,64.61,SALE,2024-12-24T17:13:54,S01,20241224
S01/20241224/00046,2,P107346,2,449.29,SALE,2024-12-24T17:13:54,S01,20241224
S01/20241224/00046,3,P101272,2,96.70,SALE,2024-12-24T17:13:54,S01,20241224
S01/20241224/00046,4,P103629,4,60.58,SALE,2024-12-24T17:13:54,S01,20241224
S01/20241224/00046,5,P104708,2,487.33,SALE,2024-12-24T17:13:54,S01,20241224
S01/20241224/00046,6,P102193,1,343.13,SALE,2024-12-24T17:13:54,S01,20241224
S01/20241224/00046,7,P104933,1,560.59,SALE,2024-12-24T17:13:54,S01,20241224
S01/20241224/00046,8,P102909,2,48.78,SALE,2024-12-24T17:13:54,S01,20241224
S01/20241224/00046,9,P103743,3,1117.90,SALE,2024-12-24T17:13:54,S01,20241224
S01/20241224/00046,10,P108131,2,627.37,SALE,2024-12-24T17:13:54,S01,20241224
S01/20241224/00046,11,DISC,1,-567.97,DISCOUNT,2024-12-24T17:13:54,S01,20241224
S01/20241224/00046,12,TAX,1,355.30,TAX,2024-12-24T17:13:54,S01,20241224
S01/20241224/00046,13,TENDER,1,7899.84,TENDER,2024-12-24T17:13:54,S01,20241224
S01/20241224/00047,1,P100005,1,114.37,SALE,2024-12-24T19:59:14,S01,20241224
S01/20241224/00047,2,P106221,4,31.65,SALE,2024-12-24T19:59:14,S01,20241224
S01/20241224/00047,3,P101674,4,387.70,SALE,2024-12-24T19:59:14,S01,20241224
S01/20241224/00047,4,P100879,5,159.99,SALE,2024-12-24T19:59:14,S01,20241224
S01/20241224/00047,5,P105323,1,84.67,SALE,2024-12-24T19:59:14,S01,20241224
S01/20241224/00047,6,DISC,1,-309.05,DISCOUNT,2024-12-24T19:59:14,S01,20241224
S01/20241224/00047,7,TAX,1,289.02,TAX,2024-12-24T19:59:14,S01,20241224
S01/20241224/00047,8,TENDER,1,2656.36,TENDER,2024-12-24T19:59:14,S01,20241224
S01/20241224/00048,1,P104842,2,352.80,SALE,2024-12-24T12:02:39,S01,20241224
S01/20241224/00048,2,P106984,2,28.34,SALE,2024-12-24T12:02:39,S01,20241224
S01/20241224/00048,3,P100582,3,170.67,SALE,2024-12-24T12:02:39,S01,20241224
S01/20241224/00048,4,P103319,1,356.46,SALE,2024-12-24T12:02:39,S01,20241224
S01/20241224/00048,5,P107925,1,992.11,SALE,2024-12-24T12:02:39,S01,20241224
S01/20241224/00048,6,TAX,1,247.10,TAX,2024-12-24T12:02:39,S01,20241224
S01/20241224/00048,7,TENDER,1,2869.96,TENDER,2024-12-24T12:02:39,S01,20241224
S01/20241224/00049,1,P104181,4,298.55,SALE,2024-12-24T16:14:05,S01,20241224
S01/20241224/00049,2,P102724,2,391.04,SALE,2024-12-24T16:14:05,S01,20241224
S01/20241224/00049,3,P102534,1,98.12,SALE,2024-12-24T16:14:05,S01,20241224
S01/20241224/00049,4,TAX,1,301.74,TAX,2024-12-24T16:14:05,S01,20241224
S01/20241224/00049,5,TENDER,1,2376.14,TENDER,2024-12-24T16:14:05,S01,20241224
S01/20241225/00001,1,P105594,3,321.63,SALE,2024-12-25T19:44:49,S01,20241225
S01/20241225/00001,2,P103496,1,70.71,SALE,2024-12-25T19:44:49,S01,20241225
S01/20241225/00001,3,TAX,1,128.51,TAX,2024-12-25T19:44:49,S01,20241225
S01/20241225/00001,4,TENDER,1,1164.11,TENDER,2024-12-25T19:44:49,S01,20241225
S01/20241225/00002,1,P108346,4,534.07,SALE,2024-12-25T17:08:52,S01,20241225
S01/20241225/00002,2,P106391,2,795.61,SALE,2024-12-25T17:08:52,S01,20241225
S01/20241225/00002,3,P105815,2,320.65,SALE,2024-12-25T17:08:52,S01,20241225
S01/20241225/00002,4,P108389,1,837.30,SALE,2024-12-25T17:08:52,S01,20241225
S01/20241225/00002,5,P106234,4,79.42,SALE,2024-12-25T17:08:52,S01,20241225
S01/20241225/00002,6,P104446,1,66.45,SALE,2024-12-25T17:08:52,S01,20241225
S01/20241225/00002,7,P107630,4,309.72,SALE,2024-12-25T17:08:52,S01,20241225
S01/20241225/00002,8,P108144,1,253.94,SALE,2024-12-25T17:08:52,S01,20241225
S01/20241225/00002,9,DISC,1,-620.36,DISCOUNT,2024-12-25T17:08:52,S01,20241225
S01/20241225/00002,10,TAX,1,555.43,TAX,2024-12-25T17:08:52,S01,20241225
S01/20241225/00002,11,TENDER,1,7018.12,TENDER,2024-12-25T17:08:52,S01,20241225
S01/20241225/00003,1,P101237,1,278.87,SALE,2024-12-25T21:26:52,S01,20241225
S01/20241225/00003,2,P100287,3,240.45,SALE,2024-12-25T21:26:52,S01,20241225
S01/20241225/00003,3,P101634,4,25.05,SALE,2024-12-25T21:26:52,S01,20241225
S01/20241225/00003,4,P100999,2,171.06,SALE,2024-12-25T21:26:52,S01,20241225
S01/20241225/00003,5,P100593,1,32.38,SALE,2024-12-25T21:26:52,S01,20241225
S01/20241225/00003,6,TAX,1,139.68,TAX,2024-12-25T21:26:52,S01,20241225
S01/20241225/00003,7,TENDER,1,1614.60,TENDER,2024-12-25T21:26:52,S01,20241225
S01/20241225/00004,1,P103105,2,34.12,SALE,2024-12-25T16:40:16,S01,20241225
S01/20241225/00004,2,P103124,2,523.92,SALE,2024-12-25T16:40:16,S01,20241225
S01/20241225/00004,3,P105100,2,270.01,SALE,2024-12-25T16:40:16,S01,20241225
S01/20241225/00004,4,P100077,3,173.95,SALE,2024-12-25T16:40:16,S01,20241225
S01/20241225/00004,5,P107859,1,136.84,SALE,2024-12-25T16:40:16,S01,20241225
S01/20241225/00004,6,P106228,2,44.54,SALE,2024-12-25T16:40:16,S01,20241225
S01/20241225/00004,7,TAX,1,347.07,TAX,2024-12-25T16:40:16,S01,20241225
S01/20241225/00004,8,TENDER,1,2750.94,TENDER,2024-12-25T16:40:16,S01,20241225
S01/20241225/00005,1,P101520,2,187.47,SALE,2024-12-25T19:26:26,S01,20241225
S01/20241225/00005,2,P100007,1,155.06,SALE,2024-12-25T19:26:26,S01,20241225
S01/20241225/00005,3,P108174,3,235.92,SALE,2024-12-25T19:26:26,S01,20241225
S01/20241225/00005,4,P100543,3,123.06,SALE,2024-12-25T19:26:26,S01,20241225
S01/20241225/00005,5,TAX,1,82.05,TAX,2024-12-25T19:26:26,S01,20241225
S01/20241225/00005,6,TENDER,1,1688.99,TENDER,2024-12-25T19:26:26,S01,20241225
S01/20241225/00006,1,P102305,2,111.72,SALE,2024-12-25T14:04:58,S01,20241225
S01/20241225/00006,2,P100319,2,54.97,SALE,2024-12-25T14:04:58,S01,20241225
S01/20241225/00006,3,P102868,3,471.29,SALE,2024-12-25T14:04:58,S01,20241225
S01/20241225/00006,4,P104558,2,440.08,SALE,2024-12-25T14:04:58,S01,20241225
S01/20241225/00006,5,P103777,2,44.82,SALE,2024-12-25T14:04:58,S01,20241225
S01/20241225/00006,6,P106745,1,621.98,SALE,2024-12-25T14:04:58,S01,20241225
S01/20241225/00006,7,P108200,2,333.41,SALE,2024-12-25T14:04:58,S01,20241225
S01/20241225/00006,8,TAX,1,588.88,TAX,2024-12-25T14:04:58,S01,20241225
S01/20241225/00006,9,TENDER,1,4594.73,TENDER,2024-12-25T14:04:58,S01,20241225
S01/20241225/00007,1,P100686,4,800.21,SALE,2024-12-25T12:09:28,S01,20241225
S01/20241225/00007,2,P105901,4,80.48,SALE,2024-12-25T12:09:28,S01,20241225
S01/20241225/00007,3,P105553,1,764.76,SALE,2024-12-25T12:09:28,S01,20241225
S01/20241225/00007,4,TAX,1,130.40,TAX,2024-12-25T12:09:28,S01,20241225
S01/20241225/00007,5,TENDER,1,4417.92,TENDER,2024-12-25T12:09:28,S01,20241225
S01/20241225/00008,1,P100494,4,67.32,SALE,2024-12-25T16:00:31,S01,20241225
S01/20241225/00008,2,P104149,2,88.07,SALE,2024-12-25T16:00:31,S01,20241225
S01/20241225/00008,3,P103118,1,47.89,SALE,2024-12-25T16:00:31,S01,20241225
S01/20241225/00008,4,P104219,2,249.74,SALE,2024-12-25T16:00:31,S01,20241225
S01/20241225/00008,5,TAX,1,119.61,TAX,2024-12-25T16:00:31,S01,20241225
S01/20241225/00008,6,TENDER,1,1112.40,TENDER,2024-12-25T16:00:31,S01,20241225
S01/20241225/00009,1,P103766,3,212.45,SALE,2024-12-25T07:32:37,S01,20241225
S01/20241225/00009,2,P103389,4,239.67,SALE,2024-12-25T07:32:37,S01,20241225
S01/20241225/00009,3,P108076,1,151.55,SALE,2024-12-25T07:32:37,S01,20241225
S01/20241225/00009,4,TAX,1,231.71,TAX,2024-12-25T07:32:37,S01,20241225
S01/20241225/00009,5,TENDER,1,1979.29,TENDER,2024-12-25T07:32:37,S01,20241225
S01/20241225/00010,1,P101076,1,606.89,SALE,2024-12-25T18:57:53,S01,20241225
S01/20241225/00010,2,DISC,1,-52.88,DISCOUNT,2024-12-25T18:57:53,S01,20241225
S01/20241225/00010,3,TAX,1,27.70,TAX,2024-12-25T18:57:53,S01,20241225
S01/20241225/00010,4,TENDER,1,581.71,TENDER,2024-12-25T18:57:53,S01,20241225
S01/20241225/00011,1,P103816,2,209.63,SALE,2024-12-25T16:49:49,S01,20241225
S01/20241225/00011,2,P100438,3,66.55,SALE,2024-12-25T16:49:49,S01,20241225
S01/20241225/00011,3,TAX,1,85.45,TAX,2024-12-25T16:49:49,S01,20241225
S01/20241225/00011,4,TENDER,1,704.36,TENDER,2024-12-25T16:49:49,S01,20241225
S01/20241225/00012,1,P102445,3,31.53,SALE,2024-12-25T13:39:32,S01,20241225
S01/20241225/00012,2,P106911,4,232.77,SALE,2024-12-25T13:39:32,S01,20241225
S01/20241225/00012,3,P101779,1,209.76,SALE,2024-12-25T13:39:32,S01,20241225
S01/20241225/00012,4,P107597,1,562.77,SALE,2024-12-25T13:39:32,S01,20241225
S01/20241225/00012,5,TAX,1,55.65,TAX,2024-12-25T13:39:32,S01,20241225
S01/20241225/00012,6,TENDER,1,1853.85,TENDER,2024-12-25T13:39:32,S01,20241225
S01/20241225/00013,1,P105356,2,255.49,SALE,2024-12-25T17:26:35,S01,20241225
S01/20241225/00013,2,P104058,2,351.54,SALE,2024-12-25T17:26:35,S01,20241225
S01/20241225/00013,3,P104139,1,249.08,SALE,2024-12-25T17:26:35,S01,20241225
S01/20241225/00013,4,P101533,2,975.60,SALE,2024-12-25T17:26:35,S01,20241225
S01/20241225/00013,5,TAX,1,386.25,TAX,2024-12-25T17:26:35,S01,20241225
S01/20241225/00013,6,TENDER,1,3800.59,TENDER,2024-12-25T17:26:35,S01,20241225
S01/20241225/00014,1,P100106,1,318.86,SALE,2024-12-25T14:43:08,S01,20241225
S01/20241225/00014,2,P101142,2,102.04,SALE,2024-12-25T14:43:08,S01,20241225
S01/20241225/00014,3,P106512,2,467.07,SALE,2024-12-25T14:43:08,S01,20241225
S01/20241225/00014,4,P106353,4,267.43,SALE,2024-12-25T14:43:08,S01,20241225
S01/20241225/00014,5,TAX,1,442.58,TAX,2024-12-25T14:43:08,S01,20241225
S01/20241225/00014,6,TENDER,1,2969.38,TENDER,2024-12-25T14:43:08,S01,20241225
S01/20241225/00015,1,P106191,2,1230.97,SALE,2024-12-25T16:20:13,S01,20241225
S01/20241225/00015,2,P100509,2,143.57,SALE,2024-12-25T16:20:13,S01,20241225
S01/20241225/00015,3,P105180,2,102.63,SALE,2024-12-25T16:20:13,S01,20241225
S01/20241225/00015,4,P103171,1,68.42,SALE,2024-12-25T16:20:13,S01,20241225
S01/20241225/00015,5,P100767,1,277.22,SALE,2024-12-25T16:20:13,S01,20241225
S01/20241225/00015,6,TAX,1,87.99,TAX,2024-12-25T16:20:13,S01,20241225
S01/20241225/00015,7,TENDER,1,3387.97,TENDER,2024-12-25T16:20:13,S01,20241225
S01/20241225/00016,1,P105747,2,287.56,SALE,2024-12-25T23:04:03,S01,20241225
S01/20241225/00016,2,P104842,1,352.80,SALE,2024-12-25T23:04:03,S01,20241225
S01/20241225/00016,3,P103473,1,428.66,SALE,2024-12-25T23:04:03,S01,20241225
S01/20241225/00016,4,P100305,1,710.07,SALE,2024-12-25T23:04:03,S01,20241225
S01/20241225/00016,5,DISC,1,-89.82,DISCOUNT,2024-12-25T23:04:03,S01,20241225
S01/20241225/00016,6,TAX,1,188.72,TAX,2024-12-25T23:04:03,S01,20241225
S01/20241225/00016,7,TENDER,1,2165.55,TENDER,2024-12-25T23:04:03,S01,20241225
S01/20241225/00017,1,P106865,2,299.72,SALE,2024-12-25T17:44:07,S01,20241225
S01/20241225/00017,2,P102714,3,86.80,SALE,2024-12-25T17:44:07,S01,20241225
S01/20241225/00017,3,TAX,1,139.15,TAX,2024-12-25T17:44:07,S01,20241225
S01/20241225/00017,4,TENDER,1,998.99,TENDER,2024-12-25T17:44:07,S01,20241225
S01/20241225/00018,1,P100595,1,404.82,SALE,2024-12-25T19:36:33,S01,20241225
S01/20241225/00018,2,P104417,1,332.65,SALE,2024-12-25T19:36:33,S01,20241225
S01/20241225/00018,3,P106975,2,143.78,SALE,2024-12-25T19:36:33,S01,20241225
S01/20241225/00018,4,P100140,2,58.05,SALE,2024-12-25T19:36:33,S01,20241225
S01/20241225/00018,5,P100536,1,471.52,SALE,2024-12-25T19:36:33,S01,20241225
S01/20241225/00018,6,TAX,1,246.03,TAX,2024-12-25T19:36:33,S01,20241225
S01/20241225/00018,7,TENDER,1,1858.68,TENDER,2024-12-25T19:36:33,S01,20241225
S01/20241225/00019,1,P102656,1,194.33,SALE,2024-12-25T18:18:35,S01,20241225
S01/20241225/00019,2,P101876,3,68.16,SALE,2024-12-25T18:18:35,S01,20241225
S01/20241225/00019,3,P102142,1,93.89,SALE,2024-12-25T18:18:35,S01,20241225
S01/20241225/00019,4,P102849,1,682.39,SALE,2024-12-25T18:18:35,S01,20241225
S01/20241225/00019,5,P107946,2,313.77,SALE,2024-12-25T18:18:35,S01,20241225
S01/20241225/00019,6,TAX,1,106.52,TAX,2024-12-25T18:18:35,S01,20241225
S01/20241225/00019,7,TENDER,1,1909.15,TENDER,2024-12-25T18:18:35,S01,20241225
S01/20241225/00020,1,P101842,3,227.96,SALE,2024-12-25T23:01:38,S01,20241225
S01/20241225/00020,2,P101465,1,573.89,SALE,2024-12-25T23:01:38,S01,20241225
S01/20241225/00020,3,P101732,4,1390.76,SALE,2024-12-25T23:01:38,S01,20241225
S01/20241225/00020,4,P106512,1,467.07,SALE,2024-12-25T23:01:38,S01,20241225
S01/20241225/00020,5,TAX,1,889.13,TAX,2024-12-25T23:01:38,S01,20241225
S01/20241225/00020,6,TENDER,1,8177.01,TENDER,2024-12-25T23:01:38,S01,20241225
S01/20241225/00021,1,P103461,2,109.46,SALE,2024-12-25T11:28:16,S01,20241225
S01/20241225/00021,2,P104670,3,108.77,SALE,2024-12-25T11:28:16,S01,20241225
S01/20241225/00021,3,P107047,1,413.27,SALE,2024-12-25T11:28:16,S01,20241225
S01/20241225/00021,4,P105707,2,130.64,SALE,2024-12-25T11:28:16,S01,20241225
S01/20241225/00021,5,P107026,3,69.10,SALE,2024-12-25T11:28:16,S01,20241225
S01/20241225/00021,6,P100428,1,150.84,SALE,2024-12-25T11:28:16,S01,20241225
S01/20241225/00021,7,P103029,2,11.28,SALE,2024-12-25T11:28:16,S01,20241225
S01/20241225/00021,8,TAX,1,207.33,TAX,2024-12-25T11:28:16,S01,20241225
S01/20241225/00021,9,TENDER,1,1807.81,TENDER,2024-12-25T11:28:16,S01,20241225
S01/20241225/00022,1,P107705,2,763.24,SALE,2024-12-25T07:11:04,S01,20241225
S01/20241225/00022,2,P103864,2,540.44,SALE,2024-12-25T07:11:04,S01,20241225
S01/20241225/00022,3,P100904,3,68.79,SALE,2024-12-25T07:11:04,S01,20241225
S01/20241225/00022,4,TAX,1,274.37,TAX,2024-12-25T07:11:04,S01,20241225
S01/20241225/00022,5,TENDER,1,3088.10,TENDER,2024-12-25T07:11:04,S01,20241225
S01/20241225/00023,1,P107872,3,650.85,SALE,2024-12-25T10:00:49,S01,20241225
S01/20241225/00023,2,P107393,1,469.90,SALE,2024-12-25T10:00:49,S01,20241225
S01/20241225/00023,3,P106679,1,181.66,SALE,2024-12-25T10:00:49,S01,20241225
S01/20241225/00023,4,P104316,4,489.63,SALE,2024-12-25T10:00:49,S01,20241225
S01/20241225/00023,5,P103473,1,428.66,SALE,2024-12-25T10:00:49,S01,20241225
S01/20241225/00023,6,P105890,3,1196.88,SALE,2024-12-25T10:00:49,S01,20241225
S01/20241225/00023,7,P104194,2,119.04,SALE,2024-12-25T10:00:49,S01,20241225
S01/20241225/00023,8,TAX,1,780.37,TAX,2024-12-25T10:00:49,S01,20241225
S01/20241225/00023,9,TENDER,1,9600.38,TENDER,2024-12-25T10:00:49,S01,20241225
S01/20241225/00024,1,P100483,2,933.37,SALE,2024-12-25T12:53:08,S01,20241225
S01/20241225/00024,2,P102042,2,151.18,SALE,2024-12-25T12:53:08,S01,20241225
S01/20241225/00024,3,P108135,2,562.62,SALE,2024-12-25T12:53:08,S01,20241225
S01/20241225/00024,4,P103760,3,103.67,SALE,2024-12-25T12:53:08,S01,20241225
S01/20241225/00024,5,P106566,5,251.68,SALE,2024-12-25T12:53:08,S01,20241225
S01/20241225/00024,6,P106130,4,1317.16,SALE,2024-12-25T12:53:08,S01,20241225
S01/20241225/00024,7,TAX,1,318.78,TAX,2024-12-25T12:53:08,S01,20241225
S01/20241225/00024,8,TENDER,1,10451.17,TENDER,2024-12-25T12:53:08,S01,20241225
S01/20241225/00025,1,P105119,3,106.45,SALE,2024-12-25T16:59:13,S01,20241225
S01/20241225/00025,2,P103600,2,107.84,SALE,2024-12-25T16:59:13,S01,20241225
S01/20241225/00025,3,P108060,3,217.09,SALE,2024-12-25T16:59:13,S01,20241225
S01/20241225/00025,4,P101064,2,33.84,SALE,2024-12-25T16:59:13,S01,20241225
S01/20241225/00025,5,P105405,2,430.78,SALE,2024-12-25T16:59:13,S01,20241225
S01/20241225/00025,6,TAX,1,240.76,TAX,2024-12-25T16:59:13,S01,20241225
S01/20241225/00025,7,TENDER,1,2356.30,TENDER,2024-12-25T16:59:13,S01,20241225
S01/20241225/00026,1,P104965,1,88.50,SALE,2024-12-25T11:27:27,S01,20241225
S01/20241225/00026,2,P100731,3,254.77,SALE,2024-12-25T11:27:27,S01,20241225
S01/20241225/00026,3,P106330,4,218.33,SALE,2024-12-25T11:27:27,S01,20241225
S01/20241225/00026,4,P103465,2,32.05,SALE,2024-12-25T11:27:27,S01,20241225
S01/20241225/00026,5,P103973,2,108.48,SALE,2024-12-25T11:27:27,S01,20241225
S01/20241225/00026,6,P104883,4,370.64,SALE,2024-12-25T11:27:27,S01,20241225
S01/20241225/00026,7,P102892,1,227.52,SALE,2024-12-25T11:27:27,S01,20241225
S01/20241225/00026,8,TAX,1,464.87,TAX,2024-12-25T11:27:27,S01,20241225
S01/20241225/00026,9,TENDER,1,4182.14,TENDER,2024-12-25T11:27:27,S01,20241225
S01/20241225/00027,1,P104665,-2,217.71,RETURN,2024-12-25T20:21:49,S01,20241225
S01/20241225/00027,2,P107056,-2,341.76,RETURN,2024-12-25T20:21:49,S01,20241225
S01/20241225/00027,3,P107463,-4,188.92,RETURN,2024-12-25T20:21:49,S01,20241225
S01/20241225/00027,4,P103040,-4,410.59,RETURN,2024-12-25T20:21:49,S01,20241225
S01/20241225/00027,5,P102975,-2,234.92,RETURN,2024-12-25T20:21:49,S01,20241225
S01/20241225/00027,6,TAX,1,-691.50,TAX,2024-12-25T20:21:49,S01,20241225
S01/20241225/00027,7,TENDER,1,-4678.32,TENDER,2024-12-25T20:21:49,S01,20241225
S01/20241225/00028,1,P102933,2,610.87,SALE,2024-12-25T22:06:23,S01,20241225
S01/20241225/00028,2,P100375,1,163.45,SALE,2024-12-25T22:06:23,S01,20241225
S01/20241225/00028,3,P105479,4,253.92,SALE,2024-12-25T22:06:23,S01,20241225
S01/20241225/00028,4,P100803,1,278.56,SALE,2024-12-25T22:06:23,S01,20241225
S01/20241225/00028,5,TAX,1,290.59,TAX,2024-12-25T22:06:23,S01,20241225
S01/20241225/00028,6,TENDER,1,2970.02,TENDER,2024-12-25T22:06:23,S01,20241225
S01/20241225/00029,1,P102371,3,59.77,SALE,2024-12-25T14:54:23,S01,20241225
S01/20241225/00029,2,P102375,2,509.34,SALE,2024-12-25T14:54:23,S01,20241225
S01/20241225/00029,3,P108216,3,69.70,SALE,2024-12-25T14:54:23,S01,20241225
S01/20241225/00029,4,P102931,2,185.66,SALE,2024-12-25T14:54:23,S01,20241225
S01/20241225/00029,5,P101894,2,668.48,SALE,2024-12-25T14:54:23,S01,20241225
S01/20241225/00029,6,TAX,1,354.25,TAX,2024-12-25T14:54:23,S01,20241225
S01/20241225/00029,7,TENDER,1,3469.62,TENDER,2024-12-25T14:54:23,S01,20241225
S01/20241225/00030,1,P104747,2,342.93,SALE,2024-12-25T15:44:42,S01,20241225
S01/20241225/00030,2,P102931,4,185.66,SALE,2024-12-25T15:44:42,S01,20241225
S01/20241225/00030,3,P106004,2,137.38,SALE,2024-12-25T15:44:42,S01,20241225
S01/20241225/00030,4,TAX,1,96.04,TAX,2024-12-25T15:44:42,S01,20241225
S01/20241225/00030,5,TENDER,1,1799.30,TENDER,2024-12-25T15:44:42,S01,20241225
S01/20241225/00031,1,P106310,1,462.03,SALE,2024-12-25T15:24:22,S01,20241225
S01/20241225/00031,2,P103096,3,315.47,SALE,2024-12-25T15:24:22,S01,20241225
S01/20241225/00031,3,P106793,2,303.65,SALE,2024-12-25T15:24:22,S01,20241225
S01/20241225/00031,4,P106464,3,277.18,SALE,2024-12-25T15:24:22,S01,20241225
S01/20241225/00031,5,TAX,1,383.67,TAX,2024-12-25T15:24:22,S01,20241225
S01/20241225/00031,6,TENDER,1,3230.95,TENDER,2024-12-25T15:24:22,S01,20241225
S01/20241225/00032,1,P107884,4,31.56,SALE,2024-12-25T20:03:36,S01,20241225
S01/20241225/00032,2,P106566,2,251.68,SALE,2024-12-25T20:03:36,S01,20241225
S01/20241225/00032,3,P104233,2,1271.89,SALE,2024-12-25T20:03:36,S01,20241225
S01/20241225/00032,4,P105003,3,323.64,SALE,2024-12-25T20:03:36,S01,20241225
S01/20241225/00032,5,P106353,1,267.43,SALE,2024-12-25T20:03:36,S01,20241225
S01/20241225/00032,6,P105201,2,365.02,SALE,2024-12-25T20:03:36,S01,20241225
S01/20241225/00032,7,TAX,1,499.92,TAX,2024-12-25T20:03:36,S01,20241225
S01/20241225/00032,8,TENDER,1,5641.69,TENDER,2024-12-25T20:03:36,S01,20241225
S01/20241225/00033,1,P105272,1,351.65,SALE,2024-12-25T15:36:20,S01,20241225
S01/20241225/00033,2,TAX,1,42.20,TAX,2024-12-25T15:36:20,S01,20241225
S01/20241225/00033,3,TENDER,1,393.85,TENDER,2024-12-25T15:36:20,S01,20241225
S01/20241225/00034,1,P102081,2,164.15,SALE,2024-12-25T16:07:45,S01,20241225
S01/20241225/00034,2,P108046,2,101.85,SALE,2024-12-25T16:07:45,S01,20241225
S01/20241225/00034,3,P104541,1,149.08,SALE,2024-12-25T16:07:45,S01,20241225
S01/20241225/00034,4,P107903,4,22.86,SALE,2024-12-25T16:07:45,S01,20241225
S01/20241225/00034,5,P107753,2,73.61,SALE,2024-12-25T16:07:45,S01,20241225
S01/20241225/00034,6,TAX,1,119.67,TAX,2024-12-25T16:07:45,S01,20241225
S01/20241225/00034,7,TENDER,1,1039.41,TENDER,2024-12-25T16:07:45,S01,20241225
S01/20241225/00035,1,P107282,2,1189.20,SALE,2024-12-25T14:20:07,S01,20241225
S01/20241225/00035,2,P104688,5,178.09,SALE,2024-12-25T14:20:07,S01,20241225
S01/20241225/00035,3,P107282,-2,1189.20,VOID,2024-12-25T14:20:07,S01,20241225
S01/20241225/00035,4,P104688,-5,178.09,VOID,2024-12-25T14:20:07,S01,20241225
S01/20241225/00035,5,TAX,1,0.00,TAX,2024-12-25T14:20:07,S01,20241225
S01/20241225/00035,6,TENDER,1,0.00,TENDER,2024-12-25T14:20:07,S01,20241225
S01/20241225/00036,1,P105453,2,465.18,SALE,2024-12-25T13:58:03,S01,20241225
S01/20241225/00036,2,P107826,2,136.08,SALE,2024-12-25T13:58:03,S01,20241225
S01/20241225/00036,3,P100106,1,318.86,SALE,2024-12-25T13:58:03,S01,20241225
S01/20241225/00036,4,P107630,1,309.72,SALE,2024-12-25T13:58:03,S01,20241225
S01/20241225/00036,5,P106793,3,303.65,SALE,2024-12-25T13:58:03,S01,20241225
S01/20241225/00036,6,P101218,1,61.39,SALE,2024-12-25T13:58:03,S01,20241225
S01/20241225/00036,7,TAX,1,369.87,TAX,2024-12-25T13:58:03,S01,20241225
S01/20241225/00036,8,TENDER,1,3173.31,TENDER,2024-12-25T13:58:03,S01,20241225
S01/20241225/00037,1,P103986,2,495.05,SALE,2024-12-25T22:11:59,S01,20241225
S01/20241225/00037,2,P104956,3,141.84,SALE,2024-12-25T22:11:59,S01,20241225
S01/20241225/00037,3,P103563,3,26.76,SALE,2024-12-25T22:11:59,S01,20241225
S01/20241225/00037,4,P106542,1,139.24,SALE,2024-12-25T22:11:59,S01,20241225
S01/20241225/00037,5,P100007,1,155.06,SALE,2024-12-25T22:11:59,S01,20241225
S01/20241225/00037,6,P108017,1,105.98,SALE,2024-12-25T22:11:59,S01,20241225
S01/20241225/00037,7,TAX,1,322.24,TAX,2024-12-25T22:11:59,S01,20241225
S01/20241225/00037,8,TENDER,1,2218.42,TENDER,2024-12-25T22:11:59,S01,20241225
S01/20241225/00038,1,P106501,1,164.07,SALE,2024-12-25T16:21:04,S01,20241225
S01/20241225/00038,2,P103259,2,298.27,SALE,2024-12-25T16:21:04,S01,20241225
S01/20241225/00038,3,DISC,1,-85.79,DISCOUNT,2024-12-25T16:21:04,S01,20241225
S01/20241225/00038,4,TAX,1,26.20,TAX,2024-12-25T16:21:04,S01,20241225
S01/20241225/00038,5,TENDER,1,701.02,TENDER,2024-12-25T16:21:04,S01,20241225
S01/20241225/00039,1,P100494,1,67.32,SALE,2024-12-25T18:00:10,S01,20241225
S01/20241225/00039,2,P107542,1,162.57,SALE,2024-12-25T18:00:10,S01,20241225
S01/20241225/00039,3,P107508,2,1577.69,SALE,2024-12-25T18:00:10,S01,20241225
S01/20241225/00039,4,P105377,1,275.11,SALE,2024-12-25T18:00:10,S01,20241225
S01/20241225/00039,5,DISC,1,-215.34,DISCOUNT,2024-12-25T18:00:10,S01,20241225
S01/20241225/00039,6,TAX,1,398.85,TAX,2024-12-25T18:00:10,S01,20241225
S01/20241225/00039,7,TENDER,1,3843.89,TENDER,2024-12-25T18:00:10,S01,20241225
S01/20241225/00040,1,P100686,2,800.21,SALE,2024-12-25T16:04:50,S01,20241225
S01/20241225/00040,2,P100210,2,1073.90,SALE,2024-12-25T16:04:50,S01,20241225
S01/20241225/00040,3,P102021,3,90.22,SALE,2024-12-25T16:04:50,S01,20241225
S01/20241225/00040,4,P104112,3,52.93,SALE,2024-12-25T16:04:50,S01,20241225
S01/20241225/00040,5,P100555,5,435.03,SALE,2024-12-25T16:04:50,S01,20241225
S01/20241225/00040,6,TAX,1,689.68,TAX,2024-12-25T16:04:50,S01,20241225
S01/20241225/00040,7,TENDER,1,7042.50,TENDER,2024-12-25T16:04:50,S01,20241225
S01/20241225/00041,1,P108247,3,252.59,SALE,2024-12-25T15:42:36,S01,20241225
S01/20241225/00041,2,P106317,2,485.55,SALE,2024-12-25T15:42:36,S01,20241225
S01/20241225/00041,3,P101656,1,324.95,SALE,2024-12-25T15:42:36,S01,20241225
S01/20241225/00041,4,P105805,2,110.21,SALE,2024-12-25T15:42:36,S01,20241225
S01/20241225/00041,5,TAX,1,291.92,TAX,2024-12-25T15:42:36,S01,20241225
S01/20241225/00041,6,TENDER,1,2566.16,TENDER,2024-12-25T15:42:36,S01,20241225
S01/20241225/00042,1,P101311,2,481.74,SALE,2024-12-25T15:09:28,S01,20241225
S01/20241225/00042,2,P107472,3,64.61,SALE,2024-12-25T15:09:28,S01,20241225
S01/20241225/00042,3,TAX,1,57.87,TAX,2024-12-25T15:09:28,S01,20241225
S01/20241225/00042,4,TENDER,1,1215.18,TENDER,2024-12-25T15:09:28,S01,20241225
S01/20241225/00043,1,P101101,3,74.25,SALE,2024-12-25T12:20:02,S01,20241225
S01/20241225/00043,2,P105636,1,558.71,SALE,2024-12-25T12:20:02,S01,20241225
S01/20241225/00043,3,P102409,3,326.59,SALE,2024-12-25T12:20:02,S01,20241225
S01/20241225/00043,4,P108118,3,66.05,SALE,2024-12-25T12:20:02,S01,20241225
S01/20241225/00043,5,P100879,2,159.99,SALE,2024-12-25T12:20:02,S01,20241225
S01/20241225/00043,6,P103029,3,11.28,SALE,2024-12-25T12:20:02,S01,20241225
S01/20241225/00043,7,TAX,1,219.09,TAX,2024-12-25T12:20:02,S01,20241225
S01/20241225/00043,8,TENDER,1,2532.29,TENDER,2024-12-25T12:20:02,S01,20241225
S01/20241225/00044,1,P104302,2,1255.97,SALE,2024-12-25T13:49:47,S01,20241225
S01/20241225/00044,2,P107667,1,367.93,SALE,2024-12-25T13:49:47,S01,20241225
S01/20241225/00044,3,P106391,1,795.61,SALE,2024-12-25T13:49:47,S01,20241225
S01/20241225/00044,4,P106130,2,1317.16,SALE,2024-12-25T13:49:47,S01,20241225
S01/20241225/00044,5,P100233,2,67.07,SALE,2024-12-25T13:49:47,S01,20241225
S01/20241225/00044,6,P101520,3,187.47,SALE,2024-12-25T13:49:47,S01,20241225
S01/20241225/00044,7,P106907,3,321.26,SALE,2024-12-25T13:49:47,S01,20241225
S01/20241225/00044,8,P100019,2,74.65,SALE,2024-12-25T13:49:47,S01,20241225
S01/20241225/00044,9,P104454,4,49.63,SALE,2024-12-25T13:49:47,S01,20241225
S01/20241225/00044,10,TAX,1,456.99,TAX,2024-12-25T13:49:47,S01,20241225
S01/20241225/00044,11,TENDER,1,8774.94,TENDER,2024-12-25T13:49:47,S01,20241225
S01/20241225/00045,1,P106323,1,218.99,SALE,2024-12-25T17:05:29,S01,20241225
S01/20241225/00045,2,P102081,3,164.15,SALE,2024-12-25T17:05:29,S01,20241225
S01/20241225/00045,3,P101263,1,684.55,SALE,2024-12-25T17:05:29,S01,20241225
S01/20241225/00045,4,TAX,1,222.81,TAX,2024-12-25T17:05:29,S01,20241225
S01/20241225/00045,5,TENDER,1,1618.80,TENDER,2024-12-25T17:05:29,S01,20241225
S01/20241225/00046,1,P103620,2,474.03,SALE,2024-12-26T00:53:50,S01,20241225
S01/20241225/00046,2,P101242,1,92.35,SALE,2024-12-26T00:53:50,S01,20241225
S01/20241225/00046,3,TAX,1,16.62,TAX,2024-12-26T00:53:50,S01,20241225
S01/20241225/00046,4,TENDER,1,1057.03,TENDER,2024-12-26T00:53:50,S01,20241225
S01/20241225/00047,1,P101961,2,767.84,SALE,2024-12-25T14:56:06,S01,20241225
S01/20241225/00047,2,P107973,4,271.93,SALE,2024-12-25T14:56:06,S01,20241225
S01/20241225/00047,3,P101961,-2,767.84,VOID,2024-12-25T14:56:06,S01,20241225
S01/20241225/00047,4,P107973,-4,271.93,VOID,2024-12-25T14:56:06,S01,20241225
S01/20241225/00047,5,TAX,1,0.00,TAX,2024-12-25T14:56:06,S01,20241225
S01/20241225/00047,6,TENDER,1,0.00,TENDER,2024-12-25T14:56:06,S01,20241225
S01/20241225/00048,1,P104294,4,106.47,SALE,2024-12-25T19:38:10,S01,20241225
S01/20241225/00048,2,P107502,2,311.85,SALE,2024-12-25T19:38:10,S01,20241225
S01/20241225/00048,3,P100731,3,254.77,SALE,2024-12-25T19:38:10,S01,20241225
S01/20241225/00048,4,P104011,2,657.72,SALE,2024-12-25T19:38:10,S01,20241225
S01/20241225/00048,5,P108125,2,129.06,SALE,2024-12-25T19:38:10,S01,20241225
S01/20241225/00048,6,TAX,1,366.72,TAX,2024-12-25T19:38:10,S01,20241225
S01/20241225/00048,7,TENDER,1,3754.17,TENDER,2024-12-25T19:38:10,S01,20241225
S01/20241225/00049,1,P107943,3,252.32,SALE,2024-12-25T18:19:50,S01,20241225
S01/20241225/00049,2,P106773,4,397.71,SALE,2024-12-25T18:19:50,S01,20241225
S01/20241225/00049,3,P107495,2,448.19,SALE,2024-12-25T18:19:50,S01,20241225
S01/20241225/00049,4,P100135,1,72.29,SALE,2024-12-25T18:19:50,S01,20241225
S01/20241225/00049,5,P101779,1,209.76,SALE,2024-12-25T18:19:50,S01,20241225
S01/20241225/00049,6,P103090,1,841.97,SALE,2024-12-25T18:19:50,S01,20241225
S01/20241225/00049,7,P105707,2,130.64,SALE,2024-12-25T18:19:50,S01,20241225
S01/20241225/00049,8,TAX,1,617.72,TAX,2024-12-25T18:19:50,S01,20241225
S01/20241225/00049,9,TENDER,1,5247.20,TENDER,2024-12-25T18:19:50,S01,20241225
S01/20241225/00050,1,P102880,2,575.53,SALE,2024-12-25T17:27:30,S01,20241225
S01/20241225/00050,2,P107026,3,69.10,SALE,2024-12-25T17:27:30,S01,20241225
S01/20241225/00050,3,TAX,1,94.87,TAX,2024-12-25T17:27:30,S01,20241225
S01/20241225/00050,4,TENDER,1,1453.23,TENDER,2024-12-25T17:27:30,S01,20241225
S01/20241225/00051,1,P104121,-3,131.32,RETURN,2024-12-25T12:54:06,S01,20241225
S01/20241225/00051,2,P106965,-1,89.01,RETURN,2024-12-25T12:54:06,S01,20241225
S01/20241225/00051,3,P104139,-1,249.08,RETURN,2024-12-25T12:54:06,S01,20241225
S01/20241225/00051,4,P100536,-1,471.52,RETURN,2024-12-25T12:54:06,S01,20241225
S01/20241225/00051,5,P105425,-1,153.55,RETURN,2024-12-25T12:54:06,S01,20241225
S01/20241225/00051,6,P106550,-2,29.54,RETURN,2024-12-25T12:54:06,S01,20241225
S01/20241225/00051,7,P107884,-1,29.77,RETURN,2024-12-25T12:54:06,S01,20241225
S01/20241225/00051,8,P100019,-1,74.65,RETURN,2024-12-25T12:54:06,S01,20241225
S01/20241225/00051,9,TAX,1,-197.34,TAX,2024-12-25T12:54:06,S01,20241225
S01/20241225/00051,10,TENDER,1,-1717.96,TENDER,2024-12-25T12:54:06,S01,20241225
S01/20241225/00052,1,P100121,2,113.08,SALE,2024-12-25T19:16:50,S01,20241225
S01/20241225/00052,2,P106035,5,86.76,SALE,2024-12-25T19:16:50,S01,20241225
S01/20241225/00052,3,P106872,1,73.12,SALE,2024-12-25T19:16:50,S01,20241225
S01/20241225/00052,4,TAX,1,102.55,TAX,2024-12-25T19:16:50,S01,20241225
S01/20241225/00052,5,TENDER,1,835.63,TENDER,2024-12-25T19:16:50,S01,20241225
S01/20241225/00053,1,P102091,1,87.97,SALE,2024-12-25T17:37:28,S01,20241225
S01/20241225/00053,2,P107914,1,244.98,SALE,2024-12-25T17:37:28,S01,20241225
S01/20241225/00053,3,P103364,4,118.90,SALE,2024-12-25T17:37:28,S01,20241225
S01/20241225/00053,4,P107542,1,162.57,SALE,2024-12-25T17:37:28,S01,20241225
S01/20241225/00053,5,P106900,2,179.85,SALE,2024-12-25T17:37:28,S01,20241225
S01/20241225/00053,6,TAX,1,62.08,TAX,2024-12-25T17:37:28,S01,20241225
S01/20241225/00053,7,TENDER,1,1392.90,TENDER,2024-12-25T17:37:28,S01,20241225
S01/20241226/00001,1,P100682,1,337.76,SALE,2024-12-26T21:08:54,S01,20241226
S01/20241226/00001,2,P108174,2,235.92,SALE,2024-12-26T21:08:54,S01,20241226
S01/20241226/00001,3,P100268,3,197.00,SALE,2024-12-26T21:08:54,S01,20241226
S01/20241226/00001,4,P100577,1,300.10,SALE,2024-12-26T21:08:54,S01,20241226
S01/20241226/00001,5,P100571,3,134.98,SALE,2024-12-26T21:08:54,S01,20241226
S01/20241226/00001,6,P102569,1,116.37,SALE,2024-12-26T21:08:54,S01,20241226
S01/20241226/00001,7,P105460,3,148.47,SALE,2024-12-26T21:08:54,S01,20241226
S01/20241226/00001,8,P104285,1,683.70,SALE,2024-12-26T21:08:54,S01,20241226
S01/20241226/00001,9,P104023,1,630.48,SALE,2024-12-26T21:08:54,S01,20241226
S01/20241226/00001,10,P107516,4,565.20,SALE,2024-12-26T21:08:54,S01,20241226
S01/20241226/00001,11,P108272,4,121.99,SALE,2024-12-26T21:08:54,S01,20241226
S01/20241226/00001,12,TAX,1,845.93,TAX,2024-12-26T21:08:54,S01,20241226
S01/20241226/00001,13,TENDER,1,7576.29,TENDER,2024-12-26T21:08:54,S01,20241226
S01/20241226/00002,1,P107946,2,313.77,SALE,2024-12-26T13:42:33,S01,20241226
S01/20241226/00002,2,P107984,2,357.15,SALE,2024-12-26T13:42:33,S01,20241226
S01/20241226/00002,3,P106833,1,446.47,SALE,2024-12-26T13:42:33,S01,20241226
S01/20241226/00002,4,P106671,3,90.38,SALE,2024-12-26T13:42:33,S01,20241226
S01/20241226/00002,5,P106415,2,911.99,SALE,2024-12-26T13:42:33,S01,20241226
S01/20241226/00002,6,P107282,2,1189.20,SALE,2024-12-26T13:42:33,S01,20241226
S01/20241226/00002,7,P108149,2,1073.33,SALE,2024-12-26T13:42:33,S01,20241226
S01/20241226/00002,8,DISC,1,-919.52,DISCOUNT,2024-12-26T13:42:33,S01,20241226
S01/20241226/00002,9,TAX,1,393.11,TAX,2024-12-26T13:42:33,S01,20241226
S01/20241226/00002,10,TENDER,1,7882.08,TENDER,2024-12-26T13:42:33,S01,20241226
S01/20241226/00003,1,P100816,1,806.93,SALE,2024-12-26T19:22:48,S01,20241226
S01/20241226/00003,2,P101064,1,33.84,SALE,2024-12-26T19:22:48,S01,20241226
S01/20241226/00003,3,TAX,1,102.92,TAX,2024-12-26T19:22:48,S01,20241226
S01/20241226/00003,4,TENDER,1,943.69,TENDER,2024-12-26T19:22:48,S01,20241226
S01/20241226/00004,1,P108361,3,73.59,SALE,2024-12-26T15:07:40,S01,20241226
S01/20241226/00004,2,P100827,2,1218.17,SALE,2024-12-26T15:07:40,S01,20241226
S01/20241226/00004,3,P105323,3,84.67,SALE,2024-12-26T15:07:40,S01,20241226
S01/20241226/00004,4,DISC,1,-319.89,DISCOUNT,2024-12-26T15:07:40,S01,20241226
S01/20241226/00004,5,TAX,1,11.30,TAX,2024-12-26T15:07:40,S01,20241226
S01/20241226/00004,6,TENDER,1,2602.53,TENDER,2024-12-26T15:07:40,S01,20241226
S01/20241226/00005,1,P107920,4,109.22,SALE,2024-12-26T16:07:26,S01,20241226
S01/20241226/00005,2,P101034,2,94.74,SALE,2024-12-26T16:07:26,S01,20241226
S01/20241226/00005,3,TAX,1,101.38,TAX,2024-12-26T16:07:26,S01,20241226
S01/20241226/00005,4,TENDER,1,727.74,TENDER,2024-12-26T16:07:26,S01,20241226
S01/20241226/00006,1,P102409,2,326.59,SALE,2024-12-26T21:43:19,S01,20241226
S01/20241226/00006,2,P103833,1,1136.81,SALE,2024-12-26T21:43:19,S01,20241226
S01/20241226/00006,3,P106123,2,248.44,SALE,2024-12-26T21:43:19,S01,20241226
S01/20241226/00006,4,P102371,3,59.77,SALE,2024-12-26T21:43:19,S01,20241226
S01/20241226/00006,5,P108227,1,551.58,SALE,2024-12-26T21:43:19,S01,20241226
S01/20241226/00006,6,P100348,3,527.90,SALE,2024-12-26T21:43:19,S01,20241226
S01/20241226/00006,7,TAX,1,253.60,TAX,2024-12-26T21:43:19,S01,20241226
S01/20241226/00006,8,TENDER,1,4855.06,TENDER,2024-12-26T21:43:19,S01,20241226
S01/20241226/00007,1,P102263,4,116.79,SALE,2024-12-26T17:43:18,S01,20241226
S01/20241226/00007,2,P100744,1,67.07,SALE,2024-12-26T17:43:18,S01,20241226
S01/20241226/00007,3,DISC,1,-23.60,DISCOUNT,2024-12-26T17:43:18,S01,20241226
S01/20241226/00007,4,TAX,1,56.79,TAX,2024-12-26T17:43:18,S01,20241226
S01/20241226/00007,5,TENDER,1,567.42,TENDER,2024-12-26T17:43:18,S01,20241226
S01/20241226/00008,1,P106577,2,52.98,SALE,2024-12-26T15:10:30,S01,20241226
S01/20241226/00008,2,P107320,4,231.92,SALE,2024-12-26T15:10:30,S01,20241226
S01/20241226/00008,3,P104533,4,313.53,SALE,2024-12-26T15:10:30,S01,20241226
S01/20241226/00008,4,P105021,1,1246.70,SALE,2024-12-26T15:10:30,S01,20241226
S01/20241226/00008,5,DISC,1,-234.95,DISCOUNT,2024-12-26T15:10:30,S01,20241226
S01/20241226/00008,6,TAX,1,307.06,TAX,2024-12-26T15:10:30,S01,20241226
S01/20241226/00008,7,TENDER,1,3606.57,TENDER,2024-12-26T15:10:30,S01,20241226
S01/20241226/00009,1,P107266,1,71.89,SALE,2024-12-26T17:13:22,S01,20241226
S01/20241226/00009,2,P100991,2,173.46,SALE,2024-12-26T17:13:22,S01,20241226
S01/20241226/00009,3,P105030,2,224.07,SALE,2024-12-26T17:13:22,S01,20241226
S01/20241226/00009,4,P102103,4,400.89,SALE,2024-12-26T17:13:22,S01,20241226
S01/20241226/00009,5,P106234,3,79.42,SALE,2024-12-26T17:13:22,S01,20241226
S01/20241226/00009,6,P107217,2,293.45,SALE,2024-12-26T17:13:22,S01,20241226
S01/20241226/00009,7,P105531,1,502.91,SALE,2024-12-26T17:13:22,S01,20241226
S01/20241226/00009,8,P100956,1,421.98,SALE,2024-12-26T17:13:22,S01,20241226
S01/20241226/00009,9,TAX,1,570.71,TAX,2024-12-26T17:13:22,S01,20241226
S01/20241226/00009,10,TENDER,1,4791.27,TENDER,2024-12-26T17:13:22,S01,20241226
S01/20241226/00010,1,P102081,2,164.15,SALE,2024-12-26T19:25:38,S01,20241226
S01/20241226/00010,2,P101507,1,635.95,SALE,2024-12-26T19:25:38,S01,20241226
S01/20241226/00010,3,P107681,2,193.13,SALE,2024-12-26T19:25:38,S01,20241226
S01/20241226/00010,4,P103749,2,17.91,SALE,2024-12-26T19:25:38,S01,20241226
S01/20241226/00010,5,P100394,2,320.36,SALE,2024-12-26T19:25:38,S01,20241226
S01/20241226/00010,6,P103281,2,172.43,SALE,2024-12-26T19:25:38,S01,20241226
S01/20241226/00010,7,P107056,2,341.76,SALE,2024-12-26T19:25:38,S01,20241226
S01/20241226/00010,8,P101023,3,213.62,SALE,2024-12-26T19:25:38,S01,20241226
S01/20241226/00010,9,P102880,1,575.53,SALE,2024-12-26T19:25:38,S01,20241226
S01/20241226/00010,10,TAX,1,489.68,TAX,2024-12-26T19:25:38,S01,20241226
S01/20241226/00010,11,TENDER,1,4761.50,TENDER,2024-12-26T19:25:38,S01,20241226
S01/20241226/00011,1,P102142,3,93.89,SALE,2024-12-26T11:04:42,S01,20241226
S01/20241226/00011,2,P105418,3,257.82,SALE,2024-12-26T11:04:42,S01,20241226
S01/20241226/00011,3,P103647,2,42.08,SALE,2024-12-26T11:04:42,S01,20241226
S01/20241226/00011,4,P103958,2,32.46,SALE,2024-12-26T11:04:42,S01,20241226
S01/20241226/00011,5,TAX,1,164.99,TAX,2024-12-26T11:04:42,S01,20241226
S01/20241226/00011,6,TENDER,1,1369.20,TENDER,2024-12-26T11:04:42,S01,20241226
S01/20241226/00012,1,P104454,2,49.63,SALE,2024-12-26T20:31:32,S01,20241226
S01/20241226/00012,2,P105345,1,335.85,SALE,2024-12-26T20:31:32,S01,20241226
S01/20241226/00012,3,P107435,1,636.54,SALE,2024-12-26T20:31:32,S01,20241226
S01/20241226/00012,4,P101530,1,576.50,SALE,2024-12-26T20:31:32,S01,20241226
S01/20241226/00012,5,P105139,1,119.64,SALE,2024-12-26T20:31:32,S01,20241226
S01/20241226/00012,6,P107795,3,284.47,SALE,2024-12-26T20:31:32,S01,20241226
S01/20241226/00012,7,P104600,4,56.45,SALE,2024-12-26T20:31:32,S01,20241226
S01/20241226/00012,8,TAX,1,368.16,TAX,2024-12-26T20:31:32,S01,20241226
S01/20241226/00012,9,TENDER,1,3215.16,TENDER,2024-12-26T20:31:32,S01,20241226
S01/20241226/00013,1,P100791,2,46.20,SALE,2024-12-26T13:56:17,S01,20241226
S01/20241226/00013,2,P104478,1,18.27,SALE,2024-12-26T13:56:17,S01,20241226
S01/20241226/00013,3,P106048,1,310.59,SALE,2024-12-26T13:56:17,S01,20241226
S01/20241226/00013,4,P104427,2,506.64,SALE,2024-12-26T13:56:17,S01,20241226
S01/20241226/00013,5,P107743,1,197.87,SALE,2024-12-26T13:56:17,S01,20241226
S01/20241226/00013,6,TAX,1,251.31,TAX,2024-12-26T13:56:17,S01,20241226
S01/20241226/00013,7,TENDER,1,1883.72,TENDER,2024-12-26T13:56:17,S01,20241226
S01/20241226/00014,1,P107264,3,190.99,SALE,2024-12-26T09:34:31,S01,20241226
S01/20241226/00014,2,P102585,3,516.36,SALE,2024-12-26T09:34:31,S01,20241226
S01/20241226/00014,3,P100771,3,820.85,SALE,2024-12-26T09:34:31,S01,20241226
S01/20241226/00014,4,P105042,3,66.53,SALE,2024-12-26T09:34:31,S01,20241226
S01/20241226/00014,5,TAX,1,512.02,TAX,2024-12-26T09:34:31,S01,20241226
S01/20241226/00014,6,TENDER,1,5296.21,TENDER,2024-12-26T09:34:31,S01,20241226
S01/20241226/00015,1,P105890,2,1196.88,SALE,2024-12-26T16:03:31,S01,20241226
S01/20241226/00015,2,P101048,1,219.90,SALE,2024-12-26T16:03:31,S01,20241226
S01/20241226/00015,3,P108159,3,488.81,SALE,2024-12-26T16:03:31,S01,20241226
S01/20241226/00015,4,TAX,1,130.68,TAX,2024-12-26T16:03:31,S01,20241226
S01/20241226/00015,5,TENDER,1,4210.77,TENDER,2024-12-26T16:03:31,S01,20241226
S01/20241226/00016,1,P102945,2,43.42,SALE,2024-12-26T18:03:07,S01,20241226
S01/20241226/00016,2,P104992,5,979.87,SALE,2024-12-26T18:03:07,S01,20241226
S01/20241226/00016,3,P100767,1,277.22,SALE,2024-12-26T18:03:07,S01,20241226
S01/20241226/00016,4,P100924,1,50.37,SALE,2024-12-26T18:03:07,S01,20241226
S01/20241226/00016,5,TAX,1,57.96,TAX,2024-12-26T18:03:07,S01,20241226
S01/20241226/00016,6,TENDER,1,5371.74,TENDER,2024-12-26T18:03:07,S01,20241226
S01/20241226/00017,1,P107784,2,245.59,SALE,2024-12-26T17:59:35,S01,20241226
S01/20241226/00017,2,P104462,2,86.38,SALE,2024-12-26T17:59:35,S01,20241226
S01/20241226/00017,3,P104774,2,81.81,SALE,2024-12-26T17:59:35,S01,20241226
S01/20241226/00017,4,P100991,2,173.46,SALE,2024-12-26T17:59:35,S01,20241226
S01/20241226/00017,5,P103096,3,315.47,SALE,2024-12-26T17:59:35,S01,20241226
S01/20241226/00017,6,P104789,4,67.52,SALE,2024-12-26T17:59:35,S01,20241226
S01/20241226/00017,7,P107526,2,54.94,SALE,2024-12-26T17:59:35,S01,20241226
S01/20241226/00017,8,P104446,3,66.45,SALE,2024-12-26T17:59:35,S01,20241226
S01/20241226/00017,9,TAX,1,319.12,TAX,2024-12-26T17:59:35,S01,20241226
S01/20241226/00017,10,TENDER,1,3019.32,TENDER,2024-12-26T17:59:35,S01,20241226
S01/20241226/00018,1,P107409,2,486.68,SALE,2024-12-26T17:56:25,S01,20241226
S01/20241226/00018,2,P102184,2,101.58,SALE,2024-12-26T17:56:25,S01,20241226
S01/20241226/00018,3,TAX,1,85.24,TAX,2024-12-26T17:56:25,S01,20241226
S01/20241226/00018,4,TENDER,1,1261.76,TENDER,2024-12-26T17:56:25,S01,20241226
S01/20241226/00019,1,P104270,2,1153.64,SALE,2024-12-26T15:15:37,S01,20241226
S01/20241226/00019,2,P106464,2,277.18,SALE,2024-12-26T15:15:37,S01,20241226
S01/20241226/00019,3,P103680,1,210.26,SALE,2024-12-26T15:15:37,S01,20241226
S01/20241226/00019,4,P102045,2,21.89,SALE,2024-12-26T15:15:37,S01,20241226
S01/20241226/00019,5,P105468,5,1100.43,SALE,2024-12-26T15:15:37,S01,20241226
S01/20241226/00019,6,DISC,1,-662.57,DISCOUNT,2024-12-26T15:15:37,S01,20241226
S01/20241226/00019,7,TAX,1,429.13,TAX,2024-12-26T15:15:37,S01,20241226
S01/20241226/00019,8,TENDER,1,8384.39,TENDER,2024-12-26T15:15:37,S01,20241226
S01/20241226/00020,1,P101923,2,527.50,SALE,2024-12-26T17:13:41,S01,20241226
S01/20241226/00020,2,P102972,2,227.38,SALE,2024-12-26T17:13:41,S01,20241226
S01/20241226/00020,3,P101117,1,208.14,SALE,2024-12-26T17:13:41,S01,20241226
S01/20241226/00020,4,P106424,2,535.14,SALE,2024-12-26T17:13:41,S01,20241226
S01/20241226/00020,5,P108326,2,501.17,SALE,2024-12-26T17:13:41,S01,20241226
S01/20241226/00020,6,P107158,2,147.89,SALE,2024-12-26T17:13:41,S01,20241226
S01/20241226/00020,7,TAX,1,471.51,TAX,2024-12-26T17:13:41,S01,20241226
S01/20241226/00020,8,TENDER,1,4557.81,TENDER,2024-12-26T17:13:41,S01,20241226
S01/20241226/00021,1,P106234,4,79.42,SALE,2024-12-26T14:11:48,S01,20241226
S01/20241226/00021,2,P104270,1,1153.64,SALE,2024-12-26T14:11:48,S01,20241226
S01/20241226/00021,3,P105365,4,420.06,SALE,2024-12-26T14:11:48,S01,20241226
S01/20241226/00021,4,P102744,4,98.75,SALE,2024-12-26T14:11:48,S01,20241226
S01/20241226/00021,5,P101827,1,155.74,SALE,2024-12-26T14:11:48,S01,20241226
S01/20241226/00021,6,TAX,1,324.97,TAX,2024-12-26T14:11:48,S01,20241226
S01/20241226/00021,7,TENDER,1,4027.27,TENDER,2024-12-26T14:11:48,S01,20241226
S01/20241226/00022,1,P104541,1,149.08,SALE,2024-12-26T15:51:23,S01,20241226
S01/20241226/00022,2,P103732,2,94.74,SALE,2024-12-26T15:51:23,S01,20241226
S01/20241226/00022,3,P103487,2,361.14,SALE,2024-12-26T15:51:23,S01,20241226
S01/20241226/00022,4,P100810,2,200.65,SALE,2024-12-26T15:51:23,S01,20241226
S01/20241226/00022,5,P104512,3,94.53,SALE,2024-12-26T15:51:23,S01,20241226
S01/20241226/00022,6,TAX,1,137.85,TAX,2024-12-26T15:51:23,S01,20241226
S01/20241226/00022,7,TENDER,1,1883.58,TENDER,2024-12-26T15:51:23,S01,20241226
S01/20241226/00023,1,P107890,4,133.07,SALE,2024-12-26T14:01:16,S01,20241226
S01/20241226/00023,2,P100469,3,49.98,SALE,2024-12-26T14:01:16,S01,20241226
S01/20241226/00023,3,P101404,4,228.51,SALE,2024-12-26T14:01:16,S01,20241226
S01/20241226/00023,4,TAX,1,79.81,TAX,2024-12-26T14:01:16,S01,20241226
S01/20241226/00023,5,TENDER,1,1676.07,TENDER,2024-12-26T14:01:16,S01,20241226
S01/20241226/00024,1,P101279,4,242.90,SALE,2024-12-26T15:28:33,S01,20241226
S01/20241226/00024,2,P107549,1,47.87,SALE,2024-12-26T15:28:33,S01,20241226
S01/20241226/00024,3,P103155,2,270.20,SALE,2024-12-26T15:28:33,S01,20241226
S01/20241226/00024,4,P102744,3,98.75,SALE,2024-12-26T15:28:33,S01,20241226
S01/20241226/00024,5,P107026,1,69.10,SALE,2024-12-26T15:28:33,S01,20241226
S01/20241226/00024,6,P100298,2,53.95,SALE,2024-12-26T15:28:33,S01,20241226
S01/20241226/00024,7,P107266,3,71.89,SALE,2024-12-26T15:28:33,S01,20241226
S01/20241226/00024,8,TAX,1,149.32,TAX,2024-12-26T15:28:33,S01,20241226
S01/20241226/00024,9,TENDER,1,2398.11,TENDER,2024-12-26T15:28:33,S01,20241226
S01/20241226/00025,1,P105180,1,102.63,SALE,2024-12-26T07:40:42,S01,20241226
S01/20241226/00025,2,P102963,1,415.64,SALE,2024-12-26T07:40:42,S01,20241226
S01/20241226/00025,3,P103144,1,145.27,SALE,2024-12-26T07:40:42,S01,20241226
S01/20241226/00025,4,P107564,2,325.35,SALE,2024-12-26T07:40:42,S01,20241226
S01/20241226/00025,5,P107346,3,449.29,SALE,2024-12-26T07:40:42,S01,20241226
S01/20241226/00025,6,TAX,1,246.03,TAX,2024-12-26T07:40:42,S01,20241226
S01/20241226/00025,7,TENDER,1,2908.14,TENDER,2024-12-26T07:40:42,S01,20241226
S01/20241226/00026,1,P103661,2,125.81,SALE,2024-12-26T20:50:44,S01,20241226
S01/20241226/00026,2,P101117,4,208.14,SALE,2024-12-26T20:50:44,S01,20241226
S01/20241226/00026,3,P100577,1,285.10,SALE,2024-12-26T20:50:44,S01,20241226
S01/20241226/00026,4,P102788,1,920.26,SALE,2024-12-26T20:50:44,S01,20241226
S01/20241226/00026,5,P106611,5,341.44,SALE,2024-12-26T20:50:44,S01,20241226
S01/20241226/00026,6,TAX,1,347.49,TAX,2024-12-26T20:50:44,S01,20241226
S01/20241226/00026,7,TENDER,1,4344.23,TENDER,2024-12-26T20:50:44,S01,20241226
S01/20241226/00027,1,P100761,2,51.26,SALE,2024-12-26T18:10:03,S01,20241226
S01/20241226/00027,2,P105394,3,327.72,SALE,2024-12-26T18:10:03,S01,20241226
S01/20241226/00027,3,P104454,1,49.63,SALE,2024-12-26T18:10:03,S01,20241226
S01/20241226/00027,4,P101592,2,295.58,SALE,2024-12-26T18:10:03,S01,20241226
S01/20241226/00027,5,P106106,1,219.14,SALE,2024-12-26T18:10:03,S01,20241226
S01/20241226/00027,6,P106254,2,1282.79,SALE,2024-12-26T18:10:03,S01,20241226
S01/20241226/00027,7,P101940,2,201.44,SALE,2024-12-26T18:10:03,S01,20241226
S01/20241226/00027,8,P105260,1,72.61,SALE,2024-12-26T18:10:03,S01,20241226
S01/20241226/00027,9,P100499,2,258.12,SALE,2024-12-26T18:10:03,S01,20241226
S01/20241226/00027,10,P106027,3,1548.23,SALE,2024-12-26T18:10:03,S01,20241226
S01/20241226/00027,11,TAX,1,449.44,TAX,2024-12-26T18:10:03,S01,20241226
S01/20241226/00027,12,TENDER,1,10597.05,TENDER,2024-12-26T18:10:03,S01,20241226
S01/20241226/00028,1,P106512,1,467.07,SALE,2024-12-26T14:42:09,S01,20241226
S01/20241226/00028,2,P103584,1,402.02,SALE,2024-12-26T14:42:09,S01,20241226
S01/20241226/00028,3,P102202,3,194.70,SALE,2024-12-26T14:42:09,S01,20241226
S01/20241226/00028,4,P102230,3,335.28,SALE,2024-12-26T14:42:09,S01,20241226
S01/20241226/00028,5,TAX,1,442.63,TAX,2024-12-26T14:42:09,S01,20241226
S01/20241226/00028,6,TENDER,1,2901.66,TENDER,2024-12-26T14:42:09,S01,20241226
S01/20241226/00029,1,P104789,2,67.52,SALE,2024-12-26T16:41:19,S01,20241226
S01/20241226/00029,2,P106200,3,119.89,SALE,2024-12-26T16:41:19,S01,20241226
S01/20241226/00029,3,P105453,1,465.18,SALE,2024-12-26T16:41:19,S01,20241226
S01/20241226/00029,4,TAX,1,126.89,TAX,2024-12-26T16:41:19,S01,20241226
S01/20241226/00029,5,TENDER,1,1086.78,TENDER,2024-12-26T16:41:19,S01,20241226
S01/20241226/00030,1,P104651,3,540.51,SALE,2024-12-26T13:17:37,S01,20241226
S01/20241226/00030,2,P103340,2,537.50,SALE,2024-12-26T13:17:37,S01,20241226
S01/20241226/00030,3,P107264,1,190.99,SALE,2024-12-26T13:17:37,S01,20241226
S01/20241226/00030,4,TAX,1,422.46,TAX,2024-12-26T13:17:37,S01,20241226
S01/20241226/00030,5,TENDER,1,3309.98,TENDER,2024-12-26T13:17:37,S01,20241226
S01/20241226/00031,1,P101585,3,10.45,SALE,2024-12-26T20:06:02,S01,20241226
S01/20241226/00031,2,TAX,1,5.64,TAX,2024-12-26T20:06:02,S01,20241226
S01/20241226/00031,3,TENDER,1,36.99,TENDER,2024-12-26T20:06:02,S01,20241226
S01/20241226/00032,1,P106151,2,328.26,SALE,2024-12-26T11:12:01,S01,20241226
S01/20241226/00032,2,P104181,2,298.55,SALE,2024-12-26T11:12:01,S01,20241226
S01/20241226/00032,3,P102286,3,281.91,SALE,2024-12-26T11:12:01,S01,20241226
S01/20241226/00032,4,P102184,1,101.58,SALE,2024-12-26T11:12:01,S01,20241226
S01/20241226/00032,5,P100649,2,618.96,SALE,2024-12-26T11:12:01,S01,20241226
S01/20241226/00032,6,P102424,4,333.88,SALE,2024-12-26T11:12:01,S01,20241226
S01/20241226/00032,7,P100421,1,121.56,SALE,2024-12-26T11:12:01,S01,20241226
S01/20241226/00032,8,TAX,1,449.62,TAX,2024-12-26T11:12:01,S01,20241226
S01/20241226/00032,9,TENDER,1,5345.55,TENDER,2024-12-26T11:12:01,S01,20241226
S01/20241226/00033,1,P102821,1,1314.43,SALE,2024-12-26T09:42:49,S01,20241226
S01/20241226/00033,2,P106158,3,507.58,SALE,2024-12-26T09:42:49,S01,20241226
S01/20241226/00033,3,P105878,1,282.51,SALE,2024-12-26T09:42:49,S01,20241226
S01/20241226/00033,4,P101440,2,253.26,SALE,2024-12-26T09:42:49,S01,20241226
S01/20241226/00033,5,DISC,1,-104.51,DISCOUNT,2024-12-26T09:42:49,S01,20241226
S01/20241226/00033,6,TAX,1,87.66,TAX,2024-12-26T09:42:49,S01,20241226
S01/20241226/00033,7,TENDER,1,3609.35,TENDER,2024-12-26T09:42:49,S01,20241226
S01/20241226/00034,1,P105636,3,558.71,SALE,2024-12-26T18:47:23,S01,20241226
S01/20241226/00034,2,P106080,3,361.06,SALE,2024-12-26T18:47:23,S01,20241226
S01/20241226/00034,3,P107028,2,56.60,SALE,2024-12-26T18:47:23,S01,20241226
S01/20241226/00034,4,TAX,1,150.36,TAX,2024-12-26T18:47:23,S01,20241226
S01/20241226/00034,5,TENDER,1,3022.87,TENDER,2024-12-26T18:47:23,S01,20241226
S01/20241226/00035,1,P108067,2,640.50,SALE,2024-12-26T15:56:18,S01,20241226
S01/20241226/00035,2,P107933,1,1146.02,SALE,2024-12-26T15:56:18,S01,20241226
S01/20241226/00035,3,P101603,1,965.71,SALE,2024-12-26T15:56:18,S01,20241226
S01/20241226/00035,4,P107414,3,565.57,SALE,2024-12-26T15:56:18,S01,20241226
S01/20241226/00035,5,P106367,1,650.25,SALE,2024-12-26T15:56:18,S01,20241226
S01/20241226/00035,6,TAX,1,370.76,TAX,2024-12-26T15:56:18,S01,20241226
S01/20241226/00035,7,TENDER,1,6110.45,TENDER,2024-12-26T15:56:18,S01,20241226
S01/20241226/00036,1,P102933,1,610.87,SALE,2024-12-26T23:00:24,S01,20241226
S01/20241226/00036,2,P102880,1,575.53,SALE,2024-12-26T23:00:24,S01,20241226
S01/20241226/00036,3,P101904,1,607.91,SALE,2024-12-26T23:00:24,S01,20241226
S01/20241226/00036,4,P106115,2,128.36,SALE,2024-12-26T23:00:24,S01,20241226
S01/20241226/00036,5,P104446,3,66.45,SALE,2024-12-26T23:00:24,S01,20241226
S01/20241226/00036,6,DISC,1,-207.46,DISCOUNT,2024-12-26T23:00:24,S01,20241226
S01/20241226/00036,7,TAX,1,266.53,TAX,2024-12-26T23:00:24,S01,20241226
S01/20241226/00036,8,TENDER,1,2309.45,TENDER,2024-12-26T23:00:24,S01,20241226
S01/20241226/00037,1,P101076,4,606.89,SALE,2024-12-26T14:04:29,S01,20241226
S01/20241226/00037,2,P105227,3,292.54,SALE,2024-12-26T14:04:29,S01,20241226
S01/20241226/00037,3,P107346,2,449.29,SALE,2024-12-26T14:04:29,S01,20241226
S01/20241226/00037,4,P104916,3,340.18,SALE,2024-12-26T14:04:29,S01,20241226
S01/20241226/00037,5,P101174,2,57.43,SALE,2024-12-26T14:04:29,S01,20241226
S01/20241226/00037,6,TAX,1,461.06,TAX,2024-12-26T14:04:29,S01,20241226
S01/20241226/00037,7,TENDER,1,5800.22,TENDER,2024-12-26T14:04:29,S01,20241226
S01/20241226/00038,1,P104572,2,182.16,SALE,2024-12-26T20:46:39,S01,20241226
S01/20241226/00038,2,P100582,3,170.67,SALE,2024-12-26T20:46:39,S01,20241226
S01/20241226/00038,3,P100494,1,67.32,SALE,2024-12-26T20:46:39,S01,20241226
S01/20241226/00038,4,P101164,1,401.86,SALE,2024-12-26T20:46:39,S01,20241226
S01/20241226/00038,5,P105075,1,49.58,SALE,2024-12-26T20:46:39,S01,20241226
S01/20241226/00038,6,P100281,2,485.13,SALE,2024-12-26T20:46:39,S01,20241226
S01/20241226/00038,7,P101242,2,92.35,SALE,2024-12-26T20:46:39,S01,20241226
S01/20241226/00038,8,P104242,3,308.27,SALE,2024-12-26T20:46:39,S01,20241226
S01/20241226/00038,9,TAX,1,396.49,TAX,2024-12-26T20:46:39,S01,20241226
S01/20241226/00038,10,TENDER,1,3871.35,TENDER,2024-12-26T20:46:39,S01,20241226
S01/20241226/00039,1,P101321,4,24.76,SALE,2024-12-27T00:50:22,S01,20241226
S01/20241226/00039,2,P103029,1,11.28,SALE,2024-12-27T00:50:22,S01,20241226
S01/20241226/00039,3,P102114,4,134.74,SALE,2024-12-27T00:50:22,S01,20241226
S01/20241226/00039,4,P100305,1,771.81,SALE,2024-12-27T00:50:22,S01,20241226
S01/20241226/00039,5,P103012,1,240.75,SALE,2024-12-27T00:50:22,S01,20241226
S01/20241226/00039,6,TAX,1,75.70,TAX,2024-12-27T00:50:22,S01,20241226
S01/20241226/00039,7,TENDER,1,1737.54,TENDER,2024-12-27T00:50:22,S01,20241226
S01/20241226/00040,1,P108162,2,257.55,SALE,2024-12-26T17:48:12,S01,20241226
S01/20241226/00040,2,P106027,2,1548.23,SALE,2024-12-26T17:48:12,S01,20241226
S01/20241226/00040,3,P100609,1,75.79,SALE,2024-12-26T17:48:12,S01,20241226
S01/20241226/00040,4,P104187,2,86.95,SALE,2024-12-26T17:48:12,S01,20241226
S01/20241226/00040,5,P101037,3,613.83,SALE,2024-12-26T17:48:12,S01,20241226
S01/20241226/00040,6,P104485,3,643.04,SALE,2024-12-26T17:48:12,S01,20241226
S01/20241226/00040,7,TAX,1,606.51,TAX,2024-12-26T17:48:12,S01,20241226
S01/20241226/00040,8,TENDER,1,8238.37,TENDER,2024-12-26T17:48:12,S01,20241226
S01/20241226/00041,1,P106027,3,1548.23,SALE,2024-12-26T14:01:45,S01,20241226
S01/20241226/00041,2,P102833,1,680.71,SALE,2024-12-26T14:01:45,S01,20241226
S01/20241226/00041,3,TAX,1,34.04,TAX,2024-12-26T14:01:45,S01,20241226
S01/20241226/00041,4,TENDER,1,5359.44,TENDER,2024-12-26T14:01:45,S01,20241226
S01/20241226/00042,1,P101810,1,793.98,SALE,2024-12-26T11:36:41,S01,20241226
S01/20241226/00042,2,P101142,1,102.04,SALE,2024-12-26T11:36:41,S01,20241226
S01/20241226/00042,3,P101500,4,330.53,SALE,2024-12-26T11:36:41,S01,20241226
S01/20241226/00042,4,P102207,1,342.36,SALE,2024-12-26T11:36:41,S01,20241226
S01/20241226/00042,5,DISC,1,-267.90,DISCOUNT,2024-12-26T11:36:41,S01,20241226
S01/20241226/00042,6,TAX,1,133.06,TAX,2024-12-26T11:36:41,S01,20241226
S01/20241226/00042,7,TENDER,1,2425.66,TENDER,2024-12-26T11:36:41,S01,20241226
S01/20241226/00043,1,P106426,2,154.27,SALE,2024-12-26T20:02:54,S01,20241226
S01/20241226/00043,2,P102975,3,234.92,SALE,2024-12-26T20:02:54,S01,20241226
S01/20241226/00043,3,P106735,4,320.99,SALE,2024-12-26T20:02:54,S01,20241226
S01/20241226/00043,4,P102549,1,139.23,SALE,2024-12-26T20:02:54,S01,20241226
S01/20241226/00043,5,P100921,3,441.43,SALE,2024-12-26T20:02:54,S01,20241226
S01/20241226/00043,6,P100627,1,440.29,SALE,2024-12-26T20:02:54,S01,20241226
S01/20241226/00043,7,TAX,1,673.89,TAX,2024-12-26T20:02:54,S01,20241226
S01/20241226/00043,8,TENDER,1,4874.96,TENDER,2024-12-26T20:02:54,S01,20241226
S01/20241226/00044,1,P106751,2,134.60,SALE,2024-12-26T21:02:39,S01,20241226
S01/20241226/00044,2,P103337,2,94.03,SALE,2024-12-26T21:02:39,S01,20241226
S01/20241226/00044,3,P100816,1,806.93,SALE,2024-12-26T21:02:39,S01,20241226
S01/20241226/00044,4,P104417,1,332.65,SALE,2024-12-26T21:02:39,S01,20241226
S01/20241226/00044,5,P103904,2,1081.09,SALE,2024-12-26T21:02:39,S01,20241226
S01/20241226/00044,6,DISC,1,-373.56,DISCOUNT,2024-12-26T21:02:39,S01,20241226
S01/20241226/00044,7,TAX,1,241.12,TAX,2024-12-26T21:02:39,S01,20241226
S01/20241226/00044,8,TENDER,1,3626.58,TENDER,2024-12-26T21:02:39,S01,20241226
S01/20241226/00045,1,P107508,1,1577.69,SALE,2024-12-26T10:01:21,S01,20241226
S01/20241226/00045,2,P105021,4,1246.70,SALE,2024-12-26T10:01:21,S01,20241226
S01/20241226/00045,3,P105594,4,321.63,SALE,2024-12-26T10:01:21,S01,20241226
S01/20241226/00045,4,TAX,1,942.12,TAX,2024-12-26T10:01:21,S01,20241226
S01/20241226/00045,5,TENDER,1,8793.13,TENDER,2024-12-26T10:01:21,S01,20241226
S01/20241226/00046,1,P105547,2,431.77,SALE,2024-12-26T17:24:27,S01,20241226
S01/20241226/00046,2,P106080,2,361.06,SALE,2024-12-26T17:24:27,S01,20241226
S01/20241226/00046,3,P101515,1,60.18,SALE,2024-12-26T17:24:27,S01,20241226
S01/20241226/00046,4,P103171,2,68.42,SALE,2024-12-26T17:24:27,S01,20241226
S01/20241226/00046,5,P105805,1,110.21,SALE,2024-12-26T17:24:27,S01,20241226
S01/20241226/00046,6,P105980,3,288.70,SALE,2024-12-26T17:24:27,S01,20241226
S01/20241226/00046,7,P106174,1,229.89,SALE,2024-12-26T17:24:27,S01,20241226
S01/20241226/00046,8,TAX,1,301.05,TAX,2024-12-26T17:24:27,S01,20241226
S01/20241226/00046,9,TENDER,1,3289.93,TENDER,2024-12-26T17:24:27,S01,20241226
S01/20241226/00047,1,P103785,2,606.71,SALE,2024-12-26T16:22:13,S01,20241226
S01/20241226/00047,2,P106297,1,169.05,SALE,2024-12-26T16:22:13,S01,20241226
S01/20241226/00047,3,P103606,1,185.94,SALE,2024-12-26T16:22:13,S01,20241226
S01/20241226/00047,4,TAX,1,185.34,TAX,2024-12-26T16:22:13,S01,20241226
S01/20241226/00047,5,TENDER,1,1753.75,TENDER,2024-12-26T16:22:13,S01,20241226
S01/20241226/00048,1,P105868,3,68.91,SALE,2024-12-26T17:59:25,S01,20241226
S01/20241226/00048,2,P102375,3,509.34,SALE,2024-12-26T17:59:25,S01,20241226
S01/20241226/00048,3,P105219,2,763.15,SALE,2024-12-26T17:59:25,S01,20241226
S01/20241226/00048,4,P105490,2,154.49,SALE,2024-12-26T17:59:25,S01,20241226
S01/20241226/00048,5,P105797,1,254.07,SALE,2024-12-26T17:59:25,S01,20241226
S01/20241226/00048,6,P100761,3,51.26,SALE,2024-12-26T17:59:25,S01,20241226
S01/20241226/00048,7,P106872,1,73.12,SALE,2024-12-26T17:59:25,S01,20241226
S01/20241226/00048,8,TAX,1,682.31,TAX,2024-12-26T17:59:25,S01,20241226
S01/20241226/00048,9,TENDER,1,4733.31,TENDER,2024-12-26T17:59:25,S01,20241226
S01/20241226/00049,1,P101037,1,613.83,SALE,2024-12-26T17:31:00,S01,20241226
S01/20241226/00049,2,P106115,2,128.36,SALE,2024-12-26T17:31:00,S01,20241226
S01/20241226/00049,3,P100380,1,136.58,SALE,2024-12-26T17:31:00,S01,20241226
S01/20241226/00049,4,TAX,1,173.09,TAX,2024-12-26T17:31:00,S01,20241226
S01/20241226/00049,5,TENDER,1,1180.22,TENDER,2024-12-26T17:31:00,S01,20241226
S01/20241226/00050,1,P103637,2,338.13,SALE,2024-12-26T20:35:45,S01,20241226
S01/20241226/00050,2,P103337,1,94.03,SALE,2024-12-26T20:35:45,S01,20241226
S01/20241226/00050,3,P104715,2,162.67,SALE,2024-12-26T20:35:45,S01,20241226
S01/20241226/00050,4,P105868,3,68.91,SALE,2024-12-26T20:35:45,S01,20241226
S01/20241226/00050,5,P105345,1,335.85,SALE,2024-12-26T20:35:45,S01,20241226
S01/20241226/00050,6,P107920,3,109.22,SALE,2024-12-26T20:35:45,S01,20241226
S01/20241226/00050,7,P102112,3,389.72,SALE,2024-12-26T20:35:45,S01,20241226
S01/20241226/00050,8,P101034,2,94.74,SALE,2024-12-26T20:35:45,S01,20241226
S01/20241226/00050,9,P103382,1,196.46,SALE,2024-12-26T20:35:45,S01,20241226
S01/20241226/00050,10,P105164,2,242.35,SALE,2024-12-26T20:35:45,S01,20241226
S01/20241226/00050,11,P107432,1,45.60,SALE,2024-12-26T20:35:45,S01,20241226
S01/20241226/00050,12,P100819,3,1109.59,SALE,2024-12-26T20:35:45,S01,20241226
S01/20241226/00050,13,TAX,1,446.24,TAX,2024-12-26T20:35:45,S01,20241226
S01/20241226/00050,14,TENDER,1,7826.28,TENDER,2024-12-26T20:35:45,S01,20241226
S01/20241227/00001,1,P102280,4,644.81,SALE,2024-12-27T21:41:13,S01,20241227
S01/20241227/00001,2,P104389,1,169.98,SALE,2024-12-27T21:41:13,S01,20241227
S01/20241227/00001,3,P106624,1,98.44,SALE,2024-12-27T21:41:13,S01,20241227
S01/20241227/00001,4,P101332,3,400.98,SALE,2024-12-27T21:41:13,S01,20241227
S01/20241227/00001,5,TAX,1,711.39,TAX,2024-12-27T21:41:13,S01,20241227
S01/20241227/00001,6,TENDER,1,4761.99,TENDER,2024-12-27T21:41:13,S01,20241227
S01/20241227/00002,1,P106300,3,425.27,SALE,2024-12-27T15:15:38,S01,20241227
S01/20241227/00002,2,P108239,1,256.06,SALE,2024-12-27T15:15:38,S01,20241227
S01/20241227/00002,3,P105890,3,1196.88,SALE,2024-12-27T15:15:38,S01,20241227
S01/20241227/00002,4,P104226,2,303.01,SALE,2024-12-27T15:15:38,S01,20241227
S01/20241227/00002,5,P101638,2,402.54,SALE,2024-12-27T15:15:38,S01,20241227
S01/20241227/00002,6,P106679,3,181.66,SALE,2024-12-27T15:15:38,S01,20241227
S01/20241227/00002,7,P106336,3,452.43,SALE,2024-12-27T15:15:38,S01,20241227
S01/20241227/00002,8,TAX,1,719.64,TAX,2024-12-27T15:15:38,S01,20241227
S01/20241227/00002,9,TENDER,1,9155.52,TENDER,2024-12-27T15:15:38,S01,20241227
S01/20241227/00003,1,P105838,2,594.50,SALE,2024-12-27T12:23:53,S01,20241227
S01/20241227/00003,2,P105106,1,104.56,SALE,2024-12-27T12:23:53,S01,20241227
S01/20241227/00003,3,P100754,2,91.60,SALE,2024-12-27T12:23:53,S01,20241227
S01/20241227/00003,4,P101578,1,44.18,SALE,2024-12-27T12:23:53,S01,20241227
S01/20241227/00003,5,P107292,1,372.98,SALE,2024-12-27T12:23:53,S01,20241227
S01/20241227/00003,6,TAX,1,74.95,TAX,2024-12-27T12:23:53,S01,20241227
S01/20241227/00003,7,TENDER,1,1968.87,TENDER,2024-12-27T12:23:53,S01,20241227
S01/20241227/00004,1,P102982,6,255.95,SALE,2024-12-27T18:11:04,S01,20241227
S01/20241227/00004,2,P107231,2,1193.22,SALE,2024-12-27T18:11:04,S01,20241227
S01/20241227/00004,3,P100754,2,91.60,SALE,2024-12-27T18:11:04,S01,20241227
S01/20241227/00004,4,P100019,1,74.65,SALE,2024-12-27T18:11:04,S01,20241227
S01/20241227/00004,5,P106848,1,17.39,SALE,2024-12-27T18:11:04,S01,20241227
S01/20241227/00004,6,TAX,1,299.02,TAX,2024-12-27T18:11:04,S01,20241227
S01/20241227/00004,7,TENDER,1,4496.40,TENDER,2024-12-27T18:11:04,S01,20241227
S01/20241227/00005,1,P106679,3,181.66,SALE,2024-12-27T16:25:33,S01,20241227
S01/20241227/00005,2,P102880,1,575.53,SALE,2024-12-27T16:25:33,S01,20241227
S01/20241227/00005,3,P107063,1,387.93,SALE,2024-12-27T16:25:33,S01,20241227
S01/20241227/00005,4,TAX,1,75.33,TAX,2024-12-27T16:25:33,S01,20241227
S01/20241227/00005,5,TENDER,1,1583.77,TENDER,2024-12-27T16:25:33,S01,20241227
S01/20241227/00006,1,P107089,4,208.86,SALE,2024-12-27T20:20:35,S01,20241227
S01/20241227/00006,2,P100682,2,337.76,SALE,2024-12-27T20:20:35,S01,20241227
S01/20241227/00006,3,P103090,1,841.97,SALE,2024-12-27T20:20:35,S01,20241227
S01/20241227/00006,4,P106942,1,206.70,SALE,2024-12-27T20:20:35,S01,20241227
S01/20241227/00006,5,P101500,3,330.53,SALE,2024-12-27T20:20:35,S01,20241227
S01/20241227/00006,6,TAX,1,175.27,TAX,2024-12-27T20:20:35,S01,20241227
S01/20241227/00006,7,TENDER,1,3726.49,TENDER,2024-12-27T20:20:35,S01,20241227
S01/20241227/00007,1,P102452,1,167.71,SALE,2024-12-27T14:23:27,S01,20241227
S01/20241227/00007,2,P105294,3,143.55,SALE,2024-12-27T14:23:27,S01,20241227
S01/20241227/00007,3,P102738,2,236.55,SALE,2024-12-27T14:23:27,S01,20241227
S01/20241227/00007,4,TAX,1,142.67,TAX,2024-12-27T14:23:27,S01,20241227
S01/20241227/00007,5,TENDER,1,1214.13,TENDER,2024-12-27T14:23:27,S01,20241227
S01/20241227/00008,1,P105805,2,110.21,SALE,2024-12-27T15:45:15,S01,20241227
S01/20241227/00008,2,P100281,3,485.13,SALE,2024-12-27T15:45:15,S01,20241227
S01/20241227/00008,3,P101156,2,95.07,SALE,2024-12-27T15:45:15,S01,20241227
S01/20241227/00008,4,TAX,1,82.28,TAX,2024-12-27T15:45:15,S01,20241227
S01/20241227/00008,5,TENDER,1,1948.23,TENDER,2024-12-27T15:45:15,S01,20241227
S01/20241227/00009,1,P102695,1,1277.24,SALE,2024-12-27T21:46:03,S01,20241227
S01/20241227/00009,2,P107028,1,56.60,SALE,2024-12-27T21:46:03,S01,20241227
S01/20241227/00009,3,P108374,3,1417.29,SALE,2024-12-27T21:46:03,S01,20241227
S01/20241227/00009,4,TAX,1,163.46,TAX,2024-12-27T21:46:03,S01,20241227
S01/20241227/00009,5,TENDER,1,5749.17,TENDER,2024-12-27T21:46:03,S01,20241227
S01/20241227/00010,1,P105729,2,75.27,SALE,2024-12-27T20:16:59,S01,20241227
S01/20241227/00010,2,P100453,4,207.31,SALE,2024-12-27T20:16:59,S01,20241227
S01/20241227/00010,3,P101660,2,193.14,SALE,2024-12-27T20:16:59,S01,20241227
S01/20241227/00010,4,P108076,1,151.55,SALE,2024-12-27T20:16:59,S01,20241227
S01/20241227/00010,5,P106399,2,198.14,SALE,2024-12-27T20:16:59,S01,20241227
S01/20241227/00010,6,P104867,3,190.50,SALE,2024-12-27T20:16:59,S01,20241227
S01/20241227/00010,7,TAX,1,221.59,TAX,2024-12-27T20:16:59,S01,20241227
S01/20241227/00010,8,TENDER,1,2706.98,TENDER,2024-12-27T20:16:59,S01,20241227
S01/20241227/00011,1,P104410,3,541.11,SALE,2024-12-27T18:34:47,S01,20241227
S01/20241227/00011,2,P102207,2,342.36,SALE,2024-12-27T18:34:47,S01,20241227
S01/20241227/00011,3,TAX,1,374.37,TAX,2024-12-27T18:34:47,S01,20241227
S01/20241227/00011,4,TENDER,1,2682.42,TENDER,2024-12-27T18:34:47,S01,20241227
S01/20241227/00012,1,P102598,2,133.17,SALE,2024-12-27T17:45:04,S01,20241227
S01/20241227/00012,2,P106703,1,76.83,SALE,2024-12-27T17:45:04,S01,20241227
S01/20241227/00012,3,P103273,3,356.86,SALE,2024-12-27T17:45:04,S01,20241227
S01/20241227/00012,4,P107646,1,225.19,SALE,2024-12-27T17:45:04,S01,20241227
S01/20241227/00012,5,P106872,2,73.12,SALE,2024-12-27T17:45:04,S01,20241227
S01/20241227/00012,6,TAX,1,169.89,TAX,2024-12-27T17:45:04,S01,20241227
S01/20241227/00012,7,TENDER,1,1955.07,TENDER,2024-12-27T17:45:04,S01,20241227
S01/20241227/00013,1,P107925,2,992.11,SALE,2024-12-27T13:26:28,S01,20241227
S01/20241227/00013,2,P101592,3,295.58,SALE,2024-12-27T13:26:28,S01,20241227
S01/20241227/00013,3,P100194,2,43.05,SALE,2024-12-27T13:26:28,S01,20241227
S01/20241227/00013,4,P101345,2,80.74,SALE,2024-12-27T13:26:28,S01,20241227
S01/20241227/00013,5,TAX,1,282.40,TAX,2024-12-27T13:26:28,S01,20241227
S01/20241227/00013,6,TENDER,1,3400.94,TENDER,2024-12-27T13:26:28,S01,20241227
S01/20241227/00014,1,P104789,2,67.52,SALE,2024-12-27T17:33:27,S01,20241227
S01/20241227/00014,2,P102648,2,389.80,SALE,2024-12-27T17:33:27,S01,20241227
S01/20241227/00014,3,P100509,4,143.57,SALE,2024-12-27T17:33:27,S01,20241227
S01/20241227/00014,4,TAX,1,169.04,TAX,2024-12-27T17:33:27,S01,20241227
S01/20241227/00014,5,TENDER,1,1657.96,TENDER,2024-12-27T17:33:27,S01,20241227
S01/20241227/00015,1,P102972,3,227.38,SALE,2024-12-27T17:28:01,S01,20241227
S01/20241227/00015,2,P100771,3,820.85,SALE,2024-12-27T17:28:01,S01,20241227
S01/20241227/00015,3,P100483,1,933.37,SALE,2024-12-27T17:28:01,S01,20241227
S01/20241227/00015,4,P105695,2,158.81,SALE,2024-12-27T17:28:01,S01,20241227
S01/20241227/00015,5,P101122,1,69.38,SALE,2024-12-27T17:28:01,S01,20241227
S01/20241227/00015,6,TAX,1,405.73,TAX,2024-12-27T17:28:01,S01,20241227
S01/20241227/00015,7,TENDER,1,4870.79,TENDER,2024-12-27T17:28:01,S01,20241227
S01/20241227/00016,1,P105765,-1,529.25,RETURN,2024-12-27T16:07:03,S01,20241227
S01/20241227/00016,2,P100911,-3,67.40,RETURN,2024-12-27T16:07:03,S01,20241227
S01/20241227/00016,3,P102397,-3,355.28,RETURN,2024-12-27T16:07:03,S01,20241227
S01/20241227/00016,4,P103575,-2,54.47,RETURN,2024-12-27T16:07:03,S01,20241227
S01/20241227/00016,5,P102922,-1,120.15,RETURN,2024-12-27T16:07:03,S01,20241227
S01/20241227/00016,6,P105733,-2,151.69,RETURN,2024-12-27T16:07:03,S01,20241227
S01/20241227/00016,7,TAX,1,-314.96,TAX,2024-12-27T16:07:03,S01,20241227
S01/20241227/00016,8,TENDER,1,-2644.72,TENDER,2024-12-27T16:07:03,S01,20241227
S01/20241227/00017,1,P103449,1,381.08,SALE,2024-12-27T11:10:09,S01,20241227
S01/20241227/00017,2,P103406,3,1248.48,SALE,2024-12-27T11:10:09,S01,20241227
S01/20241227/00017,3,P100736,1,700.87,SALE,2024-12-27T11:10:09,S01,20241227
S01/20241227/00017,4,TAX,1,552.61,TAX,2024-12-27T11:10:09,S01,20241227
S01/20241227/00017,5,TENDER,1,5380.00,TENDER,2024-12-27T11:10:09,S01,20241227
S01/20241227/00018,1,P103214,1,283.38,SALE,2024-12-27T16:14:51,S01,20241227
S01/20241227/00018,2,P100717,1,561.52,SALE,2024-12-27T16:14:51,S01,20241227
S01/20241227/00018,3,P100172,3,205.47,SALE,2024-12-27T16:14:51,S01,20241227
S01/20241227/00018,4,P101681,1,139.09,SALE,2024-12-27T16:14:51,S01,20241227
S01/20241227/00018,5,P103510,4,196.86,SALE,2024-12-27T16:14:51,S01,20241227
S01/20241227/00018,6,P107327,3,1138.42,SALE,2024-12-27T16:14:51,S01,20241227
S01/20241227/00018,7,P102471,1,160.81,SALE,2024-12-27T16:14:51,S01,20241227
S01/20241227/00018,8,P100239,2,360.16,SALE,2024-12-27T16:14:51,S01,20241227
S01/20241227/00018,9,TAX,1,317.51,TAX,2024-12-27T16:14:51,S01,20241227
S01/20241227/00018,10,TENDER,1,7001.74,TENDER,2024-12-27T16:14:51,S01,20241227
S01/20241227/00019,1,P104700,2,1425.82,SALE,2024-12-27T16:34:19,S01,20241227
S01/20241227/00019,2,P101298,6,224.87,SALE,2024-12-27T16:34:19,S01,20241227
S01/20241227/00019,3,P104867,3,190.50,SALE,2024-12-27T16:34:19,S01,20241227
S01/20241227/00019,4,P107925,1,992.11,SALE,2024-12-27T16:34:19,S01,20241227
S01/20241227/00019,5,P107639,2,128.49,SALE,2024-12-27T16:34:19,S01,20241227
S01/20241227/00019,6,TAX,1,270.92,TAX,2024-12-27T16:34:19,S01,20241227
S01/20241227/00019,7,TENDER,1,6292.37,TENDER,2024-12-27T16:34:19,S01,20241227
S01/20241227/00020,1,P105656,2,516.52,SALE,2024-12-27T21:55:06,S01,20241227
S01/20241227/00020,2,P106143,3,61.74,SALE,2024-12-27T21:55:06,S01,20241227
S01/20241227/00020,3,P101101,2,74.25,SALE,2024-12-27T21:55:06,S01,20241227
S01/20241227/00020,4,TAX,1,51.16,TAX,2024-12-27T21:55:06,S01,20241227
S01/20241227/00020,5,TENDER,1,1417.92,TENDER,2024-12-27T21:55:06,S01,20241227
S01/20241227/00021,1,P102091,3,87.97,SALE,2024-12-27T12:50:23,S01,20241227
S01/20241227/00021,2,TAX,1,0.00,TAX,2024-12-27T12:50:23,S01,20241227
S01/20241227/00021,3,TENDER,1,263.91,TENDER,2024-12-27T12:50:23,S01,20241227
S01/20241227/00022,1,P101859,2,66.16,SALE,2024-12-27T19:46:28,S01,20241227
S01/20241227/00022,2,P106426,2,154.27,SALE,2024-12-27T19:46:28,S01,20241227
S01/20241227/00022,3,P100255,3,1250.31,SALE,2024-12-27T19:46:28,S01,20241227
S01/20241227/00022,4,P102184,1,101.58,SALE,2024-12-27T19:46:28,S01,20241227
S01/20241227/00022,5,P107393,1,469.90,SALE,2024-12-27T19:46:28,S01,20241227
S01/20241227/00022,6,TAX,1,333.63,TAX,2024-12-27T19:46:28,S01,20241227
S01/20241227/00022,7,TENDER,1,5096.90,TENDER,2024-12-27T19:46:28,S01,20241227
S01/20241227/00023,1,P103908,3,104.62,SALE,2024-12-27T23:25:39,S01,20241227
S01/20241227/00023,2,P102452,2,176.54,SALE,2024-12-27T23:25:39,S01,20241227
S01/20241227/00023,3,P102569,2,116.37,SALE,2024-12-27T23:25:39,S01,20241227
S01/20241227/00023,4,P101201,2,48.42,SALE,2024-12-27T23:25:39,S01,20241227
S01/20241227/00023,5,P103372,2,49.00,SALE,2024-12-27T23:25:39,S01,20241227
S01/20241227/00023,6,P107884,2,29.77,SALE,2024-12-27T23:25:39,S01,20241227
S01/20241227/00023,7,P106084,2,592.14,SALE,2024-12-27T23:25:39,S01,20241227
S01/20241227/00023,8,P104032,3,603.87,SALE,2024-12-27T23:25:39,S01,20241227
S01/20241227/00023,9,TAX,1,501.75,TAX,2024-12-27T23:25:39,S01,20241227
S01/20241227/00023,10,TENDER,1,4651.70,TENDER,2024-12-27T23:25:39,S01,20241227
S01/20241227/00024,1,P106336,1,452.43,SALE,2024-12-27T16:19:20,S01,20241227
S01/20241227/00024,2,P107362,3,75.90,SALE,2024-12-27T16:19:20,S01,20241227
S01/20241227/00024,3,P101911,2,1431.80,SALE,2024-12-27T16:19:20,S01,20241227
S01/20241227/00024,4,P100287,3,240.45,SALE,2024-12-27T16:19:20,S01,20241227
S01/20241227/00024,5,P101052,3,212.18,SALE,2024-12-27T16:19:20,S01,20241227
S01/20241227/00024,6,P107743,2,197.87,SALE,2024-12-27T16:19:20,S01,20241227
S01/20241227/00024,7,TAX,1,371.05,TAX,2024-12-27T16:19:20,S01,20241227
S01/20241227/00024,8,TENDER,1,5668.41,TENDER,2024-12-27T16:19:20,S01,20241227
S01/20241227/00025,1,P108067,4,640.50,SALE,2024-12-27T11:25:38,S01,20241227
S01/20241227/00025,2,P103606,3,185.94,SALE,2024-12-27T11:25:38,S01,20241227
S01/20241227/00025,3,P103022,3,60.43,SALE,2024-12-27T11:25:38,S01,20241227
S01/20241227/00025,4,P103591,1,102.70,SALE,2024-12-27T11:25:38,S01,20241227
S01/20241227/00025,5,P102735,2,534.08,SALE,2024-12-27T11:25:38,S01,20241227
S01/20241227/00025,6,DISC,1,-149.44,DISCOUNT,2024-12-27T11:25:38,S01,20241227
S01/20241227/00025,7,TAX,1,251.70,TAX,2024-12-27T11:25:38,S01,20241227
S01/20241227/00025,8,TENDER,1,4574.23,TENDER,2024-12-27T11:25:38,S01,20241227
S01/20241227/00026,1,P106181,3,778.60,SALE,2024-12-27T17:46:21,S01,20241227
S01/20241227/00026,2,P105918,2,294.44,SALE,2024-12-27T17:46:21,S01,20241227
S01/20241227/00026,3,P103214,1,283.38,SALE,2024-12-27T17:46:21,S01,20241227
S01/20241227/00026,4,P108101,2,1603.81,SALE,2024-12-27T17:46:21,S01,20241227
S01/20241227/00026,5,P102755,1,75.17,SALE,2024-12-27T17:46:21,S01,20241227
S01/20241227/00026,6,DISC,1,-224.12,DISCOUNT,2024-12-27T17:46:21,S01,20241227
S01/20241227/00026,7,TAX,1,491.27,TAX,2024-12-27T17:46:21,S01,20241227
S01/20241227/00026,8,TENDER,1,6758.00,TENDER,2024-12-27T17:46:21,S01,20241227
S01/20241227/00027,1,P106424,3,535.14,SALE,2024-12-27T13:35:40,S01,20241227
S01/20241227/00027,2,P106528,3,832.82,SALE,2024-12-27T13:35:40,S01,20241227
S01/20241227/00027,3,P107549,2,47.87,SALE,2024-12-27T13:35:40,S01,20241227
S01/20241227/00027,4,P100178,3,480.34,SALE,2024-12-27T13:35:40,S01,20241227
S01/20241227/00027,5,P108118,1,66.05,SALE,2024-12-27T13:35:40,S01,20241227
S01/20241227/00027,6,P107848,5,267.41,SALE,2024-12-27T13:35:40,S01,20241227
S01/20241227/00027,7,P104541,2,149.08,SALE,2024-12-27T13:35:40,S01,20241227
S01/20241227/00027,8,TAX,1,741.77,TAX,2024-12-27T13:35:40,S01,20241227
S01/20241227/00027,9,TENDER,1,8083.67,TENDER,2024-12-27T13:35:40,S01,20241227
S01/20241227/00028,1,P105176,1,509.66,SALE,2024-12-28T00:02:55,S01,20241227
S01/20241227/00028,2,P102671,1,252.00,SALE,2024-12-28T00:02:55,S01,20241227
S01/20241227/00028,3,P101095,1,205.38,SALE,2024-12-28T00:02:55,S01,20241227
S01/20241227/00028,4,P103022,4,60.43,SALE,2024-12-28T00:02:55,S01,20241227
S01/20241227/00028,5,P105394,1,327.72,SALE,2024-12-28T00:02:55,S01,20241227
S01/20241227/00028,6,P107208,4,323.06,SALE,2024-12-28T00:02:55,S01,20241227
S01/20241227/00028,7,P101410,3,958.72,SALE,2024-12-28T00:02:55,S01,20241227
S01/20241227/00028,8,P104149,5,88.07,SALE,2024-12-28T00:02:55,S01,20241227
S01/20241227/00028,9,DISC,1,-274.66,DISCOUNT,2024-12-28T00:02:55,S01,20241227
S01/20241227/00028,10,TAX,1,627.51,TAX,2024-12-28T00:02:55,S01,20241227
S01/20241227/00028,11,TENDER,1,6498.08,TENDER,2024-12-28T00:02:55,S01,20241227
S01/20241227/00029,1,P107278,1,55.18,SALE,2024-12-27T16:55:39,S01,20241227
S01/20241227/00029,2,P103575,1,54.47,SALE,2024-12-27T16:55:39,S01,20241227
S01/20241227/00029,3,P102081,3,164.15,SALE,2024-12-27T16:55:39,S01,20241227
S01/20241227/00029,4,P103012,3,240.75,SALE,2024-12-27T16:55:39,S01,20241227
S01/20241227/00029,5,TAX,1,184.66,TAX,2024-12-27T16:55:39,S01,20241227
S01/20241227/00029,6,TENDER,1,1509.01,TENDER,2024-12-27T16:55:39,S01,20241227
S01/20241227/00030,1,P107409,1,486.68,SALE,2024-12-27T13:35:59,S01,20241227
S01/20241227/00030,2,P101339,1,230.61,SALE,2024-12-27T13:35:59,S01,20241227
S01/20241227/00030,3,P102814,2,543.91,SALE,2024-12-27T13:35:59,S01,20241227
S01/20241227/00030,4,P107837,2,104.51,SALE,2024-12-27T13:35:59,S01,20241227
S01/20241227/00030,5,P107630,4,309.72,SALE,2024-12-27T13:35:59,S01,20241227
S01/20241227/00030,6,P101242,1,92.35,SALE,2024-12-27T13:35:59,S01,20241227
S01/20241227/00030,7,TAX,1,367.50,TAX,2024-12-27T13:35:59,S01,20241227
S01/20241227/00030,8,TENDER,1,3712.86,TENDER,2024-12-27T13:35:59,S01,20241227
S01/20241227/00031,1,P102142,3,93.89,SALE,2024-12-27T16:41:55,S01,20241227
S01/20241227/00031,2,P102353,1,139.83,SALE,2024-12-27T16:41:55,S01,20241227
S01/20241227/00031,3,DISC,1,-34.07,DISCOUNT,2024-12-27T16:41:55,S01,20241227
S01/20241227/00031,4,TAX,1,19.37,TAX,2024-12-27T16:41:55,S01,20241227
S01/20241227/00031,5,TENDER,1,406.80,TENDER,2024-12-27T16:41:55,S01,20241227
S01/20241227/00032,1,P105009,1,65.38,SALE,2024-12-27T07:27:24,S01,20241227
S01/20241227/00032,2,P104800,1,692.51,SALE,2024-12-27T07:27:24,S01,20241227
S01/20241227/00032,3,P107526,2,54.94,SALE,2024-12-27T07:27:24,S01,20241227
S01/20241227/00032,4,P100959,4,320.67,SALE,2024-12-27T07:27:24,S01,20241227
S01/20241227/00032,5,P108379,2,300.71,SALE,2024-12-27T07:27:24,S01,20241227
S01/20241227/00032,6,P107630,2,309.72,SALE,2024-12-27T07:27:24,S01,20241227
S01/20241227/00032,7,P102811,2,199.78,SALE,2024-12-27T07:27:24,S01,20241227
S01/20241227/00032,8,P105268,2,300.66,SALE,2024-12-27T07:27:24,S01,20241227
S01/20241227/00032,9,TAX,1,657.42,TAX,2024-12-27T07:27:24,S01,20241227
S01/20241227/00032,10,TENDER,1,5029.61,TENDER,2024-12-27T07:27:24,S01,20241227
S01/20241227/00033,1,P102598,3,133.17,SALE,2024-12-27T15:35:45,S01,20241227
S01/20241227/00033,2,P102724,1,391.04,SALE,2024-12-27T15:35:45,S01,20241227
S01/20241227/00033,3,P104567,1,141.21,SALE,2024-12-27T15:35:45,S01,20241227
S01/20241227/00033,4,P102389,2,84.91,SALE,2024-12-27T15:35:45,S01,20241227
S01/20241227/00033,5,P104081,1,652.80,SALE,2024-12-27T15:35:45,S01,20241227
S01/20241227/00033,6,P104194,3,119.04,SALE,2024-12-27T15:35:45,S01,20241227
S01/20241227/00033,7,DISC,1,-228.54,DISCOUNT,2024-12-27T15:35:45,S01,20241227
S01/20241227/00033,8,TAX,1,162.46,TAX,2024-12-27T15:35:45,S01,20241227
S01/20241227/00033,9,TENDER,1,2045.42,TENDER,2024-12-27T15:35:45,S01,20241227
S01/20241227/00034,1,P105547,1,431.77,SALE,2024-12-27T18:23:01,S01,20241227
S01/20241227/00034,2,P103397,1,371.02,SALE,2024-12-27T18:23:01,S01,20241227
S01/20241227/00034,3,P106900,2,179.85,SALE,2024-12-27T18:23:01,S01,20241227
S01/20241227/00034,4,P100627,2,440.29,SALE,2024-12-27T18:23:01,S01,20241227
S01/20241227/00034,5,P104316,1,489.63,SALE,2024-12-27T18:23:01,S01,20241227
S01/20241227/00034,6,P100308,2,328.66,SALE,2024-12-27T18:23:01,S01,20241227
S01/20241227/00034,7,P108082,2,236.40,SALE,2024-12-27T18:23:01,S01,20241227
S01/20241227/00034,8,TAX,1,365.94,TAX,2024-12-27T18:23:01,S01,20241227
S01/20241227/00034,9,TENDER,1,4028.76,TENDER,2024-12-27T18:23:01,S01,20241227
S01/20241227/00035,1,P106133,3,370.91,SALE,2024-12-27T18:30:07,S01,20241227
S01/20241227/00035,2,P101481,1,55.03,SALE,2024-12-27T18:30:07,S01,20241227
S01/20241227/00035,3,P102581,2,185.56,SALE,2024-12-27T18:30:07,S01,20241227
S01/20241227/00035,4,P107662,1,330.01,SALE,2024-12-27T18:30:07,S01,20241227
S01/20241227/00035,5,TAX,1,281.00,TAX,2024-12-27T18:30:07,S01,20241227
S01/20241227/00035,6,TENDER,1,2149.89,TENDER,2024-12-27T18:30:07,S01,20241227
S01/20241227/00036,1,P106452,2,31.15,SALE,2024-12-27T18:43:59,S01,20241227
S01/20241227/00036,2,P102821,1,1314.43,SALE,2024-12-27T18:43:59,S01,20241227
S01/20241227/00036,3,P106553,2,139.74,SALE,2024-12-27T18:43:59,S01,20241227
S01/20241227/00036,4,TAX,1,53.42,TAX,2024-12-27T18:43:59,S01,20241227
S01/20241227/00036,5,TENDER,1,1709.63,TENDER,2024-12-27T18:43:59,S01,20241227
S01/20241227/00037,1,P101810,5,793.98,SALE,2024-12-27T19:22:47,S01,20241227
S01/20241227/00037,2,P106783,2,94.23,SALE,2024-12-27T19:22:47,S01,20241227
S01/20241227/00037,3,P103806,2,319.17,SALE,2024-12-27T19:22:47,S01,20241227
S01/20241227/00037,4,P105518,2,729.30,SALE,2024-12-27T19:22:47,S01,20241227
S01/20241227/00037,5,P107733,2,56.44,SALE,2024-12-27T19:22:47,S01,20241227
S01/20241227/00037,6,P105695,4,158.81,SALE,2024-12-27T19:22:47,S01,20241227
S01/20241227/00037,7,DISC,1,-677.59,DISCOUNT,2024-12-27T19:22:47,S01,20241227
S01/20241227/00037,8,TAX,1,731.87,TAX,2024-12-27T19:22:47,S01,20241227
S01/20241227/00037,9,TENDER,1,7057.70,TENDER,2024-12-27T19:22:47,S01,20241227
S01/20241227/00038,1,P101543,-1,178.10,RETURN,2024-12-27T16:40:06,S01,20241227
S01/20241227/00038,2,P105302,-2,281.37,RETURN,2024-12-27T16:40:06,S01,20241227
S01/20241227/00038,3,P102129,-3,241.90,RETURN,2024-12-27T16:40:06,S01,20241227
S01/20241227/00038,4,P100494,-2,67.32,RETURN,2024-12-27T16:40:06,S01,20241227
S01/20241227/00038,5,TAX,1,-120.72,TAX,2024-12-27T16:40:06,S01,20241227
S01/20241227/00038,6,TENDER,1,-1721.90,TENDER,2024-12-27T16:40:06,S01,20241227
S01/20241227/00039,1,P102922,3,120.15,SALE,2024-12-27T15:32:29,S01,20241227
S01/20241227/00039,2,P103231,2,241.80,SALE,2024-12-27T15:32:29,S01,20241227
S01/20241227/00039,3,P102886,2,139.22,SALE,2024-12-27T15:32:29,S01,20241227
S01/20241227/00039,4,P108282,2,472.97,SALE,2024-12-27T15:32:29,S01,20241227
S01/20241227/00039,5,P106169,2,221.89,SALE,2024-12-27T15:32:29,S01,20241227
S01/20241227/00039,6,P101626,2,1040.69,SALE,2024-12-27T15:32:29,S01,20241227
S01/20241227/00039,7,TAX,1,479.93,TAX,2024-12-27T15:32:29,S01,20241227
S01/20241227/00039,8,TENDER,1,5073.52,TENDER,2024-12-27T15:32:29,S01,20241227
S01/20241227/00040,1,P101122,2,69.38,SALE,2024-12-27T07:18:29,S01,20241227
S01/20241227/00040,2,P105483,2,160.65,SALE,2024-12-27T07:18:29,S01,20241227
S01/20241227/00040,3,P105609,4,817.71,SALE,2024-12-27T07:18:29,S01,20241227
S01/20241227/00040,4,TAX,1,82.81,TAX,2024-12-27T07:18:29,S01,20241227
S01/20241227/00040,5,TENDER,1,3813.71,TENDER,2024-12-27T07:18:29,S01,20241227
S01/20241227/00041,1,P104294,1,115.73,SALE,2024-12-27T15:18:05,S01,20241227
S01/20241227/00041,2,P103855,1,322.11,SALE,2024-12-27T15:18:05,S01,20241227
S01/20241227/00041,3,TAX,1,71.87,TAX,2024-12-27T15:18:05,S01,20241227
S01/20241227/00041,4,TENDER,1,509.71,TENDER,2024-12-27T15:18:05,S01,20241227
S01/20241227/00042,1,P103843,1,660.15,SALE,2024-12-27T15:26:10,S01,20241227
S01/20241227/00042,2,P107863,1,575.65,SALE,2024-12-27T15:26:10,S01,20241227
S01/20241227/00042,3,P102364,3,104.57,SALE,2024-12-27T15:26:10,S01,20241227
S01/20241227/00042,4,TAX,1,278.91,TAX,2024-12-27T15:26:10,S01,20241227
S01/20241227/00042,5,TENDER,1,1828.42,TENDER,2024-12-27T15:26:10,S01,20241227
S01/20241227/00043,1,P107575,3,82.07,SALE,2024-12-27T15:23:27,S01,20241227
S01/20241227/00043,2,P108050,2,1166.49,SALE,2024-12-27T15:23:27,S01,20241227
S01/20241227/00043,3,P101722,1,1460.17,SALE,2024-12-27T15:23:27,S01,20241227
S01/20241227/00043,4,P104226,2,303.01,SALE,2024-12-27T15:23:27,S01,20241227
S01/20241227/00043,5,P108356,1,222.95,SALE,2024-12-27T15:23:27,S01,20241227
S01/20241227/00043,6,P102054,2,142.99,SALE,2024-12-27T15:23:27,S01,20241227
S01/20241227/00043,7,TAX,1,230.71,TAX,2024-12-27T15:23:27,S01,20241227
S01/20241227/00043,8,TENDER,1,5385.02,TENDER,2024-12-27T15:23:27,S01,20241227
S01/20241227/00044,1,P106434,3,178.02,SALE,2024-12-27T11:32:50,S01,20241227
S01/20241227/00044,2,P104517,1,1474.90,SALE,2024-12-27T11:32:50,S01,20241227
S01/20241227/00044,3,P101500,1,330.53,SALE,2024-12-27T11:32:50,S01,20241227
S01/20241227/00044,4,P101681,2,139.09,SALE,2024-12-27T11:32:50,S01,20241227
S01/20241227/00044,5,DISC,1,-85.14,DISCOUNT,2024-12-27T11:32:50,S01,20241227
S01/20241227/00044,6,TAX,1,94.30,TAX,2024-12-27T11:32:50,S01,20241227
S01/20241227/00044,7,TENDER,1,2626.83,TENDER,2024-12-27T11:32:50,S01,20241227
S01/20241227/00045,1,P101213,1,232.84,SALE,2024-12-27T10:49:41,S01,20241227
S01/20241227/00045,2,P105167,1,826.20,SALE,2024-12-27T10:49:41,S01,20241227
S01/20241227/00045,3,P103206,1,450.05,SALE,2024-12-27T10:49:41,S01,20241227
S01/20241227/00045,4,P103806,5,319.17,SALE,2024-12-27T10:49:41,S01,20241227
S01/20241227/00045,5,P102546,2,74.67,SALE,2024-12-27T10:49:41,S01,20241227
S01/20241227/00045,6,TAX,1,191.11,TAX,2024-12-27T10:49:41,S01,20241227
S01/20241227/00045,7,TENDER,1,3445.39,TENDER,2024-12-27T10:49:41,S01,20241227
S01/20241227/00046,1,P108374,1,1417.29,SALE,2024-12-27T16:26:58,S01,20241227
S01/20241227/00046,2,P102471,2,151.71,SALE,2024-12-27T16:26:58,S01,20241227
S01/20241227/00046,3,TAX,1,54.62,TAX,2024-12-27T16:26:58,S01,20241227
S01/20241227/00046,4,TENDER,1,1775.33,TENDER,2024-12-27T16:26:58,S01,20241227
S01/20241227/00047,1,P106948,2,199.32,SALE,2024-12-27T16:24:49,S01,20241227
S01/20241227/00047,2,P106865,1,299.72,SALE,2024-12-27T16:24:49,S01,20241227
S01/20241227/00047,3,P105636,2,558.71,SALE,2024-12-27T16:24:49,S01,20241227
S01/20241227/00047,4,P104202,2,166.10,SALE,2024-12-27T16:24:49,S01,20241227
S01/20241227/00047,5,P103794,2,785.54,SALE,2024-12-27T16:24:49,S01,20241227
S01/20241227/00047,6,TAX,1,152.44,TAX,2024-12-27T16:24:49,S01,20241227
S01/20241227/00047,7,TENDER,1,3871.50,TENDER,2024-12-27T16:24:49,S01,20241227
S01/20241227/00048,1,P106080,2,361.06,SALE,2024-12-27T15:29:54,S01,20241227
S01/20241227/00048,2,P106651,5,900.59,SALE,2024-12-27T15:29:54,S01,20241227
S01/20241227/00048,3,P105656,1,516.52,SALE,2024-12-27T15:29:54,S01,20241227
S01/20241227/00048,4,P103111,2,40.41,SALE,2024-12-27T15:29:54,S01,20241227
S01/20241227/00048,5,P100453,1,207.31,SALE,2024-12-27T15:29:54,S01,20241227
S01/20241227/00048,6,TAX,1,115.57,TAX,2024-12-27T15:29:54,S01,20241227
S01/20241227/00048,7,TENDER,1,6145.29,TENDER,2024-12-27T15:29:54,S01,20241227
S01/20241227/00049,1,P102975,1,234.92,SALE,2024-12-27T11:43:50,S01,20241227
S01/20241227/00049,2,P106174,3,229.89,SALE,2024-12-27T11:43:50,S01,20241227
S01/20241227/00049,3,P105400,5,53.13,SALE,2024-12-27T11:43:50,S01,20241227
S01/20241227/00049,4,P103035,5,1333.74,SALE,2024-12-27T11:43:50,S01,20241227
S01/20241227/00049,5,P102811,1,199.78,SALE,2024-12-27T11:43:50,S01,20241227
S01/20241227/00049,6,P106984,3,28.34,SALE,2024-12-27T11:43:50,S01,20241227
S01/20241227/00049,7,P107126,2,68.67,SALE,2024-12-27T11:43:50,S01,20241227
S01/20241227/00049,8,TAX,1,454.26,TAX,2024-12-27T11:43:50,S01,20241227
S01/20241227/00049,9,TENDER,1,8735.34,TENDER,2024-12-27T11:43:50,S01,20241227
S01/20241227/00050,1,P103510,1,196.86,SALE,2024-12-27T14:55:02,S01,20241227
S01/20241227/00050,2,P105651,3,108.83,SALE,2024-12-27T14:55:02,S01,20241227
S01/20241227/00050,3,P102933,1,610.87,SALE,2024-12-27T14:55:02,S01,20241227
S01/20241227/00050,4,P100889,1,1028.39,SALE,2024-12-27T14:55:02,S01,20241227
S01/20241227/00050,5,P104032,3,603.87,SALE,2024-12-27T14:55:02,S01,20241227
S01/20241227/00050,6,P105164,4,242.35,SALE,2024-12-27T14:55:02,S01,20241227
S01/20241227/00050,7,P105784,2,116.81,SALE,2024-12-27T14:55:02,S01,20241227
S01/20241227/00050,8,TAX,1,519.42,TAX,2024-12-27T14:55:02,S01,20241227
S01/20241227/00050,9,TENDER,1,5696.66,TENDER,2024-12-27T14:55:02,S01,20241227
S01/20241227/00051,1,P103732,3,94.74,SALE,2024-12-27T16:21:31,S01,20241227
S01/20241227/00051,2,P104517,2,1474.90,SALE,2024-12-27T16:21:31,S01,20241227
S01/20241227/00051,3,P107516,1,565.20,SALE,2024-12-27T16:21:31,S01,20241227
S01/20241227/00051,4,P100543,1,123.06,SALE,2024-12-27T16:21:31,S01,20241227
S01/20241227/00051,5,P103978,2,347.08,SALE,2024-12-27T16:21:31,S01,20241227
S01/20241227/00051,6,TAX,1,150.66,TAX,2024-12-27T16:21:31,S01,20241227
S01/20241227/00051,7,TENDER,1,4767.10,TENDER,2024-12-27T16:21:31,S01,20241227
S01/20241227/00052,1,P103004,1,82.09,SALE,2024-12-27T11:38:37,S01,20241227
S01/20241227/00052,2,P106373,1,48.45,SALE,2024-12-27T11:38:37,S01,20241227
S01/20241227/00052,3,P104898,3,181.50,SALE,2024-12-27T11:38:37,S01,20241227
S01/20241227/00052,4,TAX,1,33.75,TAX,2024-12-27T11:38:37,S01,20241227
S01/20241227/00052,5,TENDER,1,708.79,TENDER,2024-12-27T11:38:37,S01,20241227
S01/20241227/00053,1,P108050,6,1166.49,SALE,2024-12-27T09:52:36,S01,20241227
S01/20241227/00053,2,P105280,3,220.35,SALE,2024-12-27T09:52:36,S01,20241227
S01/20241227/00053,3,P102502,1,408.64,SALE,2024-12-27T09:52:36,S01,20241227
S01/20241227/00053,4,TAX,1,456.55,TAX,2024-12-27T09:52:36,S01,20241227
S01/20241227/00053,5,TENDER,1,8525.18,TENDER,2024-12-27T09:52:36,S01,20241227
S01/20241227/00054,1,P100509,2,143.57,SALE,2024-12-27T17:17:42,S01,20241227
S01/20241227/00054,2,P106162,1,534.57,SALE,2024-12-27T17:17:42,S01,20241227
S01/20241227/00054,3,P103563,1,26.76,SALE,2024-12-27T17:17:42,S01,20241227
S01/20241227/00054,4,P100595,2,404.82,SALE,2024-12-27T17:17:42,S01,20241227
S01/20241227/00054,5,DISC,1,-81.55,DISCOUNT,2024-12-27T17:17:42,S01,20241227
S01/20241227/00054,6,TAX,1,110.61,TAX,2024-12-27T17:17:42,S01,20241227
S01/20241227/00054,7,TENDER,1,1687.17,TENDER,2024-12-27T17:17:42,S01,20241227
S01/20241227/00055,1,P102112,1,389.72,SALE,2024-12-27T10:56:36,S01,20241227
S01/20241227/00055,2,P106310,2,462.03,SALE,2024-12-27T10:56:36,S01,20241227
S01/20241227/00055,3,P103986,4,495.05,SALE,2024-12-27T10:56:36,S01,20241227
S01/20241227/00055,4,P102311,3,308.69,SALE,2024-12-27T10:56:36,S01,20241227
S01/20241227/00055,5,TAX,1,615.84,TAX,2024-12-27T10:56:36,S01,20241227
S01/20241227/00055,6,TENDER,1,4835.89,TENDER,2024-12-27T10:56:36,S01,20241227
S01/20241227/00056,1,P103701,1,1171.33,SALE,2024-12-27T10:00:25,S01,20241227
S01/20241227/00056,2,P105684,4,1114.27,SALE,2024-12-27T10:00:25,S01,20241227
S01/20241227/00056,3,P108313,2,455.94,SALE,2024-12-27T10:00:25,S01,20241227
S01/20241227/00056,4,TAX,1,390.85,TAX,2024-12-27T10:00:25,S01,20241227
S01/20241227/00056,5,TENDER,1,6931.14,TENDER,2024-12-27T10:00:25,S01,20241227
S01/20241227/00057,1,P100203,1,272.10,SALE,2024-12-27T14:06:22,S01,20241227
S01/20241227/00057,2,P102129,1,241.90,SALE,2024-12-27T14:06:22,S01,20241227
S01/20241227/00057,3,P100367,2,537.90,SALE,2024-12-27T14:06:22,S01,20241227
S01/20241227/00057,4,P105944,3,985.47,SALE,2024-12-27T14:06:22,S01,20241227
S01/20241227/00057,5,P103600,1,107.84,SALE,2024-12-27T14:06:22,S01,20241227
S01/20241227/00057,6,P102954,2,129.98,SALE,2024-12-27T14:06:22,S01,20241227
S01/20241227/00057,7,P100441,1,509.29,SALE,2024-12-27T14:06:22,S01,20241227
S01/20241227/00057,8,TAX,1,671.82,TAX,2024-12-27T14:06:22,S01,20241227
S01/20241227/00057,9,TENDER,1,6095.12,TENDER,2024-12-27T14:06:22,S01,20241227
S01/20241227/00058,1,P101876,-1,68.16,RETURN,2024-12-27T17:44:58,S01,20241227
S01/20241227/00058,2,P106975,-2,143.78,RETURN,2024-12-27T17:44:58,S01,20241227
S01/20241227/00058,3,P100255,-2,1250.31,RETURN,2024-12-27T17:44:58,S01,20241227
S01/20241227/00058,4,TAX,1,-180.20,TAX,2024-12-27T17:44:58,S01,20241227
S01/20241227/00058,5,TENDER,1,-3036.54,TENDER,2024-12-27T17:44:58,S01,20241227
S01/20241227/00059,1,P102755,5,75.17,SALE,2024-12-27T15:26:27,S01,20241227
S01/20241227/00059,2,P105507,1,22.07,SALE,2024-12-27T15:26:27,S01,20241227
S01/20241227/00059,3,P107520,4,139.81,SALE,2024-12-27T15:26:27,S01,20241227
S01/20241227/00059,4,TAX,1,46.75,TAX,2024-12-27T15:26:27,S01,20241227
S01/20241227/00059,5,TENDER,1,1003.91,TENDER,2024-12-27T15:26:27,S01,20241227
S01/20241227/00060,1,P104344,1,390.44,SALE,2024-12-27T19:22:31,S01,20241227
S01/20241227/00060,2,P101622,2,272.35,SALE,2024-12-27T19:22:31,S01,20241227
S01/20241227/00060,3,P101925,2,186.54,SALE,2024-12-27T19:22:31,S01,20241227
S01/20241227/00060,4,P101201,3,48.42,SALE,2024-12-27T19:22:31,S01,20241227
S01/20241227/00060,5,P104526,1,363.05,SALE,2024-12-27T19:22:31,S01,20241227
S01/20241227/00060,6,TAX,1,190.08,TAX,2024-12-27T19:22:31,S01,20241227
S01/20241227/00060,7,TENDER,1,2006.61,TENDER,2024-12-27T19:22:31,S01,20241227
S01/20241227/00061,1,P104121,2,131.32,SALE,2024-12-27T20:55:24,S01,20241227
S01/20241227/00061,2,P103922,1,51.00,SALE,2024-12-27T20:55:24,S01,20241227
S01/20241227/00061,3,P102516,2,1272.67,SALE,2024-12-27T20:55:24,S01,20241227
S01/20241227/00061,4,P104097,3,330.82,SALE,2024-12-27T20:55:24,S01,20241227
S01/20241227/00061,5,P103986,1,495.05,SALE,2024-12-27T20:55:24,S01,20241227
S01/20241227/00061,6,P104308,1,53.24,SALE,2024-12-27T20:55:24,S01,20241227
S01/20241227/00061,7,P106671,1,90.38,SALE,2024-12-27T20:55:24,S01,20241227
S01/20241227/00061,8,TAX,1,406.03,TAX,2024-12-27T20:55:24,S01,20241227
S01/20241227/00061,9,TENDER,1,4896.14,TENDER,2024-12-27T20:55:24,S01,20241227
S01/20241227/00062,1,P108292,1,114.42,SALE,2024-12-27T17:26:25,S01,20241227
S01/20241227/00062,2,P105365,2,420.06,SALE,2024-12-27T17:26:25,S01,20241227
S01/20241227/00062,3,P101851,2,1750.29,SALE,2024-12-27T17:26:25,S01,20241227
S01/20241227/00062,4,TAX,1,100.81,TAX,2024-12-27T17:26:25,S01,20241227
S01/20241227/00062,5,TENDER,1,4555.93,TENDER,2024-12-27T17:26:25,S01,20241227
S01/20241227/00063,1,P105112,1,179.07,SALE,2024-12-27T14:23:03,S01,20241227
S01/20241227/00063,2,P103372,1,49.00,SALE,2024-12-27T14:23:03,S01,20241227
S01/20241227/00063,3,TAX,1,17.77,TAX,2024-12-27T14:23:03,S01,20241227
S01/20241227/00063,4,TENDER,1,245.84,TENDER,2024-12-27T14:23:03,S01,20241227
S01/20241227/00064,1,P108361,3,73.59,SALE,2024-12-27T17:08:10,S01,20241227
S01/20241227/00064,2,P106330,1,218.33,SALE,2024-12-27T17:08:10,S01,20241227
S01/20241227/00064,3,P103749,1,17.91,SALE,2024-12-27T17:08:10,S01,20241227
S01/20241227/00064,4,P105815,4,320.65,SALE,2024-12-27T17:08:10,S01,20241227
S01/20241227/00064,5,P105827,2,124.38,SALE,2024-12-27T17:08:10,S01,20241227
S01/20241227/00064,6,P108234,2,33.09,SALE,2024-12-27T17:08:10,S01,20241227
S01/20241227/00064,7,TAX,1,220.79,TAX,2024-12-27T17:08:10,S01,20241227
S01/20241227/00064,8,TENDER,1,2275.34,TENDER,2024-12-27T17:08:10,S01,20241227
S01/20241227/00065,1,P100744,2,67.07,SALE,2024-12-27T18:02:32,S01,20241227
S01/20241227/00065,2,P106948,1,222.40,SALE,2024-12-27T18:02:32,S01,20241227
S01/20241227/00065,3,P106989,2,26.75,SALE,2024-12-27T18:02:32,S01,20241227
S01/20241227/00065,4,TAX,1,27.46,TAX,2024-12-27T18:02:32,S01,20241227
S01/20241227/00065,5,TENDER,1,437.50,TENDER,2024-12-27T18:02:32,S01,20241227
S01/20241227/00066,1,P100319,4,58.27,SALE,2024-12-27T13:07:25,S01,20241227
S01/20241227/00066,2,P107266,3,71.89,SALE,2024-12-27T13:07:25,S01,20241227
S01/20241227/00066,3,P103234,2,128.39,SALE,2024-12-27T13:07:25,S01,20241227
S01/20241227/00066,4,P105483,2,160.65,SALE,2024-12-27T13:07:25,S01,20241227
S01/20241227/00066,5,TAX,1,126.49,TAX,2024-12-27T13:07:25,S01,20241227
S01/20241227/00066,6,TENDER,1,1153.32,TENDER,2024-12-27T13:07:25,S01,20241227
S01/20241227/00067,1,P107859,2,136.84,SALE,2024-12-27T19:27:17,S01,20241227
S01/20241227/00067,2,P103206,1,450.05,SALE,2024-12-27T19:27:17,S01,20241227
S01/20241227/00067,3,P100711,4,101.23,SALE,2024-12-27T19:27:17,S01,20241227
S01/20241227/00067,4,P107266,2,71.89,SALE,2024-12-27T19:27:17,S01,20241227
S01/20241227/00067,5,TAX,1,174.77,TAX,2024-12-27T19:27:17,S01,20241227
S01/20241227/00067,6,TENDER,1,1447.20,TENDER,2024-12-27T19:27:17,S01,20241227
S01/20241227/00068,1,P103654,2,481.76,SALE,2024-12-27T17:42:59,S01,20241227
S01/20241227/00068,2,P103105,3,34.12,SALE,2024-12-27T17:42:59,S01,20241227
S01/20241227/00068,3,TAX,1,66.60,TAX,2024-12-27T17:42:59,S01,20241227
S01/20241227/00068,4,TENDER,1,1132.48,TENDER,2024-12-27T17:42:59,S01,20241227
S01/20241227/00069,1,P105030,1,224.07,SALE,2024-12-27T13:42:04,S01,20241227
S01/20241227/00069,2,P108397,2,286.03,SALE,2024-12-27T13:42:04,S01,20241227
S01/20241227/00069,3,P101884,1,352.98,SALE,2024-12-27T13:42:04,S01,20241227
S01/20241227/00069,4,P107880,3,347.04,SALE,2024-12-27T13:42:04,S01,20241227
S01/20241227/00069,5,P105198,3,15.39,SALE,2024-12-27T13:42:04,S01,20241227
S01/20241227/00069,6,TAX,1,208.93,TAX,2024-12-27T13:42:04,S01,20241227
S01/20241227/00069,7,TENDER,1,2445.33,TENDER,2024-12-27T13:42:04,S01,20241227
S01/20241227/00070,1,P101613,2,125.30,SALE,2024-12-27T16:03:24,S01,20241227
S01/20241227/00070,2,P101201,3,48.42,SALE,2024-12-27T16:03:24,S01,20241227
S01/20241227/00070,3,P102982,4,255.95,SALE,2024-12-27T16:03:24,S01,20241227
S01/20241227/00070,4,P105219,3,763.15,SALE,2024-12-27T16:03:24,S01,20241227
S01/20241227/00070,5,P103986,1,470.30,SALE,2024-12-27T16:03:24,S01,20241227
S01/20241227/00070,6,TAX,1,733.41,TAX,2024-12-27T16:03:24,S01,20241227
S01/20241227/00070,7,TENDER,1,4912.82,TENDER,2024-12-27T16:03:24,S01,20241227
S01/20241227/00071,1,P101263,4,684.55,SALE,2024-12-27T18:54:44,S01,20241227
S01/20241227/00071,2,P105119,2,106.45,SALE,2024-12-27T18:54:44,S01,20241227
S01/20241227/00071,3,P106669,2,112.99,SALE,2024-12-27T18:54:44,S01,20241227
S01/20241227/00071,4,P107488,2,303.21,SALE,2024-12-27T18:54:44,S01,20241227
S01/20241227/00071,5,TAX,1,651.65,TAX,2024-12-27T18:54:44,S01,20241227
S01/20241227/00071,6,TENDER,1,4435.15,TENDER,2024-12-27T18:54:44,S01,20241227
S01/20241227/00072,1,P105227,5,292.54,SALE,2024-12-27T19:39:33,S01,20241227
S01/20241227/00072,2,P104676,1,87.52,SALE,2024-12-27T19:39:33,S01,20241227
S01/20241227/00072,3,P101766,3,220.67,SALE,2024-12-27T19:39:33,S01,20241227
S01/20241227/00072,4,P100224,2,79.22,SALE,2024-12-27T19:39:33,S01,20241227
S01/20241227/00072,5,P100418,4,213.97,SALE,2024-12-27T19:39:33,S01,20241227
S01/20241227/00072,6,P104123,1,432.72,SALE,2024-12-27T19:39:33,S01,20241227
S01/20241227/00072,7,P102460,2,582.21,SALE,2024-12-27T19:39:33,S01,20241227
S01/20241227/00072,8,P107623,1,468.34,SALE,2024-12-27T19:39:33,S01,20241227
S01/20241227/00072,9,TAX,1,473.09,TAX,2024-12-27T19:39:33,S01,20241227
S01/20241227/00072,10,TENDER,1,5765.12,TENDER,2024-12-27T19:39:33,S01,20241227
S01/20241227/00073,1,P105633,3,46.25,SALE,2024-12-27T15:52:10,S01,20241227
S01/20241227/00073,2,P104512,3,94.53,SALE,2024-12-27T15:52:10,S01,20241227
S01/20241227/00073,3,P101613,2,125.30,SALE,2024-12-27T15:52:10,S01,20241227
S01/20241227/00073,4,P100198,1,162.72,SALE,2024-12-27T15:52:10,S01,20241227
S01/20241227/00073,5,TAX,1,74.36,TAX,2024-12-27T15:52:10,S01,20241227
S01/20241227/00073,6,TENDER,1,910.02,TENDER,2024-12-27T15:52:10,S01,20241227
S01/20241227/00074,1,P103647,2,42.08,SALE,2024-12-27T15:07:28,S01,20241227
S01/20241227/00074,2,P107477,1,116.48,SALE,2024-12-27T15:07:28,S01,20241227
S01/20241227/00074,3,P100879,2,159.99,SALE,2024-12-27T15:07:28,S01,20241227
S01/20241227/00074,4,P105860,1,674.13,SALE,2024-12-27T15:07:28,S01,20241227
S01/20241227/00074,5,P102014,3,261.84,SALE,2024-12-27T15:07:28,S01,20241227
S01/20241227/00074,6,TAX,1,180.92,TAX,2024-12-27T15:07:28,S01,20241227
S01/20241227/00074,7,TENDER,1,2161.19,TENDER,2024-12-27T15:07:28,S01,20241227
S01/20241227/00075,1,P104372,3,105.38,SALE,2024-12-27T12:45:37,S01,20241227
S01/20241227/00075,2,P106718,3,525.27,SALE,2024-12-27T12:45:37,S01,20241227
S01/20241227/00075,3,P104334,2,294.34,SALE,2024-12-27T12:45:37,S01,20241227
S01/20241227/00075,4,P104236,1,289.43,SALE,2024-12-27T12:45:37,S01,20241227
S01/20241227/00075,5,P100319,2,54.97,SALE,2024-12-27T12:45:37,S01,20241227
S01/20241227/00075,6,P108374,2,1417.29,SALE,2024-12-27T12:45:37,S01,20241227
S01/20241227/00075,7,TAX,1,386.48,TAX,2024-12-27T12:45:37,S01,20241227
S01/20241227/00075,8,TENDER,1,6101.06,TENDER,2024-12-27T12:45:37,S01,20241227
S01/20241227/00076,1,P100840,2,248.08,SALE,2024-12-27T18:53:41,S01,20241227
S01/20241227/00076,2,P103525,2,252.51,SALE,2024-12-27T18:53:41,S01,20241227
S01/20241227/00076,3,P101083,1,349.65,SALE,2024-12-27T18:53:41,S01,20241227
S01/20241227/00076,4,P104064,2,326.15,SALE,2024-12-27T18:53:41,S01,20241227
S01/20241227/00076,5,P102286,4,281.91,SALE,2024-12-27T18:53:41,S01,20241227
S01/20241227/00076,6,P101674,3,387.70,SALE,2024-12-27T18:53:41,S01,20241227
S01/20241227/00076,7,TAX,1,668.11,TAX,2024-12-27T18:53:41,S01,20241227
S01/20241227/00076,8,TENDER,1,4961.98,TENDER,2024-12-27T18:53:41,S01,20241227
S01/20241227/00077,1,P103012,1,240.75,SALE,2024-12-27T07:15:51,S01,20241227
S01/20241227/00077,2,P108186,3,324.50,SALE,2024-12-27T07:15:51,S01,20241227
S01/20241227/00077,3,P105944,1,985.47,SALE,2024-12-27T07:15:51,S01,20241227
S01/20241227/00077,4,P100536,2,471.52,SALE,2024-12-27T07:15:51,S01,20241227
S01/20241227/00077,5,P104072,2,724.10,SALE,2024-12-27T07:15:51,S01,20241227
S01/20241227/00077,6,TAX,1,506.12,TAX,2024-12-27T07:15:51,S01,20241227
S01/20241227/00077,7,TENDER,1,5097.08,TENDER,2024-12-27T07:15:51,S01,20241227
S01/20241227/00078,1,P102857,1,116.85,SALE,2024-12-27T14:09:30,S01,20241227
S01/20241227/00078,2,P106697,2,342.69,SALE,2024-12-27T14:09:30,S01,20241227
S01/20241227/00078,3,P104517,3,1474.90,SALE,2024-12-27T14:09:30,S01,20241227
S01/20241227/00078,4,TAX,1,103.28,TAX,2024-12-27T14:09:30,S01,20241227
S01/20241227/00078,5,TENDER,1,5330.21,TENDER,2024-12-27T14:09:30,S01,20241227
S01/20241227/00079,1,P100652,3,45.46,SALE,2024-12-27T15:46:11,S01,20241227
S01/20241227/00079,2,P107822,2,69.77,SALE,2024-12-27T15:46:11,S01,20241227
S01/20241227/00079,3,P103159,1,1193.28,SALE,2024-12-27T15:46:11,S01,20241227
S01/20241227/00079,4,P100044,1,737.05,SALE,2024-12-27T15:46:11,S01,20241227
S01/20241227/00079,5,P106473,5,297.16,SALE,2024-12-27T15:46:11,S01,20241227
S01/20241227/00079,6,P105180,2,102.63,SALE,2024-12-27T15:46:11,S01,20241227
S01/20241227/00079,7,TAX,1,442.50,TAX,2024-12-27T15:46:11,S01,20241227
S01/20241227/00079,8,TENDER,1,4339.81,TENDER,2024-12-27T15:46:11,S01,20241227
S01/20241227/00080,1,P102114,3,134.74,SALE,2024-12-27T16:29:20,S01,20241227
S01/20241227/00080,2,P103129,4,84.49,SALE,2024-12-27T16:29:20,S01,20241227
S01/20241227/00080,3,P101384,1,42.99,SALE,2024-12-27T16:29:20,S01,20241227
S01/20241227/00080,4,TAX,1,83.19,TAX,2024-12-27T16:29:20,S01,20241227
S01/20241227/00080,5,TENDER,1,868.36,TENDER,2024-12-27T16:29:20,S01,20241227
S01/20241227/00081,1,P101359,2,49.69,SALE,2024-12-27T19:00:49,S01,20241227
S01/20241227/00081,2,P102335,3,94.24,SALE,2024-12-27T19:00:49,S01,20241227
S01/20241227/00081,3,P101599,1,417.76,SALE,2024-12-27T19:00:49,S01,20241227
S01/20241227/00081,4,P107966,2,391.71,SALE,2024-12-27T19:00:49,S01,20241227
S01/20241227/00081,5,P108319,4,262.79,SALE,2024-12-27T19:00:49,S01,20241227
S01/20241227/00081,6,TAX,1,196.53,TAX,2024-12-27T19:00:49,S01,20241227
S01/20241227/00081,7,TENDER,1,2830.97,TENDER,2024-12-27T19:00:49,S01,20241227
S01/20241227/00082,1,P106282,4,448.43,SALE,2024-12-27T09:35:00,S01,20241227
S01/20241227/00082,2,P102682,1,95.00,SALE,2024-12-27T09:35:00,S01,20241227
S01/20241227/00082,3,P103178,2,21.89,SALE,2024-12-27T09:35:00,S01,20241227
S01/20241227/00082,4,P106858,2,281.23,SALE,2024-12-27T09:35:00,S01,20241227
S01/20241227/00082,5,TAX,1,436.74,TAX,2024-12-27T09:35:00,S01,20241227
S01/20241227/00082,6,TENDER,1,2931.70,TENDER,2024-12-27T09:35:00,S01,20241227
S01/20241227/00083,1,P105518,3,729.30,SALE,2024-12-27T08:47:36,S01,20241227
S01/20241227/00083,2,P103517,2,177.49,SALE,2024-12-27T08:47:36,S01,20241227
S01/20241227/00083,3,P105369,1,143.76,SALE,2024-12-27T08:47:36,S01,20241227
S01/20241227/00083,4,DISC,1,-184.47,DISCOUNT,2024-12-27T08:47:36,S01,20241227
S01/20241227/00083,5,TAX,1,390.88,TAX,2024-12-27T08:47:36,S01,20241227
S01/20241227/00083,6,TENDER,1,2893.05,TENDER,2024-12-27T08:47:36,S01,20241227
S01/20241227/00084,1,P101339,1,230.61,SALE,2024-12-27T14:59:02,S01,20241227
S01/20241227/00084,2,TAX,1,11.53,TAX,2024-12-27T14:59:02,S01,20241227
S01/20241227/00084,3,TENDER,1,242.14,TENDER,2024-12-27T14:59:02,S01,20241227
S01/20241227/00085,1,P102849,6,682.39,SALE,2024-12-27T08:18:27,S01,20241227
S01/20241227/00085,2,P106478,1,56.12,SALE,2024-12-27T08:18:27,S01,20241227
S01/20241227/00085,3,P107337,4,429.21,SALE,2024-12-27T08:18:27,S01,20241227
S01/20241227/00085,4,P107422,4,193.56,SALE,2024-12-27T08:18:27,S01,20241227
S01/20241227/00085,5,P104579,1,67.48,SALE,2024-12-27T08:18:27,S01,20241227
S01/20241227/00085,6,P104956,1,141.84,SALE,2024-12-27T08:18:27,S01,20241227
S01/20241227/00085,7,TAX,1,644.21,TAX,2024-12-27T08:18:27,S01,20241227
S01/20241227/00085,8,TENDER,1,7495.07,TENDER,2024-12-27T08:18:27,S01,20241227
S01/20241228/00001,1,P107564,2,325.35,SALE,2024-12-28T16:12:20,S01,20241228
S01/20241228/00001,2,P105815,2,320.65,SALE,2024-12-28T16:12:20,S01,20241228
S01/20241228/00001,3,P101156,4,95.07,SALE,2024-12-28T16:12:20,S01,20241228
S01/20241228/00001,4,P107053,2,457.07,SALE,2024-12-28T16:12:20,S01,20241228
S01/20241228/00001,5,P108326,2,472.80,SALE,2024-12-28T16:12:20,S01,20241228
S01/20241228/00001,6,P108258,1,54.62,SALE,2024-12-28T16:12:20,S01,20241228
S01/20241228/00001,7,TAX,1,343.06,TAX,2024-12-28T16:12:20,S01,20241228
S01/20241228/00001,8,TENDER,1,3929.70,TENDER,2024-12-28T16:12:20,S01,20241228
S01/20241228/00002,1,P104048,3,193.57,SALE,2024-12-28T16:21:52,S01,20241228
S01/20241228/00002,2,P102122,2,138.84,SALE,2024-12-28T16:21:52,S01,20241228
S01/20241228/00002,3,P100164,4,594.91,SALE,2024-12-28T16:21:52,S01,20241228
S01/20241228/00002,4,P108097,2,93.69,SALE,2024-12-28T16:21:52,S01,20241228
S01/20241228/00002,5,P107848,2,267.41,SALE,2024-12-28T16:21:52,S01,20241228
S01/20241228/00002,6,P104382,4,62.22,SALE,2024-12-28T16:21:52,S01,20241228
S01/20241228/00002,7,TAX,1,609.67,TAX,2024-12-28T16:21:52,S01,20241228
S01/20241228/00002,8,TENDER,1,4818.78,TENDER,2024-12-28T16:21:52,S01,20241228
S01/20241228/00003,1,P105219,3,763.15,SALE,2024-12-28T14:22:25,S01,20241228
S01/20241228/00003,2,P101813,1,273.64,SALE,2024-12-28T14:22:25,S01,20241228
S01/20241228/00003,3,P102021,2,90.22,SALE,2024-12-28T14:22:25,S01,20241228
S01/20241228/00003,4,P106997,2,42.42,SALE,2024-12-28T14:22:25,S01,20241228
S01/20241228/00003,5,TAX,1,443.93,TAX,2024-12-28T14:22:25,S01,20241228
S01/20241228/00003,6,TENDER,1,3272.30,TENDER,2024-12-28T14:22:25,S01,20241228
S01/20241228/00004,1,P105201,2,365.02,SALE,2024-12-28T13:26:01,S01,20241228
S01/20241228/00004,2,P104270,1,1153.64,SALE,2024-12-28T13:26:01,S01,20241228
S01/20241228/00004,3,P107555,1,1314.43,SALE,2024-12-28T13:26:01,S01,20241228
S01/20241228/00004,4,P101774,2,1168.66,SALE,2024-12-28T13:26:01,S01,20241228
S01/20241228/00004,5,P101558,2,52.58,SALE,2024-12-28T13:26:01,S01,20241228
S01/20241228/00004,6,TAX,1,393.59,TAX,2024-12-28T13:26:01,S01,20241228
S01/20241228/00004,7,TENDER,1,6034.18,TENDER,2024-12-28T13:26:01,S01,20241228
S01/20241228/00005,1,P102014,1,261.84,SALE,2024-12-28T11:39:24,S01,20241228
S01/20241228/00005,2,P103712,2,481.86,SALE,2024-12-28T11:39:24,S01,20241228
S01/20241228/00005,3,P104168,1,512.27,SALE,2024-12-28T11:39:24,S01,20241228
S01/20241228/00005,4,P106506,2,125.80,SALE,2024-12-28T11:39:24,S01,20241228
S01/20241228/00005,5,P101961,2,767.84,SALE,2024-12-28T11:39:24,S01,20241228
S01/20241228/00005,6,TAX,1,510.10,TAX,2024-12-28T11:39:24,S01,20241228
S01/20241228/00005,7,TENDER,1,4035.21,TENDER,2024-12-28T11:39:24,S01,20241228
S01/20241228/00006,1,P105562,2,422.85,SALE,2024-12-28T17:20:30,S01,20241228
S01/20241228/00006,2,P106323,2,218.99,SALE,2024-12-28T17:20:30,S01,20241228
S01/20241228/00006,3,P100403,1,71.79,SALE,2024-12-28T17:20:30,S01,20241228
S01/20241228/00006,4,P100549,2,320.43,SALE,2024-12-28T17:20:30,S01,20241228
S01/20241228/00006,5,TAX,1,259.64,TAX,2024-12-28T17:20:30,S01,20241228
S01/20241228/00006,6,TENDER,1,2255.97,TENDER,2024-12-28T17:20:30,S01,20241228
S01/20241228/00007,1,P108008,2,128.46,SALE,2024-12-28T16:15:45,S01,20241228
S01/20241228/00007,2,P106282,5,448.43,SALE,2024-12-28T16:15:45,S01,20241228
S01/20241228/00007,3,P104023,3,630.48,SALE,2024-12-28T16:15:45,S01,20241228
S01/20241228/00007,4,P103584,2,402.02,SALE,2024-12-28T16:15:45,S01,20241228
S01/20241228/00007,5,P107346,3,449.29,SALE,2024-12-28T16:15:45,S01,20241228
S01/20241228/00007,6,P103645,3,285.25,SALE,2024-12-28T16:15:45,S01,20241228
S01/20241228/00007,7,P104334,1,294.34,SALE,2024-12-28T16:15:45,S01,20241228
S01/20241228/00007,8,TAX,1,771.24,TAX,2024-12-28T16:15:45,S01,20241228
S01/20241228/00007,9,TENDER,1,8463.75,TENDER,2024-12-28T16:15:45,S01,20241228
S01/20241228/00008,1,P100819,2,1109.59,SALE,2024-12-28T15:18:49,S01,20241228
S01/20241228/00008,2,P106948,1,209.81,SALE,2024-12-28T15:18:49,S01,20241228
S01/20241228/00008,3,DISC,1,-64.77,DISCOUNT,2024-12-28T15:18:49,S01,20241228
S01/20241228/00008,4,TAX,1,10.21,TAX,2024-12-28T15:18:49,S01,20241228
S01/20241228/00008,5,TENDER,1,2374.43,TENDER,2024-12-28T15:18:49,S01,20241228
S01/20241228/00009,1,P108001,2,96.97,SALE,2024-12-28T17:21:06,S01,20241228
S01/20241228/00009,2,P107966,2,391.71,SALE,2024-12-28T17:21:06,S01,20241228
S01/20241228/00009,3,P100967,1,969.23,SALE,2024-12-28T17:21:06,S01,20241228
S01/20241228/00009,4,P104800,3,692.51,SALE,2024-12-28T17:21:06,S01,20241228
S01/20241228/00009,5,P104257,3,42.95,SALE,2024-12-28T17:21:06,S01,20241228
S01/20241228/00009,6,TAX,1,372.05,TAX,2024-12-28T17:21:06,S01,20241228
S01/20241228/00009,7,TENDER,1,4525.02,TENDER,2024-12-28T17:21:06,S01,20241228
S01/20241228/00010,1,P101258,2,216.42,SALE,2024-12-28T23:32:25,S01,20241228
S01/20241228/00010,2,P107880,2,347.04,SALE,2024-12-28T23:32:25,S01,20241228
S01/20241228/00010,3,P107784,3,245.59,SALE,2024-12-28T23:32:25,S01,20241228
S01/20241228/00010,4,TAX,1,201.03,TAX,2024-12-28T23:32:25,S01,20241228
S01/20241228/00010,5,TENDER,1,2064.72,TENDER,2024-12-28T23:32:25,S01,20241228
S01/20241228/00011,1,P102779,3,25.62,SALE,2024-12-28T17:32:00,S01,20241228
S01/20241228/00011,2,P100658,3,50.53,SALE,2024-12-28T17:32:00,S01,20241228
S01/20241228/00011,3,P108131,2,627.37,SALE,2024-12-28T17:32:00,S01,20241228
S01/20241228/00011,4,P106735,3,320.99,SALE,2024-12-28T17:32:00,S01,20241228
S01/20241228/00011,5,P100840,3,248.08,SALE,2024-12-28T17:32:00,S01,20241228
S01/20241228/00011,6,P105624,1,380.06,SALE,2024-12-28T17:32:00,S01,20241228
S01/20241228/00011,7,P104334,1,294.34,SALE,2024-12-28T17:32:00,S01,20241228
S01/20241228/00011,8,TAX,1,412.98,TAX,2024-12-28T17:32:00,S01,20241228
S01/20241228/00011,9,TENDER,1,4277.78,TENDER,2024-12-28T17:32:00,S01,20241228
S01/20241228/00012,1,P102202,3,194.70,SALE,2024-12-28T14:59:20,S01,20241228
S01/20241228/00012,2,P100840,2,248.08,SALE,2024-12-28T14:59:20,S01,20241228
S01/20241228/00012,3,TAX,1,194.45,TAX,2024-12-28T14:59:20,S01,20241228
S01/20241228/00012,4,TENDER,1,1274.71,TENDER,2024-12-28T14:59:20,S01,20241228
S01/20241228/00013,1,P103159,3,1193.28,SALE,2024-12-28T12:15:49,S01,20241228
S01/20241228/00013,2,P106984,3,28.34,SALE,2024-12-28T12:15:49,S01,20241228
S01/20241228/00013,3,P101547,1,66.03,SALE,2024-12-28T12:15:49,S01,20241228
S01/20241228/00013,4,P103137,2,218.09,SALE,2024-12-28T12:15:49,S01,20241228
S01/20241228/00013,5,P104011,1,657.72,SALE,2024-12-28T12:15:49,S01,20241228
S01/20241228/00013,6,TAX,1,92.78,TAX,2024-12-28T12:15:49,S01,20241228
S01/20241228/00013,7,TENDER,1,4917.57,TENDER,2024-12-28T12:15:49,S01,20241228
S01/20241228/00014,1,P105260,5,72.61,SALE,2024-12-28T13:59:01,S01,20241228
S01/20241228/00014,2,P102835,3,101.19,SALE,2024-12-28T13:59:01,S01,20241228
S01/20241228/00014,3,P105384,1,315.25,SALE,2024-12-28T13:59:01,S01,20241228
S01/20241228/00014,4,P105937,2,259.08,SALE,2024-12-28T13:59:01,S01,20241228
S01/20241228/00014,5,P105083,2,245.38,SALE,2024-12-28T13:59:01,S01,20241228
S01/20241228/00014,6,TAX,1,299.43,TAX,2024-12-28T13:59:01,S01,20241228
S01/20241228/00014,7,TENDER,1,2290.22,TENDER,2024-12-28T13:59:01,S01,20241228
S01/20241228/00015,1,P103934,1,284.79,SALE,2024-12-28T18:23:31,S01,20241228
S01/20241228/00015,2,P102042,3,151.18,SALE,2024-12-28T18:23:31,S01,20241228
S01/20241228/00015,3,P103294,3,64.07,SALE,2024-12-28T18:23:31,S01,20241228
S01/20241228/00015,4,P107743,4,197.87,SALE,2024-12-28T18:23:31,S01,20241228
S01/20241228/00015,5,TAX,1,210.28,TAX,2024-12-28T18:23:31,S01,20241228
S01/20241228/00015,6,TENDER,1,1932.30,TENDER,2024-12-28T18:23:31,S01,20241228
S01/20241228/00016,1,P101052,2,212.18,SALE,2024-12-28T14:20:30,S01,20241228
S01/20241228/00016,2,P108326,1,472.80,SALE,2024-12-28T14:20:30,S01,20241228
S01/20241228/00016,3,P100406,1,435.20,SALE,2024-12-28T14:20:30,S01,20241228
S01/20241228/00016,4,TAX,1,154.88,TAX,2024-12-28T14:20:30,S01,20241228
S01/20241228/00016,5,TENDER,1,1487.24,TENDER,2024-12-28T14:20:30,S01,20241228
S01/20241228/00017,1,P107362,1,75.90,SALE,2024-12-28T12:52:15,S01,20241228
S01/20241228/00017,2,P106158,1,507.58,SALE,2024-12-28T12:52:15,S01,20241228
S01/20241228/00017,3,P101592,2,295.58,SALE,2024-12-28T12:52:15,S01,20241228
S01/20241228/00017,4,TAX,1,145.45,TAX,2024-12-28T12:52:15,S01,20241228
S01/20241228/00017,5,TENDER,1,1320.09,TENDER,2024-12-28T12:52:15,S01,20241228
S01/20241228/00018,1,P107100,3,200.76,SALE,2024-12-28T18:51:49,S01,20241228
S01/20241228/00018,2,P102364,5,104.57,SALE,2024-12-28T18:51:49,S01,20241228
S01/20241228/00018,3,P105345,1,335.85,SALE,2024-12-28T18:51:49,S01,20241228
S01/20241228/00018,4,DISC,1,-140.56,DISCOUNT,2024-12-28T18:51:49,S01,20241228
S01/20241228/00018,5,TAX,1,165.56,TAX,2024-12-28T18:51:49,S01,20241228
S01/20241228/00018,6,TENDER,1,1485.98,TENDER,2024-12-28T18:51:49,S01,20241228
S01/20241228/00019,1,P102091,3,87.97,SALE,2024-12-28T15:11:01,S01,20241228
S01/20241228/00019,2,P105209,4,399.92,SALE,2024-12-28T15:11:01,S01,20241228
S01/20241228/00019,3,P105030,1,224.07,SALE,2024-12-28T15:11:01,S01,20241228
S01/20241228/00019,4,TAX,1,328.28,TAX,2024-12-28T15:11:01,S01,20241228
S01/20241228/00019,5,TENDER,1,2415.94,TENDER,2024-12-28T15:11:01,S01,20241228
S01/20241228/00020,1,P102436,1,243.03,SALE,2024-12-28T13:58:31,S01,20241228
S01/20241228/00020,2,P103575,2,54.47,SALE,2024-12-28T13:58:31,S01,20241228
S01/20241228/00020,3,P104042,2,365.03,SALE,2024-12-28T13:58:31,S01,20241228
S01/20241228/00020,4,P100869,3,62.15,SALE,2024-12-28T13:58:31,S01,20241228
S01/20241228/00020,5,TAX,1,159.17,TAX,2024-12-28T13:58:31,S01,20241228
S01/20241228/00020,6,TENDER,1,1427.65,TENDER,2024-12-28T13:58:31,S01,20241228
S01/20241228/00021,1,P101384,2,42.99,SALE,2024-12-28T11:46:00,S01,20241228
S01/20241228/00021,2,P101023,3,213.62,SALE,2024-12-28T11:46:00,S01,20241228
S01/20241228/00021,3,P102193,3,343.13,SALE,2024-12-28T11:46:00,S01,20241228
S01/20241228/00021,4,P101722,4,1460.17,SALE,2024-12-28T11:46:00,S01,20241228
S01/20241228/00021,5,P103340,1,537.50,SALE,2024-12-28T11:46:00,S01,20241228
S01/20241228/00021,6,TAX,1,610.42,TAX,2024-12-28T11:46:00,S01,20241228
S01/20241228/00021,7,TENDER,1,8744.83,TENDER,2024-12-28T11:46:00,S01,20241228
S01/20241228/00022,1,P103777,1,44.82,SALE,2024-12-28T12:07:51,S01,20241228
S01/20241228/00022,2,P102954,1,129.98,SALE,2024-12-28T12:07:51,S01,20241228
S01/20241228/00022,3,P106891,2,707.06,SALE,2024-12-28T12:07:51,S01,20241228
S01/20241228/00022,4,P106115,1,128.36,SALE,2024-12-28T12:07:51,S01,20241228
S01/20241228/00022,5,P104389,2,169.98,SALE,2024-12-28T12:07:51,S01,20241228
S01/20241228/00022,6,TAX,1,172.84,TAX,2024-12-28T12:07:51,S01,20241228
S01/20241228/00022,7,TENDER,1,2230.08,TENDER,2024-12-28T12:07:51,S01,20241228
S01/20241228/00023,1,P104175,1,814.13,SALE,2024-12-28T13:45:04,S01,20241228
S01/20241228/00023,2,P105198,2,15.39,SALE,2024-12-28T13:45:04,S01,20241228
S01/20241228/00023,3,P104854,2,35.80,SALE,2024-12-28T13:45:04,S01,20241228
S01/20241228/00023,4,P104097,1,330.82,SALE,2024-12-28T13:45:04,S01,20241228
S01/20241228/00023,5,P106209,3,199.51,SALE,2024-12-28T13:45:04,S01,20241228
S01/20241228/00023,6,TAX,1,115.22,TAX,2024-12-28T13:45:04,S01,20241228
S01/20241228/00023,7,TENDER,1,1961.08,TENDER,2024-12-28T13:45:04,S01,20241228
S01/20241228/00024,1,P103054,3,145.96,SALE,2024-12-28T12:38:47,S01,20241228
S01/20241228/00024,2,P102593,2,92.93,SALE,2024-12-28T12:38:47,S01,20241228
S01/20241228/00024,3,P103792,2,25.06,SALE,2024-12-28T12:38:47,S01,20241228
S01/20241228/00024,4,P107266,1,71.89,SALE,2024-12-28T12:38:47,S01,20241228
S01/20241228/00024,5,P100889,2,1028.39,SALE,2024-12-28T12:38:47,S01,20241228
S01/20241228/00024,6,TAX,1,142.39,TAX,2024-12-28T12:38:47,S01,20241228
S01/20241228/00024,7,TENDER,1,2944.92,TENDER,2024-12-28T12:38:47,S01,20241228
S01/20241228/00025,1,P104497,2,229.16,SALE,2024-12-28T11:47:05,S01,20241228
S01/20241228/00025,2,P107605,1,1129.73,SALE,2024-12-28T11:47:05,S01,20241228
S01/20241228/00025,3,P102744,1,98.75,SALE,2024-12-28T11:47:05,S01,20241228
S01/20241228/00025,4,P102502,3,408.64,SALE,2024-12-28T11:47:05,S01,20241228
S01/20241228/00025,5,TAX,1,384.09,TAX,2024-12-28T11:47:05,S01,20241228
S01/20241228/00025,6,TENDER,1,3296.81,TENDER,2024-12-28T11:47:05,S01,20241228
S01/20241228/00026,1,P104891,4,757.22,SALE,2024-12-28T18:16:51,S01,20241228
S01/20241228/00026,2,P105707,1,130.64,SALE,2024-12-28T18:16:51,S01,20241228
S01/20241228/00026,3,P100985,1,327.15,SALE,2024-12-28T18:16:51,S01,20241228
S01/20241228/00026,4,P104688,2,178.09,SALE,2024-12-28T18:16:51,S01,20241228
S01/20241228/00026,5,P105677,2,109.29,SALE,2024-12-28T18:16:51,S01,20241228
S01/20241228/00026,6,P106310,3,462.03,SALE,2024-12-28T18:16:51,S01,20241228
S01/20241228/00026,7,P107149,2,145.83,SALE,2024-12-28T18:16:51,S01,20241228
S01/20241228/00026,8,TAX,1,797.18,TAX,2024-12-28T18:16:51,S01,20241228
S01/20241228/00026,9,TENDER,1,6536.36,TENDER,2024-12-28T18:16:51,S01,20241228
S01/20241228/00027,1,P105997,1,124.60,SALE,2024-12-28T16:57:13,S01,20241228
S01/20241228/00027,2,P106907,5,321.26,SALE,2024-12-28T16:57:13,S01,20241228
S01/20241228/00027,3,P102485,1,208.13,SALE,2024-12-28T16:57:13,S01,20241228
S01/20241228/00027,4,P105614,2,652.27,SALE,2024-12-28T16:57:13,S01,20241228
S01/20241228/00027,5,TAX,1,251.45,TAX,2024-12-28T16:57:13,S01,20241228
S01/20241228/00027,6,TENDER,1,3495.02,TENDER,2024-12-28T16:57:13,S01,20241228
S01/20241228/00028,1,P104916,1,340.18,SALE,2024-12-28T22:36:44,S01,20241228
S01/20241228/00028,2,P106848,2,17.39,SALE,2024-12-28T22:36:44,S01,20241228
S01/20241228/00028,3,P103575,2,54.47,SALE,2024-12-28T22:36:44,S01,20241228
S01/20241228/00028,4,P101095,3,205.38,SALE,2024-12-28T22:36:44,S01,20241228
S01/20241228/00028,5,TAX,1,66.68,TAX,2024-12-28T22:36:44,S01,20241228
S01/20241228/00028,6,TENDER,1,1166.72,TENDER,2024-12-28T22:36:44,S01,20241228
S01/20241228/00029,1,P105302,1,281.37,SALE,2024-12-28T21:09:21,S01,20241228
S01/20241228/00029,2,P100121,2,113.08,SALE,2024-12-28T21:09:21,S01,20241228
S01/20241228/00029,3,P104827,3,185.87,SALE,2024-12-28T21:09:21,S01,20241228
S01/20241228/00029,4,P106813,1,257.87,SALE,2024-12-28T21:09:21,S01,20241228
S01/20241228/00029,5,P107795,2,284.47,SALE,2024-12-28T21:09:21,S01,20241228
S01/20241228/00029,6,P105219,1,763.15,SALE,2024-12-28T21:09:21,S01,20241228
S01/20241228/00029,7,P104316,3,489.63,SALE,2024-12-28T21:09:21,S01,20241228
S01/20241228/00029,8,TAX,1,526.36,TAX,2024-12-28T21:09:21,S01,20241228
S01/20241228/00029,9,TENDER,1,4650.35,TENDER,2024-12-28T21:09:21,S01,20241228
S01/20241228/00030,1,P103487,2,361.14,SALE,2024-12-28T07:06:17,S01,20241228
S01/20241228/00030,2,P101851,2,1750.29,SALE,2024-12-28T07:06:17,S01,20241228
S01/20241228/00030,3,P103986,1,495.05,SALE,2024-12-28T07:06:17,S01,20241228
S01/20241228/00030,4,P100164,1,594.91,SALE,2024-12-28T07:06:17,S01,20241228
S01/20241228/00030,5,P101428,3,431.72,SALE,2024-12-28T07:06:17,S01,20241228
S01/20241228/00030,6,P103328,2,228.35,SALE,2024-12-28T07:06:17,S01,20241228
S01/20241228/00030,7,P101789,2,391.48,SALE,2024-12-28T07:06:17,S01,20241228
S01/20241228/00030,8,P105100,2,270.01,SALE,2024-12-28T07:06:17,S01,20241228
S01/20241228/00030,9,TAX,1,734.55,TAX,2024-12-28T07:06:17,S01,20241228
S01/20241228/00030,10,TENDER,1,9122.21,TENDER,2024-12-28T07:06:17,S01,20241228
S01/20241228/00031,1,P101813,3,273.64,SALE,2024-12-28T11:53:17,S01,20241228
S01/20241228/00031,2,P101634,1,25.05,SALE,2024-12-28T11:53:17,S01,20241228
S01/20241228/00031,3,P103958,1,32.46,SALE,2024-12-28T11:53:17,S01,20241228
S01/20241228/00031,4,P105614,2,652.27,SALE,2024-12-28T11:53:17,S01,20241228
S01/20241228/00031,5,P100394,3,320.36,SALE,2024-12-28T11:53:17,S01,20241228
S01/20241228/00031,6,P104891,1,757.22,SALE,2024-12-28T11:53:17,S01,20241228
S01/20241228/00031,7,TAX,1,451.37,TAX,2024-12-28T11:53:17,S01,20241228
S01/20241228/00031,8,TENDER,1,4352.64,TENDER,2024-12-28T11:53:17,S01,20241228
S01/20241228/00032,1,P105729,3,75.27,SALE,2024-12-28T16:40:42,S01,20241228
S01/20241228/00032,2,P101393,2,36.64,SALE,2024-12-28T16:40:42,S01,20241228
S01/20241228/00032,3,P104294,2,115.73,SALE,2024-12-28T16:40:42,S01,20241228
S01/20241228/00032,4,P100156,2,1528.63,SALE,2024-12-28T16:40:42,S01,20241228
S01/20241228/00032,5,P107053,2,457.07,SALE,2024-12-28T16:40:42,S01,20241228
S01/20241228/00032,6,TAX,1,117.79,TAX,2024-12-28T16:40:42,S01,20241228
S01/20241228/00032,7,TENDER,1,4619.74,TENDER,2024-12-28T16:40:42,S01,20241228
S01/20241228/00033,1,P106415,4,911.99,SALE,2024-12-28T15:06:41,S01,20241228
S01/20241228/00033,2,P104593,3,867.34,SALE,2024-12-28T15:06:41,S01,20241228
S01/20241228/00033,3,P101004,2,357.75,SALE,2024-12-28T15:06:41,S01,20241228
S01/20241228/00033,4,P105307,2,818.25,SALE,2024-12-28T15:06:41,S01,20241228
S01/20241228/00033,5,TAX,1,867.60,TAX,2024-12-28T15:06:41,S01,20241228
S01/20241228/00033,6,TENDER,1,9469.58,TENDER,2024-12-28T15:06:41,S01,20241228
S01/20241228/00034,1,P100019,3,74.65,SALE,2024-12-28T11:50:29,S01,20241228
S01/20241228/00034,2,P106934,2,1604.94,SALE,2024-12-28T11:50:29,S01,20241228
S01/20241228/00034,3,P107435,2,636.54,SALE,2024-12-28T11:50:29,S01,20241228
S01/20241228/00034,4,P102207,2,342.36,SALE,2024-12-28T11:50:29,S01,20241228
S01/20241228/00034,5,P105180,3,102.63,SALE,2024-12-28T11:50:29,S01,20241228
S01/20241228/00034,6,TAX,1,407.05,TAX,2024-12-28T11:50:29,S01,20241228
S01/20241228/00034,7,TENDER,1,6106.57,TENDER,2024-12-28T11:50:29,S01,20241228
S01/20241228/00035,1,P107822,1,69.77,SALE,2024-12-28T10:00:12,S01,20241228
S01/20241228/00035,2,P105075,3,49.58,SALE,2024-12-28T10:00:12,S01,20241228
S01/20241228/00035,3,P100582,5,170.67,SALE,2024-12-28T10:00:12,S01,20241228
S01/20241228/00035,4,TAX,1,192.93,TAX,2024-12-28T10:00:12,S01,20241228
S01/20241228/00035,5,TENDER,1,1264.79,TENDER,2024-12-28T10:00:12,S01,20241228
S01/20241228/00036,1,P100879,2,159.99,SALE,2024-12-28T17:50:27,S01,20241228
S01/20241228/00036,2,TAX,1,0.00,TAX,2024-12-28T17:50:27,S01,20241228
S01/20241228/00036,3,TENDER,1,319.98,TENDER,2024-12-28T17:50:27,S01,20241228
S01/20241228/00037,1,P102566,2,414.37,SALE,2024-12-28T13:32:46,S01,20241228
S01/20241228/00037,2,P108032,3,648.04,SALE,2024-12-28T13:32:46,S01,20241228
S01/20241228/00037,3,P106550,2,29.54,SALE,2024-12-28T13:32:46,S01,20241228
S01/20241228/00037,4,P103283,2,166.64,SALE,2024-12-28T13:32:46,S01,20241228
S01/20241228/00037,5,P104219,2,249.74,SALE,2024-12-28T13:32:46,S01,20241228
S01/20241228/00037,6,P104351,2,1128.29,SALE,2024-12-28T13:32:46,S01,20241228
S01/20241228/00037,7,P103465,2,32.05,SALE,2024-12-28T13:32:46,S01,20241228
S01/20241228/00037,8,TAX,1,486.33,TAX,2024-12-28T13:32:46,S01,20241228
S01/20241228/00037,9,TENDER,1,6471.71,TENDER,2024-12-28T13:32:46,S01,20241228
S01/20241228/00038,1,P105136,1,158.61,SALE,2024-12-28T14:27:41,S01,20241228
S01/20241228/00038,2,P107996,2,224.54,SALE,2024-12-28T14:27:41,S01,20241228
S01/20241228/00038,3,P103680,1,210.26,SALE,2024-12-28T14:27:41,S01,20241228
S01/20241228/00038,4,P107381,2,195.99,SALE,2024-12-28T14:27:41,S01,20241228
S01/20241228/00038,5,DISC,1,-30.67,DISCOUNT,2024-12-28T14:27:41,S01,20241228
S01/20241228/00038,6,TAX,1,67.73,TAX,2024-12-28T14:27:41,S01,20241228
S01/20241228/00038,7,TENDER,1,1246.99,TENDER,2024-12-28T14:27:41,S01,20241228
S01/20241228/00039,1,P104155,2,144.69,SALE,2024-12-28T16:14:35,S01,20241228
S01/20241228/00039,2,P106059,1,313.87,SALE,2024-12-28T16:14:35,S01,20241228
S01/20241228/00039,3,P102857,1,116.85,SALE,2024-12-28T16:14:35,S01,20241228
S01/20241228/00039,4,P106553,3,139.74,SALE,2024-12-28T16:14:35,S01,20241228
S01/20241228/00039,5,TAX,1,152.99,TAX,2024-12-28T16:14:35,S01,20241228
S01/20241228/00039,6,TENDER,1,1292.31,TENDER,2024-12-28T16:14:35,S01,20241228
S01/20241228/00040,1,P106158,6,507.58,SALE,2024-12-28T11:24:43,S01,20241228
S01/20241228/00040,2,P103575,2,54.47,SALE,2024-12-28T11:24:43,S01,20241228
S01/20241228/00040,3,P104175,5,814.13,SALE,2024-12-28T11:24:43,S01,20241228
S01/20241228/00040,4,TAX,1,157.72,TAX,2024-12-28T11:24:43,S01,20241228
S01/20241228/00040,5,TENDER,1,7382.79,TENDER,2024-12-28T11:24:43,S01,20241228
S01/20241228/00041,1,P105009,3,65.38,SALE,2024-12-28T18:41:40,S01,20241228
S01/20241228/00041,2,P107053,2,457.07,SALE,2024-12-28T18:41:40,S01,20241228
S01/20241228/00041,3,P101428,2,431.72,SALE,2024-12-28T18:41:40,S01,20241228
S01/20241228/00041,4,P106191,3,1230.97,SALE,2024-12-28T18:41:40,S01,20241228
S01/20241228/00041,5,P100519,3,365.61,SALE,2024-12-28T18:41:40,S01,20241228
S01/20241228/00041,6,TAX,1,368.05,TAX,2024-12-28T18:41:40,S01,20241228
S01/20241228/00041,7,TENDER,1,7131.51,TENDER,2024-12-28T18:41:40,S01,20241228
S01/20241228/00042,1,P103637,2,338.13,SALE,2024-12-28T15:22:22,S01,20241228
S01/20241228/00042,2,P103231,3,241.80,SALE,2024-12-28T15:22:22,S01,20241228
S01/20241228/00042,3,P100183,3,1466.16,SALE,2024-12-28T15:22:22,S01,20241228
S01/20241228/00042,4,P100781,3,654.99,SALE,2024-12-28T15:22:22,S01,20241228
S01/20241228/00042,5,P102821,1,1314.43,SALE,2024-12-28T15:22:22,S01,20241228
S01/20241228/00042,6,DISC,1,-597.33,DISCOUNT,2024-12-28T15:22:22,S01,20241228
S01/20241228/00042,7,TAX,1,971.12,TAX,2024-12-28T15:22:22,S01,20241228
S01/20241228/00042,8,TENDER,1,9453.33,TENDER,2024-12-28T15:22:22,S01,20241228
S01/20241228/00043,1,P102903,1,51.46,SALE,2024-12-28T18:00:26,S01,20241228
S01/20241228/00043,2,P107705,2,763.24,SALE,2024-12-28T18:00:26,S01,20241228
S01/20241228/00043,3,P108200,1,333.41,SALE,2024-12-28T18:00:26,S01,20241228
S01/20241228/00043,4,P101454,2,148.61,SALE,2024-12-28T18:00:26,S01,20241228
S01/20241228/00043,5,P103999,4,120.61,SALE,2024-12-28T18:00:26,S01,20241228
S01/20241228/00043,6,P108159,3,488.81,SALE,2024-12-28T18:00:26,S01,20241228
S01/20241228/00043,7,P107012,2,109.16,SALE,2024-12-28T18:00:26,S01,20241228
S01/20241228/00043,8,P104194,2,119.04,SALE,2024-12-28T18:00:26,S01,20241228
S01/20241228/00043,9,P100156,4,1528.63,SALE,2024-12-28T18:00:26,S01,20241228
S01/20241228/00043,10,TAX,1,346.01,TAX,2024-12-28T18:00:26,S01,20241228
S01/20241228/00043,11,TENDER,1,11074.37,TENDER,2024-12-28T18:00:26,S01,20241228
S01/20241228/00044,1,P106522,2,203.79,SALE,2024-12-28T15:57:10,S01,20241228
S01/20241228/00044,2,P105230,1,123.72,SALE,2024-12-28T15:57:10,S01,20241228
S01/20241228/00044,3,P102255,1,167.76,SALE,2024-12-28T15:57:10,S01,20241228
S01/20241228/00044,4,TAX,1,35.23,TAX,2024-12-28T15:57:10,S01,20241228
S01/20241228/00044,5,TENDER,1,734.29,TENDER,2024-12-28T15:57:10,S01,20241228
S01/20241228/00045,1,P100375,3,163.45,SALE,2024-12-28T14:58:27,S01,20241228
S01/20241228/00045,2,P105845,2,121.94,SALE,2024-12-28T14:58:27,S01,20241228
S01/20241228/00045,3,P103283,2,166.64,SALE,2024-12-28T14:58:27,S01,20241228
S01/20241228/00045,4,P104417,2,332.65,SALE,2024-12-28T14:58:27,S01,20241228
S01/20241228/00045,5,P100026,2,315.91,SALE,2024-12-28T14:58:27,S01,20241228
S01/20241228/00045,6,P101825,1,183.68,SALE,2024-12-28T14:58:27,S01,20241228
S01/20241228/00045,7,TAX,1,205.69,TAX,2024-12-28T14:58:27,S01,20241228
S01/20241228/00045,8,TENDER,1,2754.00,TENDER,2024-12-28T14:58:27,S01,20241228
S01/20241228/00046,1,P100131,2,667.83,SALE,2024-12-28T10:14:21,S01,20241228
S01/20241228/00046,2,P105351,2,109.14,SALE,2024-12-28T10:14:21,S01,20241228
S01/20241228/00046,3,P102735,3,534.08,SALE,2024-12-28T10:14:21,S01,20241228
S01/20241228/00046,4,P107414,1,565.57,SALE,2024-12-28T10:14:21,S01,20241228
S01/20241228/00046,5,P106669,2,102.72,SALE,2024-12-28T10:14:21,S01,20241228
S01/20241228/00046,6,P107925,2,992.11,SALE,2024-12-28T10:14:21,S01,20241228
S01/20241228/00046,7,TAX,1,625.73,TAX,2024-12-28T10:14:21,S01,20241228
S01/20241228/00046,8,TENDER,1,6537.14,TENDER,2024-12-28T10:14:21,S01,20241228
S01/20241228/00047,1,P107589,3,257.75,SALE,2024-12-28T09:22:49,S01,20241228
S01/20241228/00047,2,P102510,2,37.13,SALE,2024-12-28T09:22:49,S01,20241228
S01/20241228/00047,3,P105294,3,143.55,SALE,2024-12-28T09:22:49,S01,20241228
S01/20241228/00047,4,P106501,2,164.07,SALE,2024-12-28T09:22:49,S01,20241228
S01/20241228/00047,5,P106297,1,169.05,SALE,2024-12-28T09:22:49,S01,20241228
S01/20241228/00047,6,TAX,1,315.11,TAX,2024-12-28T09:22:49,S01,20241228
S01/20241228/00047,7,TENDER,1,2090.46,TENDER,2024-12-28T09:22:49,S01,20241228
S01/20241228/00048,1,P105272,2,351.65,SALE,2024-12-28T21:17:23,S01,20241228
S01/20241228/00048,2,P102626,1,416.91,SALE,2024-12-28T21:17:23,S01,20241228
S01/20241228/00048,3,P101779,1,209.76,SALE,2024-12-28T21:17:23,S01,20241228
S01/20241228/00048,4,P103281,3,172.43,SALE,2024-12-28T21:17:23,S01,20241228
S01/20241228/00048,5,TAX,1,238.03,TAX,2024-12-28T21:17:23,S01,20241228
S01/20241228/00048,6,TENDER,1,2085.29,TENDER,2024-12-28T21:17:23,S01,20241228
S01/20241228/00049,1,P105980,2,288.70,SALE,2024-12-28T12:36:17,S01,20241228
S01/20241228/00049,2,P102947,3,59.21,SALE,2024-12-28T12:36:17,S01,20241228
S01/20241228/00049,3,P107012,1,109.16,SALE,2024-12-28T12:36:17,S01,20241228
S01/20241228/00049,4,DISC,1,-83.65,DISCOUNT,2024-12-28T12:36:17,S01,20241228
S01/20241228/00049,5,TAX,1,67.51,TAX,2024-12-28T12:36:17,S01,20241228
S01/20241228/00049,6,TENDER,1,848.05,TENDER,2024-12-28T12:36:17,S01,20241228
S01/20241228/00050,1,P101859,2,66.16,SALE,2024-12-28T18:37:58,S01,20241228
S01/20241228/00050,2,P105268,2,300.66,SALE,2024-12-28T18:37:58,S01,20241228
S01/20241228/00050,3,P100095,2,100.57,SALE,2024-12-28T18:37:58,S01,20241228
S01/20241228/00050,4,P107215,3,153.85,SALE,2024-12-28T18:37:58,S01,20241228
S01/20241228/00050,5,P103637,3,338.13,SALE,2024-12-28T18:37:58,S01,20241228
S01/20241228/00050,6,P100864,3,208.63,SALE,2024-12-28T18:37:58,S01,20241228
S01/20241228/00050,7,P104417,3,352.61,SALE,2024-12-28T18:37:58,S01,20241228
S01/20241228/00050,8,TAX,1,611.75,TAX,2024-12-28T18:37:58,S01,20241228
S01/20241228/00050,9,TENDER,1,4706.19,TENDER,2024-12-28T18:37:58,S01,20241228
S01/20241228/00051,1,P104294,1,115.73,SALE,2024-12-28T14:52:06,S01,20241228
S01/20241228/00051,2,P104358,3,1243.57,SALE,2024-12-28T14:52:06,S01,20241228
S01/20241228/00051,3,P101389,2,430.39,SALE,2024-12-28T14:52:06,S01,20241228
S01/20241228/00051,4,P101690,1,1044.81,SALE,2024-12-28T14:52:06,S01,20241228
S01/20241228/00051,5,TAX,1,668.75,TAX,2024-12-28T14:52:06,S01,20241228
S01/20241228/00051,6,TENDER,1,6420.78,TENDER,2024-12-28T14:52:06,S01,20241228
S01/20241228/00052,1,P103074,3,52.85,SALE,2024-12-28T12:16:13,S01,20241228
S01/20241228/00052,2,P106934,2,1604.94,SALE,2024-12-28T12:16:13,S01,20241228
S01/20241228/00052,3,P104902,2,516.78,SALE,2024-12-28T12:16:13,S01,20241228
S01/20241228/00052,4,P101622,1,272.35,SALE,2024-12-28T12:16:13,S01,20241228
S01/20241228/00052,5,P103155,2,270.20,SALE,2024-12-28T12:16:13,S01,20241228
S01/20241228/00052,6,P104194,1,119.04,SALE,2024-12-28T12:16:13,S01,20241228
S01/20241228/00052,7,TAX,1,346.90,TAX,2024-12-28T12:16:13,S01,20241228
S01/20241228/00052,8,TENDER,1,5680.68,TENDER,2024-12-28T12:16:13,S01,20241228
S01/20241228/00053,1,P104579,2,67.48,SALE,2024-12-28T13:15:12,S01,20241228
S01/20241228/00053,2,P108050,3,1166.49,SALE,2024-12-28T13:15:12,S01,20241228
S01/20241228/00053,3,P108179,5,307.53,SALE,2024-12-28T13:15:12,S01,20241228
S01/20241228/00053,4,TAX,1,359.49,TAX,2024-12-28T13:15:12,S01,20241228
S01/20241228/00053,5,TENDER,1,5531.57,TENDER,2024-12-28T13:15:12,S01,20241228
S01/20241228/00054,1,P106731,1,153.24,SALE,2024-12-28T20:58:34,S01,20241228
S01/20241228/00054,2,P105713,2,345.36,SALE,2024-12-28T20:58:34,S01,20241228
S01/20241228/00054,3,P106735,1,320.99,SALE,2024-12-28T20:58:34,S01,20241228
S01/20241228/00054,4,P100904,1,68.79,SALE,2024-12-28T20:58:34,S01,20241228
S01/20241228/00054,5,TAX,1,104.70,TAX,2024-12-28T20:58:34,S01,20241228
S01/20241228/00054,6,TENDER,1,1338.44,TENDER,2024-12-28T20:58:34,S01,20241228
S01/20241228/00055,1,P101656,1,324.95,SALE,2024-12-28T16:55:53,S01,20241228
S01/20241228/00055,2,P105965,1,66.08,SALE,2024-12-28T16:55:53,S01,20241228
S01/20241228/00055,3,P104842,1,352.80,SALE,2024-12-28T16:55:53,S01,20241228
S01/20241228/00055,4,P107053,1,457.07,SALE,2024-12-28T16:55:53,S01,20241228
S01/20241228/00055,5,P103777,1,44.82,SALE,2024-12-28T16:55:53,S01,20241228
S01/20241228/00055,6,TAX,1,109.73,TAX,2024-12-28T16:55:53,S01,20241228
S01/20241228/00055,7,TENDER,1,1355.45,TENDER,2024-12-28T16:55:53,S01,20241228
S01/20241228/00056,1,P104526,3,363.05,SALE,2024-12-28T15:24:42,S01,20241228
S01/20241228/00056,2,P101174,1,57.43,SALE,2024-12-28T15:24:42,S01,20241228
S01/20241228/00056,3,P102160,4,221.62,SALE,2024-12-28T15:24:42,S01,20241228
S01/20241228/00056,4,TAX,1,163.71,TAX,2024-12-28T15:24:42,S01,20241228
S01/20241228/00056,5,TENDER,1,2196.77,TENDER,2024-12-28T15:24:42,S01,20241228
S01/20241228/00057,1,P102788,3,920.26,SALE,2024-12-28T15:56:24,S01,20241228
S01/20241228/00057,2,P107026,1,69.10,SALE,2024-12-28T15:56:24,S01,20241228
S01/20241228/00057,3,P100112,2,95.15,SALE,2024-12-28T15:56:24,S01,20241228
S01/20241228/00057,4,P102272,1,389.34,SALE,2024-12-28T15:56:24,S01,20241228
S01/20241228/00057,5,P104236,1,289.43,SALE,2024-12-28T15:56:24,S01,20241228
S01/20241228/00057,6,P107301,1,945.94,SALE,2024-12-28T15:56:24,S01,20241228
S01/20241228/00057,7,TAX,1,283.55,TAX,2024-12-28T15:56:24,S01,20241228
S01/20241228/00057,8,TENDER,1,4928.44,TENDER,2024-12-28T15:56:24,S01,20241228
S01/20241228/00058,1,P104285,2,683.70,SALE,2024-12-28T12:41:49,S01,20241228
S01/20241228/00058,2,P106648,2,339.01,SALE,2024-12-28T12:41:49,S01,20241228
S01/20241228/00058,3,P103202,2,295.26,SALE,2024-12-28T12:41:49,S01,20241228
S01/20241228/00058,4,TAX,1,173.13,TAX,2024-12-28T12:41:49,S01,20241228
S01/20241228/00058,5,TENDER,1,2809.07,TENDER,2024-12-28T12:41:49,S01,20241228
S01/20241228/00059,1,P101697,1,102.34,SALE,2024-12-28T15:11:36,S01,20241228
S01/20241228/00059,2,P108216,1,69.70,SALE,2024-12-28T15:11:36,S01,20241228
S01/20241228/00059,3,TAX,1,3.49,TAX,2024-12-28T15:11:36,S01,20241228
S01/20241228/00059,4,TENDER,1,175.53,TENDER,2024-12-28T15:11:36,S01,20241228
S01/20241228/00060,1,P101779,3,209.76,SALE,2024-12-28T19:03:01,S01,20241228
S01/20241228/00060,2,P104593,1,867.34,SALE,2024-12-28T19:03:01,S01,20241228
S01/20241228/00060,3,P107432,2,45.60,SALE,2024-12-28T19:03:01,S01,20241228
S01/20241228/00060,4,TAX,1,140.10,TAX,2024-12-28T19:03:01,S01,20241228
S01/20241228/00060,5,TENDER,1,1727.92,TENDER,2024-12-28T19:03:01,S01,20241228
S01/20241228/00061,1,P104658,1,75.90,SALE,2024-12-28T08:31:46,S01,20241228
S01/20241228/00061,2,P108397,2,286.03,SALE,2024-12-28T08:31:46,S01,20241228
S01/20241228/00061,3,P102559,2,86.19,SALE,2024-12-28T08:31:46,S01,20241228
S01/20241228/00061,4,P104497,2,229.16,SALE,2024-12-28T08:31:46,S01,20241228
S01/20241228/00061,5,TAX,1,103.98,TAX,2024-12-28T08:31:46,S01,20241228
S01/20241228/00061,6,TENDER,1,1382.64,TENDER,2024-12-28T08:31:46,S01,20241228
S01/20241228/00062,1,P100135,2,72.29,SALE,2024-12-28T18:06:34,S01,20241228
S01/20241228/00062,2,P107621,2,119.64,SALE,2024-12-28T18:06:34,S01,20241228
S01/20241228/00062,3,P105988,1,29.57,SALE,2024-12-28T18:06:34,S01,20241228
S01/20241228/00062,4,P102520,1,731.86,SALE,2024-12-28T18:06:34,S01,20241228
S01/20241228/00062,5,P101339,4,230.61,SALE,2024-12-28T18:06:34,S01,20241228
S01/20241228/00062,6,TAX,1,91.42,TAX,2024-12-28T18:06:34,S01,20241228
S01/20241228/00062,7,TENDER,1,2159.15,TENDER,2024-12-28T18:06:34,S01,20241228
S01/20241228/00063,1,P105868,1,68.91,SALE,2024-12-28T18:30:25,S01,20241228
S01/20241228/00063,2,P104986,1,221.68,SALE,2024-12-28T18:30:25,S01,20241228
S01/20241228/00063,3,P103202,3,295.26,SALE,2024-12-28T18:30:25,S01,20241228
S01/20241228/00063,4,TAX,1,149.64,TAX,2024-12-28T18:30:25,S01,20241228
S01/20241228/00063,5,TENDER,1,1326.01,TENDER,2024-12-28T18:30:25,S01,20241228
S01/20241228/00064,1,P107488,1,303.21,SALE,2024-12-28T16:27:13,S01,20241228
S01/20241228/00064,2,P102045,1,21.89,SALE,2024-12-28T16:27:13,S01,20241228
S01/20241228/00064,3,P104617,2,101.74,SALE,2024-12-28T16:27:13,S01,20241228
S01/20241228/00064,4,P101592,2,295.58,SALE,2024-12-28T16:27:13,S01,20241228
S01/20241228/00064,5,P107477,3,116.48,SALE,2024-12-28T16:27:13,S01,20241228
S01/20241228/00064,6,P106209,1,199.51,SALE,2024-12-28T16:27:13,S01,20241228
S01/20241228/00064,7,DISC,1,-101.66,DISCOUNT,2024-12-28T16:27:13,S01,20241228
S01/20241228/00064,8,TAX,1,228.16,TAX,2024-12-28T16:27:13,S01,20241228
S01/20241228/00064,9,TENDER,1,1795.19,TENDER,2024-12-28T16:27:13,S01,20241228
S01/20241228/00065,1,P107266,2,71.89,SALE,2024-12-28T10:29:08,S01,20241228
S01/20241228/00065,2,P107472,2,64.61,SALE,2024-12-28T10:29:08,S01,20241228
S01/20241228/00065,3,P103389,3,239.67,SALE,2024-12-28T10:29:08,S01,20241228
S01/20241228/00065,4,TAX,1,143.07,TAX,2024-12-28T10:29:08,S01,20241228
S01/20241228/00065,5,TENDER,1,1135.08,TENDER,2024-12-28T10:29:08,S01,20241228
S01/20241228/00066,1,P102151,1,1117.25,SALE,2024-12-28T15:00:48,S01,20241228
S01/20241228/00066,2,P107872,1,650.85,SALE,2024-12-28T15:00:48,S01,20241228
S01/20241228/00066,3,P103319,3,356.46,SALE,2024-12-28T15:00:48,S01,20241228
S01/20241228/00066,4,P104665,2,217.71,SALE,2024-12-28T15:00:48,S01,20241228
S01/20241228/00066,5,P101321,2,24.76,SALE,2024-12-28T15:00:48,S01,20241228
S01/20241228/00066,6,P105209,2,399.92,SALE,2024-12-28T15:00:48,S01,20241228
S01/20241228/00066,7,P100453,2,207.31,SALE,2024-12-28T15:00:48,S01,20241228
S01/20241228/00066,8,P101599,1,417.76,SALE,2024-12-28T15:00:48,S01,20241228
S01/20241228/00066,9,P107903,3,22.86,SALE,2024-12-28T15:00:48,S01,20241228
S01/20241228/00066,10,P105100,1,270.01,SALE,2024-12-28T15:00:48,S01,20241228
S01/20241228/00066,11,P105331,1,308.39,SALE,2024-12-28T15:00:48,S01,20241228
S01/20241228/00066,12,TAX,1,548.33,TAX,2024-12-28T15:00:48,S01,20241228
S01/20241228/00066,13,TENDER,1,6149.95,TENDER,2024-12-28T15:00:48,S01,20241228
S01/20241228/00067,1,P105805,3,110.21,SALE,2024-12-28T12:37:35,S01,20241228
S01/20241228/00067,2,P105075,3,49.58,SALE,2024-12-28T12:37:35,S01,20241228
S01/20241228/00067,3,DISC,1,-9.63,DISCOUNT,2024-12-28T12:37:35,S01,20241228
S01/20241228/00067,4,P105805,-3,110.21,VOID,2024-12-28T12:37:35,S01,20241228
S01/20241228/00067,5,P105075,-3,49.58,VOID,2024-12-28T12:37:35,S01,20241228
S01/20241228/00067,6,DISC,1,9.63,VOID,2024-12-28T12:37:35,S01,20241228
S01/20241228/00067,7,TAX,1,0.00,TAX,2024-12-28T12:37:35,S01,20241228
S01/20241228/00067,8,TENDER,1,0.00,TENDER,2024-12-28T12:37:35,S01,20241228
S01/20241228/00068,1,P102000,3,82.98,SALE,2024-12-28T12:03:01,S01,20241228
S01/20241228/00068,2,P100194,3,46.79,SALE,2024-12-28T12:03:01,S01,20241228
S01/20241228/00068,3,P106833,3,446.47,SALE,2024-12-28T12:03:01,S01,20241228
S01/20241228/00068,4,P106989,3,26.75,SALE,2024-12-28T12:03:01,S01,20241228
S01/20241228/00068,5,DISC,1,-123.79,DISCOUNT,2024-12-28T12:03:01,S01,20241228
S01/20241228/00068,6,TAX,1,303.33,TAX,2024-12-28T12:03:01,S01,20241228
S01/20241228/00068,7,TENDER,1,1988.51,TENDER,2024-12-28T12:03:01,S01,20241228
S01/20241228/00069,1,P104715,2,162.67,SALE,2024-12-28T19:48:08,S01,20241228
S01/20241228/00069,2,P102931,1,185.66,SALE,2024-12-28T19:48:08,S01,20241228
S01/20241228/00069,3,P101444,2,838.86,SALE,2024-12-28T19:48:08,S01,20241228
S01/20241228/00069,4,TAX,1,142.45,TAX,2024-12-28T19:48:08,S01,20241228
S01/20241228/00069,5,TENDER,1,2331.17,TENDER,2024-12-28T19:48:08,S01,20241228
S01/20241228/00070,1,P101062,2,52.38,SALE,2024-12-28T12:57:04,S01,20241228
S01/20241228/00070,2,P107933,2,1146.02,SALE,2024-12-28T12:57:04,S01,20241228
S01/20241228/00070,3,P104572,1,182.16,SALE,2024-12-28T12:57:04,S01,20241228
S01/20241228/00070,4,P103364,2,118.90,SALE,2024-12-28T12:57:04,S01,20241228
S01/20241228/00070,5,P106900,2,179.85,SALE,2024-12-28T12:57:04,S01,20241228
S01/20241228/00070,6,P103606,5,185.94,SALE,2024-12-28T12:57:04,S01,20241228
S01/20241228/00070,7,TAX,1,353.86,TAX,2024-12-28T12:57:04,S01,20241228
S01/20241228/00070,8,TENDER,1,4460.02,TENDER,2024-12-28T12:57:04,S01,20241228
S01/20241228/00071,1,P105805,3,110.21,SALE,2024-12-28T20:17:04,S01,20241228
S01/20241228/00071,2,P103354,1,894.50,SALE,2024-12-28T20:17:04,S01,20241228
S01/20241228/00071,3,P102485,3,208.13,SALE,2024-12-28T20:17:04,S01,20241228
S01/20241228/00071,4,P108001,4,96.97,SALE,2024-12-28T20:17:04,S01,20241228
S01/20241228/00071,5,P107373,2,96.28,SALE,2024-12-28T20:17:04,S01,20241228
S01/20241228/00071,6,TAX,1,31.22,TAX,2024-12-28T20:17:04,S01,20241228
S01/20241228/00071,7,TENDER,1,2461.18,TENDER,2024-12-28T20:17:04,S01,20241228
S01/20241228/00072,1,P100100,2,435.38,SALE,2024-12-28T13:58:31,S01,20241228
S01/20241228/00072,2,P106553,4,139.74,SALE,2024-12-28T13:58:31,S01,20241228
S01/20241228/00072,3,P100135,1,72.29,SALE,2024-12-28T13:58:31,S01,20241228
S01/20241228/00072,4,P103316,1,1774.02,SALE,2024-12-28T13:58:31,S01,20241228
S01/20241228/00072,5,P105733,3,151.69,SALE,2024-12-28T13:58:31,S01,20241228
S01/20241228/00072,6,P108397,2,286.03,SALE,2024-12-28T13:58:31,S01,20241228
S01/20241228/00072,7,P102664,2,261.47,SALE,2024-12-28T13:58:31,S01,20241228
S01/20241228/00072,8,P103864,2,540.44,SALE,2024-12-28T13:58:31,S01,20241228
S01/20241228/00072,9,P100380,2,136.58,SALE,2024-12-28T13:58:31,S01,20241228
S01/20241228/00072,10,DISC,1,-172.23,DISCOUNT,2024-12-28T13:58:31,S01,20241228
S01/20241228/00072,11,TAX,1,732.13,TAX,2024-12-28T13:58:31,S01,20241228
S01/20241228/00072,12,TENDER,1,6740.04,TENDER,2024-12-28T13:58:31,S01,20241228
S01/20241228/00073,1,P104212,1,426.07,SALE,2024-12-28T16:52:54,S01,20241228
S01/20241228/00073,2,P101305,1,114.22,SALE,2024-12-28T16:52:54,S01,20241228
S01/20241228/00073,3,P102609,1,183.47,SALE,2024-12-28T16:52:54,S01,20241228
S01/20241228/00073,4,P101492,3,113.44,SALE,2024-12-28T16:52:54,S01,20241228
S01/20241228/00073,5,TAX,1,180.53,TAX,2024-12-28T16:52:54,S01,20241228
S01/20241228/00073,6,TENDER,1,1244.61,TENDER,2024-12-28T16:52:54,S01,20241228
S01/20241228/00074,1,P103584,5,402.02,SALE,2024-12-28T14:49:54,S01,20241228
S01/20241228/00074,2,P103035,1,1333.74,SALE,2024-12-28T14:49:54,S01,20241228
S01/20241228/00074,3,TAX,1,428.51,TAX,2024-12-28T14:49:54,S01,20241228
S01/20241228/00074,4,TENDER,1,3772.35,TENDER,2024-12-28T14:49:54,S01,20241228
S01/20241228/00075,1,P102903,3,51.46,SALE,2024-12-28T16:11:07,S01,20241228
S01/20241228/00075,2,P102835,2,107.26,SALE,2024-12-28T16:11:07,S01,20241228
S01/20241228/00075,3,P105890,1,1196.88,SALE,2024-12-28T16:11:07,S01,20241228
S01/20241228/00075,4,P101263,4,684.55,SALE,2024-12-28T16:11:07,S01,20241228
S01/20241228/00075,5,TAX,1,606.25,TAX,2024-12-28T16:11:07,S01,20241228
S01/20241228/00075,6,TENDER,1,4910.23,TENDER,2024-12-28T16:11:07,S01,20241228
S01/20241228/00076,1,P100767,1,277.22,SALE,2024-12-28T14:44:54,S01,20241228
S01/20241228/00076,2,P101410,3,958.72,SALE,2024-12-28T14:44:54,S01,20241228
S01/20241228/00076,3,P100711,3,101.23,SALE,2024-12-28T14:44:54,S01,20241228
S01/20241228/00076,4,P102364,2,104.57,SALE,2024-12-28T14:44:54,S01,20241228
S01/20241228/00076,5,P107115,3,172.62,SALE,2024-12-28T14:44:54,S01,20241228
S01/20241228/00076,6,TAX,1,496.61,TAX,2024-12-28T14:44:54,S01,20241228
S01/20241228/00076,7,TENDER,1,4680.68,TENDER,2024-12-28T14:44:54,S01,20241228
S01/20241228/00077,1,P105433,2,144.32,SALE,2024-12-28T18:19:24,S01,20241228
S01/20241228/00077,2,P104820,2,207.26,SALE,2024-12-28T18:19:24,S01,20241228
S01/20241228/00077,3,P104081,2,652.80,SALE,2024-12-28T18:19:24,S01,20241228
S01/20241228/00077,4,P100744,2,67.07,SALE,2024-12-28T18:19:24,S01,20241228
S01/20241228/00077,5,P100121,1,113.08,SALE,2024-12-28T18:19:24,S01,20241228
S01/20241228/00077,6,TAX,1,138.93,TAX,2024-12-28T18:19:24,S01,20241228
S01/20241228/00077,7,TENDER,1,2394.91,TENDER,2024-12-28T18:19:24,S01,20241228
S01/20241228/00078,1,P101690,3,1044.81,SALE,2024-12-28T18:21:24,S01,20241228
S01/20241228/00078,2,P104867,2,190.50,SALE,2024-12-28T18:21:24,S01,20241228
S01/20241228/00078,3,P104950,3,91.01,SALE,2024-12-28T18:21:24,S01,20241228
S01/20241228/00078,4,P107182,1,112.81,SALE,2024-12-28T18:21:24,S01,20241228
S01/20241228/00078,5,TAX,1,245.22,TAX,2024-12-28T18:21:24,S01,20241228
S01/20241228/00078,6,TENDER,1,4146.49,TENDER,2024-12-28T18:21:24,S01,20241228
S01/20241228/00079,1,P104628,1,196.55,SALE,2024-12-28T16:13:12,S01,20241228
S01/20241228/00079,2,P106399,3,198.14,SALE,2024-12-28T16:13:12,S01,20241228
S01/20241228/00079,3,P103316,1,1774.02,SALE,2024-12-28T16:13:12,S01,20241228
S01/20241228/00079,4,TAX,1,277.98,TAX,2024-12-28T16:13:12,S01,20241228
S01/20241228/00079,5,TENDER,1,2842.97,TENDER,2024-12-28T16:13:12,S01,20241228
S01/20241228/00080,1,P101599,1,417.76,SALE,2024-12-28T15:36:14,S01,20241228
S01/20241228/00080,2,P106624,2,98.44,SALE,2024-12-28T15:36:14,S01,20241228
S01/20241228/00080,3,P105021,2,1246.70,SALE,2024-12-28T15:36:14,S01,20241228
S01/20241228/00080,4,P103364,1,118.90,SALE,2024-12-28T15:36:14,S01,20241228
S01/20241228/00080,5,P104883,2,370.64,SALE,2024-12-28T15:36:14,S01,20241228
S01/20241228/00080,6,DISC,1,-238.05,DISCOUNT,2024-12-28T15:36:14,S01,20241228
S01/20241228/00080,7,TAX,1,386.79,TAX,2024-12-28T15:36:14,S01,20241228
S01/20241228/00080,8,TENDER,1,4116.96,TENDER,2024-12-28T15:36:14,S01,20241228
S01/20241228/00081,1,P105351,4,109.14,SALE,2024-12-28T11:03:14,S01,20241228
S01/20241228/00081,2,P102452,1,176.54,SALE,2024-12-28T11:03:14,S01,20241228
S01/20241228/00081,3,P106651,3,900.59,SALE,2024-12-28T11:03:14,S01,20241228
S01/20241228/00081,4,P106244,1,73.94,SALE,2024-12-28T11:03:14,S01,20241228
S01/20241228/00081,5,TAX,1,96.28,TAX,2024-12-28T11:03:14,S01,20241228
S01/20241228/00081,6,TENDER,1,3485.09,TENDER,2024-12-28T11:03:14,S01,20241228
S01/20241228/00082,1,P102982,2,255.95,SALE,2024-12-28T11:22:25,S01,20241228
S01/20241228/00082,2,P104916,2,340.18,SALE,2024-12-28T11:22:25,S01,20241228
S01/20241228/00082,3,P102922,4,120.15,SALE,2024-12-28T11:22:25,S01,20241228
S01/20241228/00082,4,P102744,1,98.75,SALE,2024-12-28T11:22:25,S01,20241228
S01/20241228/00082,5,P100652,2,45.46,SALE,2024-12-28T11:22:25,S01,20241228
S01/20241228/00082,6,TAX,1,322.42,TAX,2024-12-28T11:22:25,S01,20241228
S01/20241228/00082,7,TENDER,1,2184.95,TENDER,2024-12-28T11:22:25,S01,20241228
S01/20241228/00083,1,P108046,3,101.85,SALE,2024-12-28T15:07:13,S01,20241228
S01/20241228/00083,2,P104883,2,370.64,SALE,2024-12-28T15:07:13,S01,20241228
S01/20241228/00083,3,P101810,2,793.98,SALE,2024-12-28T15:07:13,S01,20241228
S01/20241228/00083,4,P108017,1,105.98,SALE,2024-12-28T15:07:13,S01,20241228
S01/20241228/00083,5,P101813,2,273.64,SALE,2024-12-28T15:07:13,S01,20241228
S01/20241228/00083,6,P102931,2,185.66,SALE,2024-12-28T15:07:13,S01,20241228
S01/20241228/00083,7,TAX,1,282.62,TAX,2024-12-28T15:07:13,S01,20241228
S01/20241228/00083,8,TENDER,1,3941.99,TENDER,2024-12-28T15:07:13,S01,20241228
S01/20241228/00084,1,P104316,2,489.63,SALE,2024-12-28T16:00:26,S01,20241228
S01/20241228/00084,2,P101106,4,543.49,SALE,2024-12-28T16:00:26,S01,20241228
S01/20241228/00084,3,P100421,1,121.56,SALE,2024-12-28T16:00:26,S01,20241228
S01/20241228/00084,4,P106277,4,416.62,SALE,2024-12-28T16:00:26,S01,20241228
S01/20241228/00084,5,P100479,1,342.92,SALE,2024-12-28T16:00:26,S01,20241228
S01/20241228/00084,6,TAX,1,409.44,TAX,2024-12-28T16:00:26,S01,20241228
S01/20241228/00084,7,TENDER,1,5693.62,TENDER,2024-12-28T16:00:26,S01,20241228
S01/20241228/00085,1,P101751,3,477.38,SALE,2024-12-28T16:23:33,S01,20241228
S01/20241228/00085,2,P101599,2,417.76,SALE,2024-12-28T16:23:33,S01,20241228
S01/20241228/00085,3,P103855,1,322.11,SALE,2024-12-28T16:23:33,S01,20241228
S01/20241228/00085,4,P104351,2,1128.29,SALE,2024-12-28T16:23:33,S01,20241228
S01/20241228/00085,5,P101990,1,408.52,SALE,2024-12-28T16:23:33,S01,20241228
S01/20241228/00085,6,P108356,2,234.68,SALE,2024-12-28T16:23:33,S01,20241228
S01/20241228/00085,7,TAX,1,684.33,TAX,2024-12-28T16:23:33,S01,20241228
S01/20241228/00085,8,TENDER,1,6408.56,TENDER,2024-12-28T16:23:33,S01,20241228
S01/20241228/00086,1,P104401,1,207.51,SALE,2024-12-28T14:09:23,S01,20241228
S01/20241228/00086,2,P103074,2,52.85,SALE,2024-12-28T14:09:23,S01,20241228
S01/20241228/00086,3,P100250,3,544.91,SALE,2024-12-28T14:09:23,S01,20241228
S01/20241228/00086,4,P107264,2,190.99,SALE,2024-12-28T14:09:23,S01,20241228
S01/20241228/00086,5,TAX,1,194.42,TAX,2024-12-28T14:09:23,S01,20241228
S01/20241228/00086,6,TENDER,1,2524.34,TENDER,2024-12-28T14:09:23,S01,20241228
S01/20241228/00087,1,P105720,2,69.64,SALE,2024-12-28T18:25:09,S01,20241228
S01/20241228/00087,2,P107432,4,45.60,SALE,2024-12-28T18:25:09,S01,20241228
S01/20241228/00087,3,P106059,2,313.87,SALE,2024-12-28T18:25:09,S01,20241228
S01/20241228/00087,4,TAX,1,122.11,TAX,2024-12-28T18:25:09,S01,20241228
S01/20241228/00087,5,TENDER,1,1071.53,TENDER,2024-12-28T18:25:09,S01,20241228
S01/20241228/00088,1,P101802,1,44.15,SALE,2024-12-28T19:59:32,S01,20241228
S01/20241228/00088,2,P102389,2,84.91,SALE,2024-12-28T19:59:32,S01,20241228
S01/20241228/00088,3,TAX,1,32.78,TAX,2024-12-28T19:59:32,S01,20241228
S01/20241228/00088,4,TENDER,1,246.75,TENDER,2024-12-28T19:59:32,S01,20241228
S01/20241228/00089,1,P100677,1,256.17,SALE,2024-12-28T20:27:34,S01,20241228
S01/20241228/00089,2,P105331,1,308.39,SALE,2024-12-28T20:27:34,S01,20241228
S01/20241228/00089,3,P105570,3,345.21,SALE,2024-12-28T20:27:34,S01,20241228
S01/20241228/00089,4,TAX,1,113.31,TAX,2024-12-28T20:27:34,S01,20241228
S01/20241228/00089,5,TENDER,1,1713.50,TENDER,2024-12-28T20:27:34,S01,20241228
S01/20241228/00090,1,P105507,3,22.07,SALE,2024-12-28T15:13:50,S01,20241228
S01/20241228/00090,2,P100183,4,1466.16,SALE,2024-12-28T15:13:50,S01,20241228
S01/20241228/00090,3,P104718,2,364.54,SALE,2024-12-28T15:13:50,S01,20241228
S01/20241228/00090,4,P107708,1,167.35,SALE,2024-12-28T15:13:50,S01,20241228
S01/20241228/00090,5,P104902,2,516.78,SALE,2024-12-28T15:13:50,S01,20241228
S01/20241228/00090,6,P107733,3,56.44,SALE,2024-12-28T15:13:50,S01,20241228
S01/20241228/00090,7,TAX,1,985.75,TAX,2024-12-28T15:13:50,S01,20241228
S01/20241228/00090,8,TENDER,1,9015.91,TENDER,2024-12-28T15:13:50,S01,20241228
S01/20241228/00091,1,P104023,1,630.48,SALE,2024-12-28T19:33:19,S01,20241228
S01/20241228/00091,2,P103374,2,38.02,SALE,2024-12-28T19:33:19,S01,20241228
S01/20241228/00091,3,P102845,2,261.08,SALE,2024-12-28T19:33:19,S01,20241228
S01/20241228/00091,4,TAX,1,71.32,TAX,2024-12-28T19:33:19,S01,20241228
S01/20241228/00091,5,TENDER,1,1300.00,TENDER,2024-12-28T19:33:19,S01,20241228
S01/20241228/00092,1,P103243,4,231.63,SALE,2024-12-28T19:35:43,S01,20241228
S01/20241228/00092,2,P107393,3,469.90,SALE,2024-12-28T19:35:43,S01,20241228
S01/20241228/00092,3,P105868,1,68.91,SALE,2024-12-28T19:35:43,S01,20241228
S01/20241228/00092,4,P103406,2,1248.48,SALE,2024-12-28T19:35:43,S01,20241228
S01/20241228/00092,5,P105747,3,287.56,SALE,2024-12-28T19:35:43,S01,20241228
S01/20241228/00092,6,DISC,1,-494.43,DISCOUNT,2024-12-28T19:35:43,S01,20241228
S01/20241228/00092,7,TAX,1,616.06,TAX,2024-12-28T19:35:43,S01,20241228
S01/20241228/00092,8,TENDER,1,5886.40,TENDER,2024-12-28T19:35:43,S01,20241228
S01/20241228/00093,1,P101034,3,94.74,SALE,2024-12-28T14:48:05,S01,20241228
S01/20241228/00093,2,P100827,3,1218.17,SALE,2024-12-28T14:48:05,S01,20241228
S01/20241228/00093,3,P102768,3,158.73,SALE,2024-12-28T14:48:05,S01,20241228
S01/20241228/00093,4,P102021,1,90.22,SALE,2024-12-28T14:48:05,S01,20241228
S01/20241228/00093,5,P102772,2,151.97,SALE,2024-12-28T14:48:05,S01,20241228
S01/20241228/00093,6,TAX,1,145.84,TAX,2024-12-28T14:48:05,S01,20241228
S01/20241228/00093,7,TENDER,1,4954.92,TENDER,2024-12-28T14:48:05,S01,20241228
S01/20241228/00094,1,P102460,1,582.21,SALE,2024-12-29T00:37:13,S01,20241228
S01/20241228/00094,2,P105937,1,259.08,SALE,2024-12-29T00:37:13,S01,20241228
S01/20241228/00094,3,P106501,1,164.07,SALE,2024-12-29T00:37:13,S01,20241228
S01/20241228/00094,4,P100991,3,173.46,SALE,2024-12-29T00:37:13,S01,20241228
S01/20241228/00094,5,P107807,1,118.66,SALE,2024-12-29T00:37:13,S01,20241228
S01/20241228/00094,6,P103757,2,159.40,SALE,2024-12-29T00:37:13,S01,20241228
S01/20241228/00094,7,TAX,1,153.17,TAX,2024-12-29T00:37:13,S01,20241228
S01/20241228/00094,8,TENDER,1,2116.37,TENDER,2024-12-29T00:37:13,S01,20241228
S01/20241229/00001,1,P101248,1,497.50,SALE,2024-12-29T13:52:31,S01,20241229
S01/20241229/00001,2,P100682,3,337.76,SALE,2024-12-29T13:52:31,S01,20241229
S01/20241229/00001,3,P101789,3,391.48,SALE,2024-12-29T13:52:31,S01,20241229
S01/20241229/00001,4,P108144,1,253.94,SALE,2024-12-29T13:52:31,S01,20241229
S01/20241229/00001,5,P105209,2,399.92,SALE,2024-12-29T13:52:31,S01,20241229
S01/20241229/00001,6,TAX,1,444.31,TAX,2024-12-29T13:52:31,S01,20241229
S01/20241229/00001,7,TENDER,1,4183.31,TENDER,2024-12-29T13:52:31,S01,20241229
S01/20241229/00002,1,P107190,2,223.50,SALE,2024-12-29T14:38:17,S01,20241229
S01/20241229/00002,2,P103259,2,298.27,SALE,2024-12-29T14:38:17,S01,20241229
S01/20241229/00002,3,P101311,3,481.74,SALE,2024-12-29T14:38:17,S01,20241229
S01/20241229/00002,4,P105384,1,315.25,SALE,2024-12-29T14:38:17,S01,20241229
S01/20241229/00002,5,P100543,2,123.06,SALE,2024-12-29T14:38:17,S01,20241229
S01/20241229/00002,6,P107848,2,267.41,SALE,2024-12-29T14:38:17,S01,20241229
S01/20241229/00002,7,TAX,1,217.29,TAX,2024-12-29T14:38:17,S01,20241229
S01/20241229/00002,8,TENDER,1,3802.24,TENDER,2024-12-29T14:38:17,S01,20241229
S01/20241229/00003,1,P101018,3,141.83,SALE,2024-12-29T08:19:23,S01,20241229
S01/20241229/00003,2,P106169,6,221.89,SALE,2024-12-29T08:19:23,S01,20241229
S01/20241229/00003,3,TAX,1,239.64,TAX,2024-12-29T08:19:23,S01,20241229
S01/20241229/00003,4,TENDER,1,1996.47,TENDER,2024-12-29T08:19:23,S01,20241229
S01/20241229/00004,1,P100549,2,320.43,SALE,2024-12-29T13:45:59,S01,20241229
S01/20241229/00004,2,P101122,2,69.38,SALE,2024-12-29T13:45:59,S01,20241229
S01/20241229/00004,3,P104811,2,108.16,SALE,2024-12-29T13:45:59,S01,20241229
S01/20241229/00004,4,P103118,1,47.89,SALE,2024-12-29T13:45:59,S01,20241229
S01/20241229/00004,5,P100771,2,820.85,SALE,2024-12-29T13:45:59,S01,20241229
S01/20241229/00004,6,P105145,1,763.65,SALE,2024-12-29T13:45:59,S01,20241229
S01/20241229/00004,7,TAX,1,340.22,TAX,2024-12-29T13:45:59,S01,20241229
S01/20241229/00004,8,TENDER,1,3789.40,TENDER,2024-12-29T13:45:59,S01,20241229
S01/20241229/00005,1,P105878,2,282.51,SALE,2024-12-29T13:12:15,S01,20241229
S01/20241229/00005,2,P107943,2,252.32,SALE,2024-12-29T13:12:15,S01,20241229
S01/20241229/00005,3,P106989,2,26.75,SALE,2024-12-29T13:12:15,S01,20241229
S01/20241229/00005,4,P101911,1,1431.80,SALE,2024-12-29T13:12:15,S01,20241229
S01/20241229/00005,5,TAX,1,128.72,TAX,2024-12-29T13:12:15,S01,20241229
S01/20241229/00005,6,TENDER,1,2683.68,TENDER,2024-12-29T13:12:15,S01,20241229
S01/20241229/00006,1,P107282,1,1189.20,SALE,2024-12-29T11:15:06,S01,20241229
S01/20241229/00006,2,P106833,1,446.47,SALE,2024-12-29T11:15:06,S01,20241229
S01/20241229/00006,3,P103202,2,295.26,SALE,2024-12-29T11:15:06,S01,20241229
S01/20241229/00006,4,TAX,1,151.23,TAX,2024-12-29T11:15:06,S01,20241229
S01/20241229/00006,5,TENDER,1,2377.42,TENDER,2024-12-29T11:15:06,S01,20241229
S01/20241229/00007,1,P101152,1,490.05,SALE,2024-12-29T15:28:19,S01,20241229
S01/20241229/00007,2,P100693,1,117.94,SALE,2024-12-29T15:28:19,S01,20241229
S01/20241229/00007,3,P102963,2,415.64,SALE,2024-12-29T15:28:19,S01,20241229
S01/20241229/00007,4,P105331,3,308.39,SALE,2024-12-29T15:28:19,S01,20241229
S01/20241229/00007,5,P103760,2,109.89,SALE,2024-12-29T15:28:19,S01,20241229
S01/20241229/00007,6,P103855,1,322.11,SALE,2024-12-29T15:28:19,S01,20241229
S01/20241229/00007,7,P105413,2,168.78,SALE,2024-12-29T15:28:19,S01,20241229
S01/20241229/00007,8,TAX,1,443.37,TAX,2024-12-29T15:28:19,S01,20241229
S01/20241229/00007,9,TENDER,1,3687.26,TENDER,2024-12-29T15:28:19,S01,20241229
S01/20241229/00008,1,P101283,1,263.48,SALE,2024-12-29T13:36:06,S01,20241229
S01/20241229/00008,2,P103552,2,125.20,SALE,2024-12-29T13:36:06,S01,20241229
S01/20241229/00008,3,P107330,2,134.92,SALE,2024-12-29T13:36:06,S01,20241229
S01/20241229/00008,4,TAX,1,96.00,TAX,2024-12-29T13:36:06,S01,20241229
S01/20241229/00008,5,TENDER,1,879.72,TENDER,2024-12-29T13:36:06,S01,20241229
S01/20241229/00009,1,P103908,-2,104.62,RETURN,2024-12-29T17:26:18,S01,20241229
S01/20241229/00009,2,P108046,-2,101.85,RETURN,2024-12-29T17:26:18,S01,20241229
S01/20241229/00009,3,P102933,-2,610.87,RETURN,2024-12-29T17:26:18,S01,20241229
S01/20241229/00009,4,P102502,-1,408.64,RETURN,2024-12-29T17:26:18,S01,20241229
S01/20241229/00009,5,TAX,1,-281.94,TAX,2024-12-29T17:26:18,S01,20241229
S01/20241229/00009,6,TENDER,1,-2325.26,TENDER,2024-12-29T17:26:18,S01,20241229
S01/20241229/00010,1,P102616,1,82.31,SALE,2024-12-29T15:52:02,S01,20241229
S01/20241229/00010,2,P102718,4,356.09,SALE,2024-12-29T15:52:02,S01,20241229
S01/20241229/00010,3,TAX,1,271.20,TAX,2024-12-29T15:52:02,S01,20241229
S01/20241229/00010,4,TENDER,1,1777.87,TENDER,2024-12-29T15:52:02,S01,20241229
S01/20241229/00011,1,P108346,1,566.11,SALE,2024-12-29T17:03:01,S01,20241229
S01/20241229/00011,2,P101489,1,555.59,SALE,2024-12-29T17:03:01,S01,20241229
S01/20241229/00011,3,P107743,2,197.87,SALE,2024-12-29T17:03:01,S01,20241229
S01/20241229/00011,4,P107933,2,1146.02,SALE,2024-12-29T17:03:01,S01,20241229
S01/20241229/00011,5,P105450,1,252.15,SALE,2024-12-29T17:03:01,S01,20241229
S01/20241229/00011,6,TAX,1,350.84,TAX,2024-12-29T17:03:01,S01,20241229
S01/20241229/00011,7,TENDER,1,4412.47,TENDER,2024-12-29T17:03:01,S01,20241229
S01/20241229/00012,1,P106282,3,448.43,SALE,2024-12-29T11:04:06,S01,20241229
S01/20241229/00012,2,P105219,1,763.15,SALE,2024-12-29T11:04:06,S01,20241229
S01/20241229/00012,3,P106048,1,341.65,SALE,2024-12-29T11:04:06,S01,20241229
S01/20241229/00012,4,P105531,3,502.91,SALE,2024-12-29T11:04:06,S01,20241229
S01/20241229/00012,5,P106454,2,127.35,SALE,2024-12-29T11:04:06,S01,20241229
S01/20241229/00012,6,P106336,1,452.43,SALE,2024-12-29T11:04:06,S01,20241229
S01/20241229/00012,7,P105356,5,232.26,SALE,2024-12-29T11:04:06,S01,20241229
S01/20241229/00012,8,DISC,1,-134.17,DISCOUNT,2024-12-29T11:04:06,S01,20241229
S01/20241229/00012,9,TAX,1,736.45,TAX,2024-12-29T11:04:06,S01,20241229
S01/20241229/00012,10,TENDER,1,6429.53,TENDER,2024-12-29T11:04:06,S01,20241229
S01/20241229/00013,1,P102436,3,243.03,SALE,2024-12-29T23:39:44,S01,20241229
S01/20241229/00013,2,P101530,1,576.50,SALE,2024-12-29T23:39:44,S01,20241229
S01/20241229/00013,3,P100394,1,320.36,SALE,2024-12-29T23:39:44,S01,20241229
S01/20241229/00013,4,P105929,2,11.18,SALE,2024-12-29T23:39:44,S01,20241229
S01/20241229/00013,5,TAX,1,277.47,TAX,2024-12-29T23:39:44,S01,20241229
S01/20241229/00013,6,TENDER,1,1925.78,TENDER,2024-12-29T23:39:44,S01,20241229
S01/20241229/00014,1,P102321,1,35.15,SALE,2024-12-29T19:19:10,S01,20241229
S01/20241229/00014,2,P103081,1,480.46,SALE,2024-12-29T19:19:10,S01,20241229
S01/20241229/00014,3,P102324,2,194.59,SALE,2024-12-29T19:19:10,S01,20241229
S01/20241229/00014,4,P102510,1,37.13,SALE,2024-12-29T19:19:10,S01,20241229
S01/20241229/00014,5,TAX,1,114.62,TAX,2024-12-29T19:19:10,S01,20241229
S01/20241229/00014,6,TENDER,1,1056.54,TENDER,2024-12-29T19:19:10,S01,20241229
S01/20241229/00015,1,P105747,1,287.56,SALE,2024-12-29T14:30:19,S01,20241229
S01/20241229/00015,2,P106486,1,1837.06,SALE,2024-12-29T14:30:19,S01,20241229
S01/20241229/00015,3,P103487,3,361.14,SALE,2024-12-29T14:30:19,S01,20241229
S01/20241229/00015,4,P102042,1,151.18,SALE,2024-12-29T14:30:19,S01,20241229
S01/20241229/00015,5,P102389,1,84.91,SALE,2024-12-29T14:30:19,S01,20241229
S01/20241229/00015,6,P105988,2,29.57,SALE,2024-12-29T14:30:19,S01,20241229
S01/20241229/00015,7,TAX,1,438.60,TAX,2024-12-29T14:30:19,S01,20241229
S01/20241229/00015,8,TENDER,1,3941.87,TENDER,2024-12-29T14:30:19,S01,20241229
S01/20241229/00016,1,P103693,3,102.71,SALE,2024-12-29T15:09:02,S01,20241229
S01/20241229/00016,2,P106024,2,472.89,SALE,2024-12-29T15:09:02,S01,20241229
S01/20241229/00016,3,TAX,1,170.24,TAX,2024-12-29T15:09:02,S01,20241229
S01/20241229/00016,4,TENDER,1,1424.15,TENDER,2024-12-29T15:09:02,S01,20241229
S01/20241229/00017,1,P105127,2,77.13,SALE,2024-12-29T18:16:59,S01,20241229
S01/20241229/00017,2,P103704,2,188.13,SALE,2024-12-29T18:16:59,S01,20241229
S01/20241229/00017,3,P106751,3,134.60,SALE,2024-12-29T18:16:59,S01,20241229
S01/20241229/00017,4,P103461,3,109.46,SALE,2024-12-29T18:16:59,S01,20241229
S01/20241229/00017,5,TAX,1,135.04,TAX,2024-12-29T18:16:59,S01,20241229
S01/20241229/00017,6,TENDER,1,1397.74,TENDER,2024-12-29T18:16:59,S01,20241229
S01/20241229/00018,1,P107872,1,650.85,SALE,2024-12-29T18:44:29,S01,20241229
S01/20241229/00018,2,P103946,1,338.64,SALE,2024-12-29T18:44:29,S01,20241229
S01/20241229/00018,3,P104526,3,363.05,SALE,2024-12-29T18:44:29,S01,20241229
S01/20241229/00018,4,TAX,1,87.00,TAX,2024-12-29T18:44:29,S01,20241229
S01/20241229/00018,5,TENDER,1,2165.64,TENDER,2024-12-29T18:44:29,S01,20241229
S01/20241229/00019,1,P104708,2,487.33,SALE,2024-12-29T10:06:31,S01,20241229
S01/20241229/00019,2,P107446,2,593.14,SALE,2024-12-29T10:06:31,S01,20241229
S01/20241229/00019,3,P108397,2,286.03,SALE,2024-12-29T10:06:31,S01,20241229
S01/20241229/00019,4,P100033,2,828.62,SALE,2024-12-29T10:06:31,S01,20241229
S01/20241229/00019,5,DISC,1,-145.31,DISCOUNT,2024-12-29T10:06:31,S01,20241229
S01/20241229/00019,6,TAX,1,400.08,TAX,2024-12-29T10:06:31,S01,20241229
S01/20241229/00019,7,TENDER,1,4645.01,TENDER,2024-12-29T10:06:31,S01,20241229
S01/20241229/00020,1,P106373,3,48.45,SALE,2024-12-29T09:31:56,S01,20241229
S01/20241229/00020,2,P106984,2,28.34,SALE,2024-12-29T09:31:56,S01,20241229
S01/20241229/00020,3,P104628,1,196.55,SALE,2024-12-29T09:31:56,S01,20241229
S01/20241229/00020,4,TAX,1,45.48,TAX,2024-12-29T09:31:56,S01,20241229
S01/20241229/00020,5,TENDER,1,444.06,TENDER,2024-12-29T09:31:56,S01,20241229
S01/20241229/00021,1,P108090,2,139.96,SALE,2024-12-29T14:49:47,S01,20241229
S01/20241229/00021,2,P106718,3,525.27,SALE,2024-12-29T14:49:47,S01,20241229
S01/20241229/00021,3,P104883,1,370.64,SALE,2024-12-29T14:49:47,S01,20241229
S01/20241229/00021,4,P102886,2,139.22,SALE,2024-12-29T14:49:47,S01,20241229
S01/20241229/00021,5,P106958,6,125.66,SALE,2024-12-29T14:49:47,S01,20241229
S01/20241229/00021,6,DISC,1,-232.09,DISCOUNT,2024-12-29T14:49:47,S01,20241229
S01/20241229/00021,7,TAX,1,432.63,TAX,2024-12-29T14:49:47,S01,20241229
S01/20241229/00021,8,TENDER,1,3459.31,TENDER,2024-12-29T14:49:47,S01,20241229
S01/20241229/00022,1,P108131,1,627.37,SALE,2024-12-29T12:46:57,S01,20241229
S01/20241229/00022,2,P101292,2,380.75,SALE,2024-12-29T12:46:57,S01,20241229
S01/20241229/00022,3,P101037,1,613.83,SALE,2024-12-29T12:46:57,S01,20241229
S01/20241229/00022,4,P108149,1,1073.33,SALE,2024-12-29T12:46:57,S01,20241229
S01/20241229/00022,5,P101428,1,431.72,SALE,2024-12-29T12:46:57,S01,20241229
S01/20241229/00022,6,P102845,4,261.08,SALE,2024-12-29T12:46:57,S01,20241229
S01/20241229/00022,7,TAX,1,309.86,TAX,2024-12-29T12:46:57,S01,20241229
S01/20241229/00022,8,TENDER,1,4861.93,TENDER,2024-12-29T12:46:57,S01,20241229
S01/20241229/00023,1,P108335,1,187.61,SALE,2024-12-29T15:11:45,S01,20241229
S01/20241229/00023,2,P101156,2,95.07,SALE,2024-12-29T15:11:45,S01,20241229
S01/20241229/00023,3,P103743,2,1117.90,SALE,2024-12-29T15:11:45,S01,20241229
S01/20241229/00023,4,TAX,1,9.51,TAX,2024-12-29T15:11:45,S01,20241229
S01/20241229/00023,5,TENDER,1,2623.06,TENDER,2024-12-29T15:11:45,S01,20241229
S01/20241229/00024,1,P105119,3,106.45,SALE,2024-12-29T16:09:00,S01,20241229
S01/20241229/00024,2,P103822,3,594.96,SALE,2024-12-29T16:09:00,S01,20241229
S01/20241229/00024,3,P101904,2,607.91,SALE,2024-12-29T16:09:00,S01,20241229
S01/20241229/00024,4,P107973,2,271.93,SALE,2024-12-29T16:09:00,S01,20241229
S01/20241229/00024,5,P104938,3,999.94,SALE,2024-12-29T16:09:00,S01,20241229
S01/20241229/00024,6,P107477,2,116.48,SALE,2024-12-29T16:09:00,S01,20241229
S01/20241229/00024,7,P107171,3,335.20,SALE,2024-12-29T16:09:00,S01,20241229
S01/20241229/00024,8,P103222,2,427.41,SALE,2024-12-29T16:09:00,S01,20241229
S01/20241229/00024,9,P102794,2,416.24,SALE,2024-12-29T16:09:00,S01,20241229
S01/20241229/00024,10,P100057,1,233.39,SALE,2024-12-29T16:09:00,S01,20241229
S01/20241229/00024,11,TAX,1,1247.69,TAX,2024-12-29T16:09:00,S01,20241229
S01/20241229/00024,12,TENDER,1,11270.67,TENDER,2024-12-29T16:09:00,S01,20241229
S01/20241229/00025,1,P103882,2,273.56,SALE,2024-12-29T11:29:58,S01,20241229
S01/20241229/00025,2,P104938,1,999.94,SALE,2024-12-29T11:29:58,S01,20241229
S01/20241229/00025,3,P101106,2,543.49,SALE,2024-12-29T11:29:58,S01,20241229
S01/20241229/00025,4,P103309,1,59.95,SALE,2024-12-29T11:29:58,S01,20241229
S01/20241229/00025,5,DISC,1,-139.82,DISCOUNT,2024-12-29T11:29:58,S01,20241229
S01/20241229/00025,6,TAX,1,261.51,TAX,2024-12-29T11:29:58,S01,20241229
S01/20241229/00025,7,TENDER,1,2815.68,TENDER,2024-12-29T11:29:58,S01,20241229
S01/20241229/00026,1,P106357,3,1078.45,SALE,2024-12-29T09:41:03,S01,20241229
S01/20241229/00026,2,P103777,1,44.82,SALE,2024-12-29T09:41:03,S01,20241229
S01/20241229/00026,3,P102296,4,48.88,SALE,2024-12-29T09:41:03,S01,20241229
S01/20241229/00026,4,P100791,2,46.20,SALE,2024-12-29T09:41:03,S01,20241229
S01/20241229/00026,5,TAX,1,430.30,TAX,2024-12-29T09:41:03,S01,20241229
S01/20241229/00026,6,TENDER,1,3998.39,TENDER,2024-12-29T09:41:03,S01,20241229
S01/20241229/00027,1,P100784,1,319.36,SALE,2024-12-29T12:20:24,S01,20241229
S01/20241229/00027,2,P106133,1,370.91,SALE,2024-12-29T12:20:24,S01,20241229
S01/20241229/00027,3,P105017,1,220.46,SALE,2024-12-29T12:20:24,S01,20241229
S01/20241229/00027,4,P106015,3,148.43,SALE,2024-12-29T12:20:24,S01,20241229
S01/20241229/00027,5,P100840,3,248.08,SALE,2024-12-29T12:20:24,S01,20241229
S01/20241229/00027,6,TAX,1,332.17,TAX,2024-12-29T12:20:24,S01,20241229
S01/20241229/00027,7,TENDER,1,2432.43,TENDER,2024-12-29T12:20:24,S01,20241229
S01/20241229/00028,1,P101037,2,613.83,SALE,2024-12-29T16:44:55,S01,20241229
S01/20241229/00028,2,P101874,2,21.48,SALE,2024-12-29T16:44:55,S01,20241229
S01/20241229/00028,3,P106989,5,26.75,SALE,2024-12-29T16:44:55,S01,20241229
S01/20241229/00028,4,P107354,2,227.60,SALE,2024-12-29T16:44:55,S01,20241229
S01/20241229/00028,5,P101305,2,114.22,SALE,2024-12-29T16:44:55,S01,20241229
S01/20241229/00028,6,P107807,3,118.66,SALE,2024-12-29T16:44:55,S01,20241229
S01/20241229/00028,7,P102811,3,199.78,SALE,2024-12-29T16:44:55,S01,20241229
S01/20241229/00028,8,TAX,1,388.56,TAX,2024-12-29T16:44:55,S01,20241229
S01/20241229/00028,9,TENDER,1,3431.89,TENDER,2024-12-29T16:44:55,S01,20241229
S01/20241229/00029,1,P107890,2,133.07,SALE,2024-12-29T12:55:49,S01,20241229
S01/20241229/00029,2,P101813,3,273.64,SALE,2024-12-29T12:55:49,S01,20241229
S01/20241229/00029,3,P105187,2,1046.11,SALE,2024-12-29T12:55:49,S01,20241229
S01/20241229/00029,4,P102768,4,158.73,SALE,2024-12-29T12:55:49,S01,20241229
S01/20241229/00029,5,P102821,2,1314.43,SALE,2024-12-29T12:55:49,S01,20241229
S01/20241229/00029,6,TAX,1,127.59,TAX,2024-12-29T12:55:49,S01,20241229
S01/20241229/00029,7,TENDER,1,6570.65,TENDER,2024-12-29T12:55:49,S01,20241229
S01/20241229/00030,1,P102520,3,731.86,SALE,2024-12-29T13:42:02,S01,20241229
S01/20241229/00030,2,P101990,3,408.52,SALE,2024-12-29T13:42:02,S01,20241229
S01/20241229/00030,3,P107282,1,1189.20,SALE,2024-12-29T13:42:02,S01,20241229
S01/20241229/00030,4,P106009,2,372.60,SALE,2024-12-29T13:42:02,S01,20241229
S01/20241229/00030,5,P101876,2,68.16,SALE,2024-12-29T13:42:02,S01,20241229
S01/20241229/00030,6,P100711,1,101.23,SALE,2024-12-29T13:42:02,S01,20241229
S01/20241229/00030,7,TAX,1,371.31,TAX,2024-12-29T13:42:02,S01,20241229
S01/20241229/00030,8,TENDER,1,5964.40,TENDER,2024-12-29T13:42:02,S01,20241229
S01/20241229/00031,1,P103299,1,238.05,SALE,2024-12-29T23:04:48,S01,20241229
S01/20241229/00031,2,P107508,1,1577.69,SALE,2024-12-29T23:04:48,S01,20241229
S01/20241229/00031,3,P104316,1,489.63,SALE,2024-12-29T23:04:48,S01,20241229
S01/20241229/00031,4,TAX,1,320.31,TAX,2024-12-29T23:04:48,S01,20241229
S01/20241229/00031,5,TENDER,1,2625.68,TENDER,2024-12-29T23:04:48,S01,20241229
S01/20241229/00032,1,P104579,4,67.48,SALE,2024-12-29T13:56:49,S01,20241229
S01/20241229/00032,2,P107337,4,429.21,SALE,2024-12-29T13:56:49,S01,20241229
S01/20241229/00032,3,TAX,1,85.84,TAX,2024-12-29T13:56:49,S01,20241229
S01/20241229/00032,4,TENDER,1,2072.60,TENDER,2024-12-29T13:56:49,S01,20241229
S01/20241229/00033,1,P104382,1,62.22,SALE,2024-12-29T10:49:53,S01,20241229
S01/20241229/00033,2,P107743,1,197.87,SALE,2024-12-29T10:49:53,S01,20241229
S01/20241229/00033,3,P105418,2,257.82,SALE,2024-12-29T10:49:53,S01,20241229
S01/20241229/00033,4,P108338,4,218.68,SALE,2024-12-29T10:49:53,S01,20241229
S01/20241229/00033,5,TAX,1,277.12,TAX,2024-12-29T10:49:53,S01,20241229
S01/20241229/00033,6,TENDER,1,1927.57,TENDER,2024-12-29T10:49:53,S01,20241229
S01/20241229/00034,1,P101720,1,44.26,SALE,2024-12-29T14:49:03,S01,20241229
S01/20241229/00034,2,P100019,2,74.65,SALE,2024-12-29T14:49:03,S01,20241229
S01/20241229/00034,3,P106382,3,81.60,SALE,2024-12-29T14:49:03,S01,20241229
S01/20241229/00034,4,P103833,2,1136.81,SALE,2024-12-29T14:49:03,S01,20241229
S01/20241229/00034,5,DISC,1,-74.85,DISCOUNT,2024-12-29T14:49:03,S01,20241229
S01/20241229/00034,6,TAX,1,138.83,TAX,2024-12-29T14:49:03,S01,20241229
S01/20241229/00034,7,TENDER,1,2775.96,TENDER,2024-12-29T14:49:03,S01,20241229
S01/20241229/00035,1,P100164,2,594.91,SALE,2024-12-29T18:22:46,S01,20241229
S01/20241229/00035,2,P107294,2,85.13,SALE,2024-12-29T18:22:46,S01,20241229
S01/20241229/00035,3,TAX,1,222.68,TAX,2024-12-29T18:22:46,S01,20241229
S01/20241229/00035,4,TENDER,1,1582.76,TENDER,2024-12-29T18:22:46,S01,20241229
S01/20241229/00036,1,P104257,1,42.95,SALE,2024-12-29T14:23:45,S01,20241229
S01/20241229/00036,2,P104645,3,1052.62,SALE,2024-12-29T14:23:45,S01,20241229
S01/20241229/00036,3,P101515,2,60.18,SALE,2024-12-29T14:23:45,S01,20241229
S01/20241229/00036,4,P105003,2,323.64,SALE,2024-12-29T14:23:45,S01,20241229
S01/20241229/00036,5,P105583,2,179.43,SALE,2024-12-29T14:23:45,S01,20241229
S01/20241229/00036,6,TAX,1,183.25,TAX,2024-12-29T14:23:45,S01,20241229
S01/20241229/00036,7,TENDER,1,4510.56,TENDER,2024-12-29T14:23:45,S01,20241229
S01/20241229/00037,1,P108262,2,592.59,SALE,2024-12-29T19:08:02,S01,20241229
S01/20241229/00037,2,P102744,3,98.75,SALE,2024-12-29T19:08:02,S01,20241229
S01/20241229/00037,3,P101955,2,364.45,SALE,2024-12-29T19:08:02,S01,20241229
S01/20241229/00037,4,P106512,4,467.07,SALE,2024-12-29T19:08:02,S01,20241229
S01/20241229/00037,5,P100005,2,114.37,SALE,2024-12-29T19:08:02,S01,20241229
S01/20241229/00037,6,P102480,1,198.67,SALE,2024-12-29T19:08:02,S01,20241229
S01/20241229/00037,7,TAX,1,746.74,TAX,2024-12-29T19:08:02,S01,20241229
S01/20241229/00037,8,TENDER,1,5252.76,TENDER,2024-12-29T19:08:02,S01,20241229
S01/20241229/00038,1,P100864,1,208.63,SALE,2024-12-29T15:42:27,S01,20241229
S01/20241229/00038,2,P105944,2,985.47,SALE,2024-12-29T15:42:27,S01,20241229
S01/20241229/00038,3,TAX,1,274.07,TAX,2024-12-29T15:42:27,S01,20241229
S01/20241229/00038,4,TENDER,1,2453.64,TENDER,2024-12-29T15:42:27,S01,20241229
S01/20241229/00039,1,P104909,3,363.10,SALE,2024-12-29T14:14:54,S01,20241229
S01/20241229/00039,2,P105609,2,817.71,SALE,2024-12-29T14:14:54,S01,20241229
S01/20241229/00039,3,TAX,1,0.00,TAX,2024-12-29T14:14:54,S01,20241229
S01/20241229/00039,4,TENDER,1,2724.72,TENDER,2024-12-29T14:14:54,S01,20241229
S01/20241229/00040,1,P106181,2,778.60,SALE,2024-12-29T16:15:08,S01,20241229
S01/20241229/00040,2,P104965,2,88.50,SALE,2024-12-29T16:15:08,S01,20241229
S01/20241229/00040,3,P101599,4,417.76,SALE,2024-12-29T16:15:08,S01,20241229
S01/20241229/00040,4,P104320,1,147.42,SALE,2024-12-29T16:15:08,S01,20241229
S01/20241229/00040,5,P103760,1,103.67,SALE,2024-12-29T16:15:08,S01,20241229
S01/20241229/00040,6,TAX,1,328.30,TAX,2024-12-29T16:15:08,S01,20241229
S01/20241229/00040,7,TENDER,1,3984.63,TENDER,2024-12-29T16:15:08,S01,20241229
S01/20241229/00041,1,P103022,2,60.43,SALE,2024-12-29T17:54:07,S01,20241229
S01/20241229/00041,2,P104175,3,814.13,SALE,2024-12-29T17:54:07,S01,20241229
S01/20241229/00041,3,P100528,1,595.90,SALE,2024-12-29T17:54:07,S01,20241229
S01/20241229/00041,4,P104439,2,123.98,SALE,2024-12-29T17:54:07,S01,20241229
S01/20241229/00041,5,P106872,1,73.12,SALE,2024-12-29T17:54:07,S01,20241229
S01/20241229/00041,6,P100418,1,213.97,SALE,2024-12-29T17:54:07,S01,20241229
S01/20241229/00041,7,TAX,1,72.30,TAX,2024-12-29T17:54:07,S01,20241229
S01/20241229/00041,8,TENDER,1,3766.50,TENDER,2024-12-29T17:54:07,S01,20241229
S01/20241229/00042,1,P106191,1,1230.97,SALE,2024-12-29T10:47:12,S01,20241229
S01/20241229/00042,2,P104226,2,303.01,SALE,2024-12-29T10:47:12,S01,20241229
S01/20241229/00042,3,P101263,2,684.55,SALE,2024-12-29T10:47:12,S01,20241229
S01/20241229/00042,4,P104032,3,603.87,SALE,2024-12-29T10:47:12,S01,20241229
S01/20241229/00042,5,P106802,2,739.16,SALE,2024-12-29T10:47:12,S01,20241229
S01/20241229/00042,6,P106697,2,342.69,SALE,2024-12-29T10:47:12,S01,20241229
S01/20241229/00042,7,P107943,1,252.32,SALE,2024-12-29T10:47:12,S01,20241229
S01/20241229/00042,8,TAX,1,774.11,TAX,2024-12-29T10:47:12,S01,20241229
S01/20241229/00042,9,TENDER,1,8207.83,TENDER,2024-12-29T10:47:12,S01,20241229
S01/20241229/00043,1,P100339,1,299.99,SALE,2024-12-29T10:10:17,S01,20241229
S01/20241229/00043,2,P105636,2,558.71,SALE,2024-12-29T10:10:17,S01,20241229
S01/20241229/00043,3,P100026,4,315.91,SALE,2024-12-29T10:10:17,S01,20241229
S01/20241229/00043,4,P107536,1,1613.47,SALE,2024-12-29T10:10:17,S01,20241229
S01/20241229/00043,5,P105302,2,281.37,SALE,2024-12-29T10:10:17,S01,20241229
S01/20241229/00043,6,P105050,2,109.65,SALE,2024-12-29T10:10:17,S01,20241229
S01/20241229/00043,7,DISC,1,-452.77,DISCOUNT,2024-12-29T10:10:17,S01,20241229
S01/20241229/00043,8,TAX,1,142.34,TAX,2024-12-29T10:10:17,S01,20241229
S01/20241229/00043,9,TENDER,1,4766.13,TENDER,2024-12-29T10:10:17,S01,20241229
S01/20241229/00044,1,P106234,3,79.42,SALE,2024-12-29T16:01:45,S01,20241229
S01/20241229/00044,2,P102755,2,75.17,SALE,2024-12-29T16:01:45,S01,20241229
S01/20241229/00044,3,P104501,3,413.53,SALE,2024-12-29T16:01:45,S01,20241229
S01/20241229/00044,4,TAX,1,36.11,TAX,2024-12-29T16:01:45,S01,20241229
S01/20241229/00044,5,TENDER,1,1665.30,TENDER,2024-12-29T16:01:45,S01,20241229
S01/20241229/00045,1,P105433,3,144.32,SALE,2024-12-29T12:51:39,S01,20241229
S01/20241229/00045,2,P104328,1,64.22,SALE,2024-12-29T12:51:39,S01,20241229
S01/20241229/00045,3,P104992,3,979.87,SALE,2024-12-29T12:51:39,S01,20241229
S01/20241229/00045,4,P105827,3,124.38,SALE,2024-12-29T12:51:39,S01,20241229
S01/20241229/00045,5,TAX,1,99.80,TAX,2024-12-29T12:51:39,S01,20241229
S01/20241229/00045,6,TENDER,1,3909.73,TENDER,2024-12-29T12:51:39,S01,20241229
S01/20241229/00046,1,P105230,2,123.72,SALE,2024-12-29T17:40:42,S01,20241229
S01/20241229/00046,2,P100731,1,254.77,SALE,2024-12-29T17:40:42,S01,20241229
S01/20241229/00046,3,P100604,2,167.40,SALE,2024-12-29T17:40:42,S01,20241229
S01/20241229/00046,4,P101010,1,71.39,SALE,2024-12-29T17:40:42,S01,20241229
S01/20241229/00046,5,P107984,2,357.15,SALE,2024-12-29T17:40:42,S01,20241229
S01/20241229/00046,6,P100810,1,200.65,SALE,2024-12-29T17:40:42,S01,20241229
S01/20241229/00046,7,TAX,1,222.72,TAX,2024-12-29T17:40:42,S01,20241229
S01/20241229/00046,8,TENDER,1,2046.07,TENDER,2024-12-29T17:40:42,S01,20241229
S01/20241229/00047,1,P103785,3,606.71,SALE,2024-12-29T09:18:39,S01,20241229
S01/20241229/00047,2,P102424,3,333.88,SALE,2024-12-29T09:18:39,S01,20241229
S01/20241229/00047,3,TAX,1,268.50,TAX,2024-12-29T09:18:39,S01,20241229
S01/20241229/00047,4,TENDER,1,3090.27,TENDER,2024-12-29T09:18:39,S01,20241229
S01/20241229/00048,1,P105252,2,12.09,SALE,2024-12-29T15:56:14,S01,20241229
S01/20241229/00048,2,P104023,2,630.48,SALE,2024-12-29T15:56:14,S01,20241229
S01/20241229/00048,3,P106833,2,446.47,SALE,2024-12-29T15:56:14,S01,20241229
S01/20241229/00048,4,P106553,2,139.74,SALE,2024-12-29T15:56:14,S01,20241229
S01/20241229/00048,5,P108346,1,534.07,SALE,2024-12-29T15:56:14,S01,20241229
S01/20241229/00048,6,P107960,2,1191.78,SALE,2024-12-29T15:56:14,S01,20241229
S01/20241229/00048,7,DISC,1,-596.34,DISCOUNT,2024-12-29T15:56:14,S01,20241229
S01/20241229/00048,8,TAX,1,525.58,TAX,2024-12-29T15:56:14,S01,20241229
S01/20241229/00048,9,TENDER,1,5304.43,TENDER,2024-12-29T15:56:14,S01,20241229
S01/20241229/00049,1,P107708,2,167.35,SALE,2024-12-29T15:00:36,S01,20241229
S01/20241229/00049,2,P106415,1,911.99,SALE,2024-12-29T15:00:36,S01,20241229
S01/20241229/00049,3,P102963,4,415.64,SALE,2024-12-29T15:00:36,S01,20241229
S01/20241229/00049,4,P103074,1,52.85,SALE,2024-12-29T15:00:36,S01,20241229
S01/20241229/00049,5,P102335,3,94.24,SALE,2024-12-29T15:00:36,S01,20241229
S01/20241229/00049,6,P105331,1,308.39,SALE,2024-12-29T15:00:36,S01,20241229
S01/20241229/00049,7,TAX,1,484.52,TAX,2024-12-29T15:00:36,S01,20241229
S01/20241229/00049,8,TENDER,1,4037.73,TENDER,2024-12-29T15:00:36,S01,20241229
S01/20241229/00050,1,P107925,1,992.11,SALE,2024-12-29T18:37:03,S01,20241229
S01/20241229/00050,2,P105400,1,53.13,SALE,2024-12-29T18:37:03,S01,20241229
S01/20241229/00050,3,P101789,4,391.48,SALE,2024-12-29T18:37:03,S01,20241229
S01/20241229/00050,4,P102305,3,111.72,SALE,2024-12-29T18:37:03,S01,20241229
S01/20241229/00050,5,P101345,2,80.74,SALE,2024-12-29T18:37:03,S01,20241229
S01/20241229/00050,6,P103973,2,108.48,SALE,2024-12-29T18:37:03,S01,20241229
S01/20241229/00050,7,TAX,1,224.81,TAX,2024-12-29T18:37:03,S01,20241229
S01/20241229/00050,8,TENDER,1,3549.57,TENDER,2024-12-29T18:37:03,S01,20241229
S01/20241229/00051,1,P101023,1,213.62,SALE,2024-12-29T13:17:34,S01,20241229
S01/20241229/00051,2,P107740,4,1366.88,SALE,2024-12-29T13:17:34,S01,20241229
S01/20241229/00051,3,P104389,2,169.98,SALE,2024-12-29T13:17:34,S01,20241229
S01/20241229/00051,4,P105959,2,513.93,SALE,2024-12-29T13:17:34,S01,20241229
S01/20241229/00051,5,P100555,1,435.03,SALE,2024-12-29T13:17:34,S01,20241229
S01/20241229/00051,6,TAX,1,991.30,TAX,2024-12-29T13:17:34,S01,20241229
S01/20241229/00051,7,TENDER,1,8475.29,TENDER,2024-12-29T13:17:34,S01,20241229
S01/20241229/00052,1,P101279,1,242.90,SALE,2024-12-29T14:06:59,S01,20241229
S01/20241229/00052,2,P101218,2,61.39,SALE,2024-12-29T14:06:59,S01,20241229
S01/20241229/00052,3,P104404,1,890.27,SALE,2024-12-29T14:06:59,S01,20241229
S01/20241229/00052,4,P104765,1,401.36,SALE,2024-12-29T14:06:59,S01,20241229
S01/20241229/00052,5,P105651,1,108.83,SALE,2024-12-29T14:06:59,S01,20241229
S01/20241229/00052,6,P103792,2,25.06,SALE,2024-12-29T14:06:59,S01,20241229
S01/20241229/00052,7,P101279,-1,242.90,VOID,2024-12-29T14:06:59,S01,20241229
S01/20241229/00052,8,P101218,-2,61.39,VOID,2024-12-29T14:06:59,S01,20241229
S01/20241229/00052,9,P104404,-1,890.27,VOID,2024-12-29T14:06:59,S01,20241229
S01/20241229/00052,10,P104765,-1,401.36,VOID,2024-12-29T14:06:59,S01,20241229
S01/20241229/00052,11,P105651,-1,108.83,VOID,2024-12-29T14:06:59,S01,20241229
S01/20241229/00052,12,P103792,-2,25.06,VOID,2024-12-29T14:06:59,S01,20241229
S01/20241229/00052,13,TAX,1,0.00,TAX,2024-12-29T14:06:59,S01,20241229
S01/20241229/00052,14,TENDER,1,0.00,TENDER,2024-12-29T14:06:59,S01,20241229
S01/20241229/00053,1,P105083,2,245.38,SALE,2024-12-29T23:57:16,S01,20241229
S01/20241229/00053,2,P101955,3,364.45,SALE,2024-12-29T23:57:16,S01,20241229
S01/20241229/00053,3,P107472,2,64.61,SALE,2024-12-29T23:57:16,S01,20241229
S01/20241229/00053,4,P103637,1,338.13,SALE,2024-12-29T23:57:16,S01,20241229
S01/20241229/00053,5,P100239,2,360.16,SALE,2024-12-29T23:57:16,S01,20241229
S01/20241229/00053,6,TAX,1,438.90,TAX,2024-12-29T23:57:16,S01,20241229
S01/20241229/00053,7,TENDER,1,3210.68,TENDER,2024-12-29T23:57:16,S01,20241229
S01/20241229/00054,1,P107414,2,565.57,SALE,2024-12-29T16:31:40,S01,20241229
S01/20241229/00054,2,P106067,1,444.09,SALE,2024-12-29T16:31:40,S01,20241229
S01/20241229/00054,3,TAX,1,78.76,TAX,2024-12-29T16:31:40,S01,20241229
S01/20241229/00054,4,TENDER,1,1653.99,TENDER,2024-12-29T16:31:40,S01,20241229
S01/20241229/00055,1,P103159,1,1193.28,SALE,2024-12-29T12:08:19,S01,20241229
S01/20241229/00055,2,P104747,2,342.93,SALE,2024-12-29T12:08:19,S01,20241229
S01/20241229/00055,3,P107807,2,118.66,SALE,2024-12-29T12:08:19,S01,20241229
S01/20241229/00055,4,DISC,1,-176.37,DISCOUNT,2024-12-29T12:08:19,S01,20241229
S01/20241229/00055,5,TAX,1,86.32,TAX,2024-12-29T12:08:19,S01,20241229
S01/20241229/00055,6,TENDER,1,2026.41,TENDER,2024-12-29T12:08:19,S01,20241229
S01/20241229/00056,1,P104844,1,553.13,SALE,2024-12-29T13:41:20,S01,20241229
S01/20241229/00056,2,P103449,4,381.08,SALE,2024-12-29T13:41:20,S01,20241229
S01/20241229/00056,3,TAX,1,103.87,TAX,2024-12-29T13:41:20,S01,20241229
S01/20241229/00056,4,TENDER,1,2181.32,TENDER,2024-12-29T13:41:20,S01,20241229
S01/20241229/00057,1,P103449,3,381.08,SALE,2024-12-29T17:07:08,S01,20241229
S01/20241229/00057,2,P101520,1,187.47,SALE,2024-12-29T17:07:08,S01,20241229
S01/20241229/00057,3,P106611,1,341.44,SALE,2024-12-29T17:07:08,S01,20241229
S01/20241229/00057,4,P105575,2,513.17,SALE,2024-12-29T17:07:08,S01,20241229
S01/20241229/00057,5,P105145,2,763.65,SALE,2024-12-29T17:07:08,S01,20241229
S01/20241229/00057,6,TAX,1,158.83,TAX,2024-12-29T17:07:08,S01,20241229
S01/20241229/00057,7,TENDER,1,4384.62,TENDER,2024-12-29T17:07:08,S01,20241229
S01/20241229/00058,1,P104854,3,35.80,SALE,2024-12-29T13:28:05,S01,20241229
S01/20241229/00058,2,P107100,1,200.76,SALE,2024-12-29T13:28:05,S01,20241229
S01/20241229/00058,3,P107733,2,56.44,SALE,2024-12-29T13:28:05,S01,20241229
S01/20241229/00058,4,P104883,5,370.64,SALE,2024-12-29T13:28:05,S01,20241229
S01/20241229/00058,5,P106388,2,1120.55,SALE,2024-12-29T13:28:05,S01,20241229
S01/20241229/00058,6,TAX,1,122.40,TAX,2024-12-29T13:28:05,S01,20241229
S01/20241229/00058,7,TENDER,1,4637.74,TENDER,2024-12-29T13:28:05,S01,20241229
S01/20241229/00059,1,P107777,1,222.77,SALE,2024-12-30T00:05:33,S01,20241229
S01/20241229/00059,2,P102626,3,416.91,SALE,2024-12-30T00:05:33,S01,20241229
S01/20241229/00059,3,P102342,1,117.72,SALE,2024-12-30T00:05:33,S01,20241229
S01/20241229/00059,4,P101911,3,1431.80,SALE,2024-12-30T00:05:33,S01,20241229
S01/20241229/00059,5,P101404,3,228.51,SALE,2024-12-30T00:05:33,S01,20241229
S01/20241229/00059,6,P100784,1,319.36,SALE,2024-12-30T00:05:33,S01,20241229
S01/20241229/00059,7,TAX,1,236.81,TAX,2024-12-30T00:05:33,S01,20241229
S01/20241229/00059,8,TENDER,1,7128.32,TENDER,2024-12-30T00:05:33,S01,20241229
S01/20241229/00060,1,P100007,2,155.06,SALE,2024-12-29T13:35:56,S01,20241229
S01/20241229/00060,2,P107542,1,162.57,SALE,2024-12-29T13:35:56,S01,20241229
S01/20241229/00060,3,P102494,2,14.54,SALE,2024-12-29T13:35:56,S01,20241229
S01/20241229/00060,4,P108302,1,855.55,SALE,2024-12-29T13:35:56,S01,20241229
S01/20241229/00060,5,P101570,2,298.03,SALE,2024-12-29T13:35:56,S01,20241229
S01/20241229/00060,6,P107217,2,293.45,SALE,2024-12-29T13:35:56,S01,20241229
S01/20241229/00060,7,P103487,2,361.14,SALE,2024-12-29T13:35:56,S01,20241229
S01/20241229/00060,8,P107767,3,510.38,SALE,2024-12-29T13:35:56,S01,20241229
S01/20241229/00060,9,P100869,2,62.15,SALE,2024-12-29T13:35:56,S01,20241229
S01/20241229/00060,10,TAX,1,423.94,TAX,2024-12-29T13:35:56,S01,20241229
S01/20241229/00060,11,TENDER,1,5341.94,TENDER,2024-12-29T13:35:56,S01,20241229
S01/20241229/00061,1,P101864,1,112.21,SALE,2024-12-29T16:33:41,S01,20241229
S01/20241229/00061,2,P107630,3,309.72,SALE,2024-12-29T16:33:41,S01,20241229
S01/20241229/00061,3,P106084,1,592.14,SALE,2024-12-29T16:33:41,S01,20241229
S01/20241229/00061,4,P106080,2,361.06,SALE,2024-12-29T16:33:41,S01,20241229
S01/20241229/00061,5,TAX,1,303.71,TAX,2024-12-29T16:33:41,S01,20241229
S01/20241229/00061,6,TENDER,1,2659.34,TENDER,2024-12-29T16:33:41,S01,20241229
S01/20241229/00062,1,P101543,3,178.10,SALE,2024-12-29T17:18:24,S01,20241229
S01/20241229/00062,2,P107623,3,468.34,SALE,2024-12-29T17:18:24,S01,20241229
S01/20241229/00062,3,P106669,1,102.72,SALE,2024-12-29T17:18:24,S01,20241229
S01/20241229/00062,4,TAX,1,354.21,TAX,2024-12-29T17:18:24,S01,20241229
S01/20241229/00062,5,TENDER,1,2396.25,TENDER,2024-12-29T17:18:24,S01,20241229
S01/20241229/00063,1,P100632,5,331.55,SALE,2024-12-30T00:11:43,S01,20241229
S01/20241229/00063,2,P101481,2,55.03,SALE,2024-12-30T00:11:43,S01,20241229
S01/20241229/00063,3,P101489,3,555.59,SALE,2024-12-30T00:11:43,S01,20241229
S01/20241229/00063,4,P102415,2,1245.81,SALE,2024-12-30T00:11:43,S01,20241229
S01/20241229/00063,5,TAX,1,428.48,TAX,2024-12-30T00:11:43,S01,20241229
S01/20241229/00063,6,TENDER,1,6354.68,TENDER,2024-12-30T00:11:43,S01,20241229
S01/20241229/00064,1,P104181,1,298.55,SALE,2024-12-29T15:19:01,S01,20241229
S01/20241229/00064,2,P108206,3,81.62,SALE,2024-12-29T15:19:01,S01,20241229
S01/20241229/00064,3,P107215,2,153.85,SALE,2024-12-29T15:19:01,S01,20241229
S01/20241229/00064,4,P108149,3,1073.33,SALE,2024-12-29T15:19:01,S01,20241229
S01/20241229/00064,5,P103035,3,1333.74,SALE,2024-12-29T15:19:01,S01,20241229
S01/20241229/00064,6,P105784,3,116.81,SALE,2024-12-29T15:19:01,S01,20241229
S01/20241229/00064,7,P107115,3,172.62,SALE,2024-12-29T15:19:01,S01,20241229
S01/20241229/00064,8,P107028,1,56.60,SALE,2024-12-29T15:19:01,S01,20241229
S01/20241229/00064,9,TAX,1,308.89,TAX,2024-12-29T15:19:01,S01,20241229
S01/20241229/00064,10,TENDER,1,9306.10,TENDER,2024-12-29T15:19:01,S01,20241229
S01/20241229/00065,1,P100250,2,544.91,SALE,2024-12-29T17:27:08,S01,20241229
S01/20241229/00065,2,P107920,2,109.22,SALE,2024-12-29T17:27:08,S01,20241229
S01/20241229/00065,3,P104351,2,1128.29,SALE,2024-12-29T17:27:08,S01,20241229
S01/20241229/00065,4,P102217,3,68.46,SALE,2024-12-29T17:27:08,S01,20241229
S01/20241229/00065,5,TAX,1,206.64,TAX,2024-12-29T17:27:08,S01,20241229
S01/20241229/00065,6,TENDER,1,3976.86,TENDER,2024-12-29T17:27:08,S01,20241229
S01/20241229/00066,1,P102389,2,84.91,SALE,2024-12-29T18:57:43,S01,20241229
S01/20241229/00066,2,P102445,3,31.53,SALE,2024-12-29T18:57:43,S01,20241229
S01/20241229/00066,3,P106629,1,57.49,SALE,2024-12-29T18:57:43,S01,20241229
S01/20241229/00066,4,P107094,1,97.95,SALE,2024-12-29T18:57:43,S01,20241229
S01/20241229/00066,5,P103839,4,226.78,SALE,2024-12-29T18:57:43,S01,20241229
S01/20241229/00066,6,TAX,1,238.85,TAX,2024-12-29T18:57:43,S01,20241229
S01/20241229/00066,7,TENDER,1,1565.82,TENDER,2024-12-29T18:57:43,S01,20241229
S01/20241229/00067,1,P106731,2,153.24,SALE,2024-12-29T15:19:14,S01,20241229
S01/20241229/00067,2,P103319,2,356.46,SALE,2024-12-29T15:19:14,S01,20241229
S01/20241229/00067,3,P101864,1,112.21,SALE,2024-12-29T15:19:14,S01,20241229
S01/20241229/00067,4,P102868,1,471.29,SALE,2024-12-29T15:19:14,S01,20241229
S01/20241229/00067,5,P101311,1,481.74,SALE,2024-12-29T15:19:14,S01,20241229
S01/20241229/00067,6,P101345,2,80.74,SALE,2024-12-29T15:19:14,S01,20241229
S01/20241229/00067,7,P104344,3,390.44,SALE,2024-12-29T15:19:14,S01,20241229
S01/20241229/00067,8,TAX,1,383.67,TAX,2024-12-29T15:19:14,S01,20241229
S01/20241229/00067,9,TENDER,1,3801.11,TENDER,2024-12-29T15:19:14,S01,20241229
S01/20241229/00068,1,P106984,1,28.34,SALE,2024-12-29T10:14:01,S01,20241229
S01/20241229/00068,2,P107320,1,231.92,SALE,2024-12-29T10:14:01,S01,20241229
S01/20241229/00068,3,P107119,2,18.29,SALE,2024-12-29T10:14:01,S01,20241229
S01/20241229/00068,4,P108135,4,562.62,SALE,2024-12-29T10:14:01,S01,20241229
S01/20241229/00068,5,TAX,1,35.83,TAX,2024-12-29T10:14:01,S01,20241229
S01/20241229/00068,6,TENDER,1,2583.15,TENDER,2024-12-29T10:14:01,S01,20241229
S01/20241229/00069,1,P104008,3,116.02,SALE,2024-12-29T22:46:48,S01,20241229
S01/20241229/00069,2,P104294,2,115.73,SALE,2024-12-29T22:46:48,S01,20241229
S01/20241229/00069,3,P101874,2,21.48,SALE,2024-12-29T22:46:48,S01,20241229
S01/20241229/00069,4,TAX,1,45.18,TAX,2024-12-29T22:46:48,S01,20241229
S01/20241229/00069,5,TENDER,1,667.66,TENDER,2024-12-29T22:46:48,S01,20241229
S01/20241229/00070,1,P101332,2,400.98,SALE,2024-12-29T17:20:11,S01,20241229
S01/20241229/00070,2,P102480,1,198.67,SALE,2024-12-29T17:20:11,S01,20241229
S01/20241229/00070,3,P105815,1,320.65,SALE,2024-12-29T17:20:11,S01,20241229
S01/20241229/00070,4,P102857,3,116.85,SALE,2024-12-29T17:20:11,S01,20241229
S01/20241229/00070,5,TAX,1,255.86,TAX,2024-12-29T17:20:11,S01,20241229
S01/20241229/00070,6,TENDER,1,1927.69,TENDER,2024-12-29T17:20:11,S01,20241229
S01/20241229/00071,1,P104933,1,560.59,SALE,2024-12-29T18:16:18,S01,20241229
S01/20241229/00071,2,P106872,1,73.12,SALE,2024-12-29T18:16:18,S01,20241229
S01/20241229/00071,3,P101106,1,543.49,SALE,2024-12-29T18:16:18,S01,20241229
S01/20241229/00071,4,P103999,2,120.61,SALE,2024-12-29T18:16:18,S01,20241229
S01/20241229/00071,5,P103273,1,356.86,SALE,2024-12-29T18:16:18,S01,20241229
S01/20241229/00071,6,P100717,1,561.52,SALE,2024-12-29T18:16:18,S01,20241229
S01/20241229/00071,7,TAX,1,297.20,TAX,2024-12-29T18:16:18,S01,20241229
S01/20241229/00071,8,TENDER,1,2634.00,TENDER,2024-12-29T18:16:18,S01,20241229
S01/20241229/00072,1,P100298,1,53.95,SALE,2024-12-29T16:34:04,S01,20241229
S01/20241229/00072,2,P105075,4,49.58,SALE,2024-12-29T16:34:04,S01,20241229
S01/20241229/00072,3,P106067,4,444.09,SALE,2024-12-29T16:34:04,S01,20241229
S01/20241229/00072,4,P107422,3,193.56,SALE,2024-12-29T16:34:04,S01,20241229
S01/20241229/00072,5,TAX,1,156.25,TAX,2024-12-29T16:34:04,S01,20241229
S01/20241229/00072,6,TENDER,1,2765.56,TENDER,2024-12-29T16:34:04,S01,20241229
S01/20241229/00073,1,P105971,2,1150.46,SALE,2024-12-29T17:55:44,S01,20241229
S01/20241229/00073,2,P106288,4,48.38,SALE,2024-12-29T17:55:44,S01,20241229
S01/20241229/00073,3,P105450,2,252.15,SALE,2024-12-29T17:55:44,S01,20241229
S01/20241229/00073,4,P108338,2,218.68,SALE,2024-12-29T17:55:44,S01,20241229
S01/20241229/00073,5,P107662,1,330.01,SALE,2024-12-29T17:55:44,S01,20241229
S01/20241229/00073,6,TAX,1,262.85,TAX,2024-12-29T17:55:44,S01,20241229
S01/20241229/00073,7,TENDER,1,4028.96,TENDER,2024-12-29T17:55:44,S01,20241229
S01/20241229/00074,1,P102103,1,400.89,SALE,2024-12-30T00:08:37,S01,20241229
S01/20241229/00074,2,P106277,1,416.62,SALE,2024-12-30T00:08:37,S01,20241229
S01/20241229/00074,3,P101208,2,593.86,SALE,2024-12-30T00:08:37,S01,20241229
S01/20241229/00074,4,TAX,1,92.99,TAX,2024-12-30T00:08:37,S01,20241229
S01/20241229/00074,5,TENDER,1,2098.22,TENDER,2024-12-30T00:08:37,S01,20241229
S01/20241229/00075,1,P106823,1,148.11,SALE,2024-12-29T09:25:38,S01,20241229
S01/20241229/00075,2,P105400,3,53.13,SALE,2024-12-29T09:25:38,S01,20241229
S01/20241229/00075,3,P107795,1,284.47,SALE,2024-12-29T09:25:38,S01,20241229
S01/20241229/00075,4,P104554,2,437.01,SALE,2024-12-29T09:25:38,S01,20241229
S01/20241229/00075,5,P107432,4,45.60,SALE,2024-12-29T09:25:38,S01,20241229
S01/20241229/00075,6,P105524,2,81.14,SALE,2024-12-29T09:25:38,S01,20241229
S01/20241229/00075,7,DISC,1,-184.07,DISCOUNT,2024-12-29T09:25:38,S01,20241229
S01/20241229/00075,8,TAX,1,201.06,TAX,2024-12-29T09:25:38,S01,20241229
S01/20241229/00075,9,TENDER,1,1827.66,TENDER,2024-12-29T09:25:38,S01,20241229
S01/20241229/00076,1,P107575,2,82.07,SALE,2024-12-29T12:22:09,S01,20241229
S01/20241229/00076,2,P101454,3,148.61,SALE,2024-12-29T12:22:09,S01,20241229
S01/20241229/00076,3,P105127,3,77.13,SALE,2024-12-29T12:22:09,S01,20241229
S01/20241229/00076,4,P107943,1,252.32,SALE,2024-12-29T12:22:09,S01,20241229
S01/20241229/00076,5,TAX,1,110.49,TAX,2024-12-29T12:22:09,S01,20241229
S01/20241229/00076,6,TENDER,1,1204.17,TENDER,2024-12-29T12:22:09,S01,20241229
S01/20241229/00077,1,P103487,-2,361.14,RETURN,2024-12-29T13:53:39,S01,20241229
S01/20241229/00077,2,P103886,-1,312.24,RETURN,2024-12-29T13:53:39,S01,20241229
S01/20241229/00077,3,P100330,-1,188.77,RETURN,2024-12-29T13:53:39,S01,20241229
S01/20241229/00077,4,P102933,-3,610.87,RETURN,2024-12-29T13:53:39,S01,20241229
S01/20241229/00077,5,P102364,-3,104.57,RETURN,2024-12-29T13:53:39,S01,20241229
S01/20241229/00077,6,P101839,-1,402.65,RETURN,2024-12-29T13:53:39,S01,20241229
S01/20241229/00077,7,P106955,-1,204.37,RETURN,2024-12-29T13:53:39,S01,20241229
S01/20241229/00077,8,P105901,-1,80.48,RETURN,2024-12-29T13:53:39,S01,20241229
S01/20241229/00077,9,P107946,-2,313.77,RETURN,2024-12-29T13:53:39,S01,20241229
S01/20241229/00077,10,TAX,1,-440.69,TAX,2024-12-29T13:53:39,S01,20241229
S01/20241229/00077,11,TENDER,1,-5125.34,TENDER,2024-12-29T13:53:39,S01,20241229
S01/20241229/00078,1,P103452,2,1033.70,SALE,2024-12-29T10:32:51,S01,20241229
S01/20241229/00078,2,P101710,2,345.87,SALE,2024-12-29T10:32:51,S01,20241229
S01/20241229/00078,3,P103606,2,185.94,SALE,2024-12-29T10:32:51,S01,20241229
S01/20241229/00078,4,DISC,1,-328.05,DISCOUNT,2024-12-29T10:32:51,S01,20241229
S01/20241229/00078,5,TAX,1,183.50,TAX,2024-12-29T10:32:51,S01,20241229
S01/20241229/00078,6,TENDER,1,2986.47,TENDER,2024-12-29T10:32:51,S01,20241229
S01/20241229/00079,1,P106478,2,56.12,SALE,2024-12-29T17:24:06,S01,20241229
S01/20241229/00079,2,P101101,2,74.25,SALE,2024-12-29T17:24:06,S01,20241229
S01/20241229/00079,3,P100933,2,276.15,SALE,2024-12-29T17:24:06,S01,20241229
S01/20241229/00079,4,P102060,3,165.83,SALE,2024-12-29T17:24:06,S01,20241229
S01/20241229/00079,5,TAX,1,122.85,TAX,2024-12-29T17:24:06,S01,20241229
S01/20241229/00079,6,TENDER,1,1433.38,TENDER,2024-12-29T17:24:06,S01,20241229
S01/20241229/00080,1,P105365,2,420.06,SALE,2024-12-29T17:50:43,S01,20241229
S01/20241229/00080,2,P100210,3,1073.90,SALE,2024-12-29T17:50:43,S01,20241229
S01/20241229/00080,3,TAX,1,487.42,TAX,2024-12-29T17:50:43,S01,20241229
S01/20241229/00080,4,TENDER,1,4549.24,TENDER,2024-12-29T17:50:43,S01,20241229
S01/20241229/00081,1,P105589,2,90.25,SALE,2024-12-29T12:04:46,S01,20241229
S01/20241229/00081,2,P101570,2,298.03,SALE,2024-12-29T12:04:46,S01,20241229
S01/20241229/00081,3,P104072,2,724.10,SALE,2024-12-29T12:04:46,S01,20241229
S01/20241229/00081,4,P101982,4,428.91,SALE,2024-12-29T12:04:46,S01,20241229
S01/20241229/00081,5,P103994,2,148.39,SALE,2024-12-29T12:04:46,S01,20241229
S01/20241229/00081,6,TAX,1,485.24,TAX,2024-12-29T12:04:46,S01,20241229
S01/20241229/00081,7,TENDER,1,4722.42,TENDER,2024-12-29T12:04:46,S01,20241229
S01/20241229/00082,1,P103693,1,102.71,SALE,2024-12-29T23:21:57,S01,20241229
S01/20241229/00082,2,P102465,1,1297.33,SALE,2024-12-29T23:21:57,S01,20241229
S01/20241229/00082,3,P102674,1,515.88,SALE,2024-12-29T23:21:57,S01,20241229
S01/20241229/00082,4,P102947,2,59.21,SALE,2024-12-29T23:21:57,S01,20241229
S01/20241229/00082,5,TAX,1,157.72,TAX,2024-12-29T23:21:57,S01,20241229
S01/20241229/00082,6,TENDER,1,2192.06,TENDER,2024-12-29T23:21:57,S01,20241229
S01/20241229/00083,1,P104081,3,652.80,SALE,2024-12-29T11:26:10,S01,20241229
S01/20241229/00083,2,P104938,1,999.94,SALE,2024-12-29T11:26:10,S01,20241229
S01/20241229/00083,3,P107163,3,187.11,SALE,2024-12-29T11:26:10,S01,20241229
S01/20241229/00083,4,TAX,1,148.06,TAX,2024-12-29T11:26:10,S01,20241229
S01/20241229/00083,5,TENDER,1,3667.73,TENDER,2024-12-29T11:26:10,S01,20241229
S01/20241229/00084,1,P104883,1,370.64,SALE,2024-12-29T10:49:25,S01,20241229
S01/20241229/00084,2,P107381,1,195.99,SALE,2024-12-29T10:49:25,S01,20241229
S01/20241229/00084,3,P102510,2,37.13,SALE,2024-12-29T10:49:25,S01,20241229
S01/20241229/00084,4,P105929,1,11.18,SALE,2024-12-29T10:49:25,S01,20241229
S01/20241229/00084,5,P101578,1,44.18,SALE,2024-12-29T10:49:25,S01,20241229
S01/20241229/00084,6,DISC,1,-68.96,DISCOUNT,2024-12-29T10:49:25,S01,20241229
S01/20241229/00084,7,TAX,1,49.72,TAX,2024-12-29T10:49:25,S01,20241229
S01/20241229/00084,8,TENDER,1,677.01,TENDER,2024-12-29T10:49:25,S01,20241229
S01/20241229/00085,1,P106310,2,462.03,SALE,2024-12-29T18:11:39,S01,20241229
S01/20241229/00085,2,P105345,2,335.85,SALE,2024-12-29T18:11:39,S01,20241229
S01/20241229/00085,3,P107145,2,235.69,SALE,2024-12-29T18:11:39,S01,20241229
S01/20241229/00085,4,P100555,1,435.03,SALE,2024-12-29T18:11:39,S01,20241229
S01/20241229/00085,5,TAX,1,334.79,TAX,2024-12-29T18:11:39,S01,20241229
S01/20241229/00085,6,TENDER,1,2836.96,TENDER,2024-12-29T18:11:39,S01,20241229
S01/20241229/00086,1,P103105,1,34.12,SALE,2024-12-29T12:20:57,S01,20241229
S01/20241229/00086,2,P102998,4,158.64,SALE,2024-12-29T12:20:57,S01,20241229
S01/20241229/00086,3,P104950,1,91.01,SALE,2024-12-29T12:20:57,S01,20241229
S01/20241229/00086,4,DISC,1,-20.96,DISCOUNT,2024-12-29T12:20:57,S01,20241229
S01/20241229/00086,5,TAX,1,132.97,TAX,2024-12-29T12:20:57,S01,20241229
S01/20241229/00086,6,TENDER,1,871.70,TENDER,2024-12-29T12:20:57,S01,20241229
S01/20241229/00087,1,P103168,3,980.21,SALE,2024-12-29T17:19:10,S01,20241229
S01/20241229/00087,2,P102230,1,335.28,SALE,2024-12-29T17:19:10,S01,20241229
S01/20241229/00087,3,P104765,2,401.36,SALE,2024-12-29T17:19:10,S01,20241229
S01/20241229/00087,4,DISC,1,-202.50,DISCOUNT,2024-12-29T17:19:10,S01,20241229
S01/20241229/00087,5,TAX,1,484.25,TAX,2024-12-29T17:19:10,S01,20241229
S01/20241229/00087,6,TENDER,1,4360.38,TENDER,2024-12-29T17:19:10,S01,20241229
S01/20241229/00088,1,P102569,2,116.37,SALE,2024-12-29T17:16:18,S01,20241229
S01/20241229/00088,2,P103144,2,145.27,SALE,2024-12-29T17:16:18,S01,20241229
S01/20241229/00088,3,TAX,1,42.46,TAX,2024-12-29T17:16:18,S01,20241229
S01/20241229/00088,4,TENDER,1,565.74,TENDER,2024-12-29T17:16:18,S01,20241229
S01/20241229/00089,1,P104872,1,132.45,SALE,2024-12-29T17:28:12,S01,20241229
S01/20241229/00089,2,P105083,1,245.38,SALE,2024-12-29T17:28:12,S01,20241229
S01/20241229/00089,3,P102021,2,90.22,SALE,2024-12-29T17:28:12,S01,20241229
S01/20241229/00089,4,TAX,1,81.72,TAX,2024-12-29T17:28:12,S01,20241229
S01/20241229/00089,5,TENDER,1,639.99,TENDER,2024-12-29T17:28:12,S01,20241229
S01/20241229/00090,1,P103504,2,366.55,SALE,2024-12-29T19:55:40,S01,20241229
S01/20241229/00090,2,P102000,2,82.98,SALE,2024-12-29T19:55:40,S01,20241229
S01/20241229/00090,3,P105562,2,422.85,SALE,2024-12-29T19:55:40,S01,20241229
S01/20241229/00090,4,P108125,2,129.06,SALE,2024-12-29T19:55:40,S01,20241229
S01/20241229/00090,5,TAX,1,270.07,TAX,2024-12-29T19:55:40,S01,20241229
S01/20241229/00090,6,TENDER,1,2272.95,TENDER,2024-12-29T19:55:40,S01,20241229
S01/20241230/00001,1,P105959,3,513.93,SALE,2024-12-30T17:48:31,S01,20241230
S01/20241230/00001,2,P105260,2,72.61,SALE,2024-12-30T17:48:31,S01,20241230
S01/20241230/00001,3,P100276,2,965.56,SALE,2024-12-30T17:48:31,S01,20241230
S01/20241230/00001,4,P107365,2,978.42,SALE,2024-12-30T17:48:31,S01,20241230
S01/20241230/00001,5,TAX,1,626.33,TAX,2024-12-30T17:48:31,S01,20241230
S01/20241230/00001,6,TENDER,1,6201.30,TENDER,2024-12-30T17:48:31,S01,20241230
S01/20241230/00002,1,P101634,2,25.05,SALE,2024-12-30T23:02:28,S01,20241230
S01/20241230/00002,2,P106336,3,452.43,SALE,2024-12-30T23:02:28,S01,20241230
S01/20241230/00002,3,P102280,5,644.81,SALE,2024-12-30T23:02:28,S01,20241230
S01/20241230/00002,4,P105819,3,66.64,SALE,2024-12-30T23:02:28,S01,20241230
S01/20241230/00002,5,P100840,4,248.08,SALE,2024-12-30T23:02:28,S01,20241230
S01/20241230/00002,6,TAX,1,1048.26,TAX,2024-12-30T23:02:28,S01,20241230
S01/20241230/00002,7,TENDER,1,6871.94,TENDER,2024-12-30T23:02:28,S01,20241230
S01/20241230/00003,1,P102471,1,151.71,SALE,2024-12-30T21:12:17,S01,20241230
S01/20241230/00003,2,P102096,2,982.72,SALE,2024-12-30T21:12:17,S01,20241230
S01/20241230/00003,3,P105337,1,35.20,SALE,2024-12-30T21:12:17,S01,20241230
S01/20241230/00003,4,P104079,1,75.55,SALE,2024-12-30T21:12:17,S01,20241230
S01/20241230/00003,5,P106143,1,61.74,SALE,2024-12-30T21:12:17,S01,20241230
S01/20241230/00003,6,TAX,1,276.03,TAX,2024-12-30T21:12:17,S01,20241230
S01/20241230/00003,7,TENDER,1,2565.67,TENDER,2024-12-30T21:12:17,S01,20241230
S01/20241230/00004,1,P103732,2,94.74,SALE,2024-12-30T19:04:51,S01,20241230
S01/20241230/00004,2,P104277,3,128.39,SALE,2024-12-30T19:04:51,S01,20241230
S01/20241230/00004,3,P103389,1,239.67,SALE,2024-12-30T19:04:51,S01,20241230
S01/20241230/00004,4,P105468,1,1100.43,SALE,2024-12-30T19:04:51,S01,20241230
S01/20241230/00004,5,P104089,1,358.58,SALE,2024-12-30T19:04:51,S01,20241230
S01/20241230/00004,6,P105009,1,65.38,SALE,2024-12-30T19:04:51,S01,20241230
S01/20241230/00004,7,P104320,2,147.42,SALE,2024-12-30T19:04:51,S01,20241230
S01/20241230/00004,8,P104765,1,401.36,SALE,2024-12-30T19:04:51,S01,20241230
S01/20241230/00004,9,TAX,1,278.33,TAX,2024-12-30T19:04:51,S01,20241230
S01/20241230/00004,10,TENDER,1,3313.24,TENDER,2024-12-30T19:04:51,S01,20241230
S01/20241230/00005,1,P107859,2,136.84,SALE,2024-12-30T21:46:50,S01,20241230
S01/20241230/00005,2,P105400,1,53.13,SALE,2024-12-30T21:46:50,S01,20241230
S01/20241230/00005,3,P104820,2,207.26,SALE,2024-12-30T21:46:50,S01,20241230
S01/20241230/00005,4,P100239,2,360.16,SALE,2024-12-30T21:46:50,S01,20241230
S01/20241230/00005,5,P100959,2,320.67,SALE,2024-12-30T21:46:50,S01,20241230
S01/20241230/00005,6,TAX,1,299.74,TAX,2024-12-30T21:46:50,S01,20241230
S01/20241230/00005,7,TENDER,1,2402.73,TENDER,2024-12-30T21:46:50,S01,20241230
S01/20241230/00006,1,P107822,1,69.77,SALE,2024-12-30T20:52:26,S01,20241230
S01/20241230/00006,2,P101599,3,417.76,SALE,2024-12-30T20:52:26,S01,20241230
S01/20241230/00006,3,P108302,1,855.55,SALE,2024-12-30T20:52:26,S01,20241230
S01/20241230/00006,4,P103159,1,1193.28,SALE,2024-12-30T20:52:26,S01,20241230
S01/20241230/00006,5,TAX,1,280.93,TAX,2024-12-30T20:52:26,S01,20241230
S01/20241230/00006,6,TENDER,1,3652.81,TENDER,2024-12-30T20:52:26,S01,20241230
S01/20241230/00007,1,P102290,1,587.69,SALE,2024-12-30T12:01:49,S01,20241230
S01/20241230/00007,2,P100784,1,319.36,SALE,2024-12-30T12:01:49,S01,20241230
S01/20241230/00007,3,P101720,1,44.26,SALE,2024-12-30T12:01:49,S01,20241230
S01/20241230/00007,4,P103249,4,521.24,SALE,2024-12-30T12:01:49,S01,20241230
S01/20241230/00007,5,P101225,2,452.38,SALE,2024-12-30T12:01:49,S01,20241230
S01/20241230/00007,6,P101570,2,298.03,SALE,2024-12-30T12:01:49,S01,20241230
S01/20241230/00007,7,P106773,2,397.71,SALE,2024-12-30T12:01:49,S01,20241230
S01/20241230/00007,8,P104242,3,308.27,SALE,2024-12-30T12:01:49,S01,20241230
S01/20241230/00007,9,P102397,4,355.28,SALE,2024-12-30T12:01:49,S01,20241230
S01/20241230/00007,10,P106454,3,127.35,SALE,2024-12-30T12:01:49,S01,20241230
S01/20241230/00007,11,P106151,2,298.42,SALE,2024-12-30T12:01:49,S01,20241230
S01/20241230/00007,12,TAX,1,910.82,TAX,2024-12-30T12:01:49,S01,20241230
S01/20241230/00007,13,TENDER,1,9568.15,TENDER,2024-12-30T12:01:49,S01,20241230
S01/20241230/00008,1,P103584,2,402.02,SALE,2024-12-30T14:45:32,S01,20241230
S01/20241230/00008,2,P104541,1,149.08,SALE,2024-12-30T14:45:32,S01,20241230
S01/20241230/00008,3,P103004,2,82.09,SALE,2024-12-30T14:45:32,S01,20241230
S01/20241230/00008,4,P102931,2,185.66,SALE,2024-12-30T14:45:32,S01,20241230
S01/20241230/00008,5,DISC,1,-83.51,DISCOUNT,2024-12-30T14:45:32,S01,20241230
S01/20241230/00008,6,TAX,1,151.39,TAX,2024-12-30T14:45:32,S01,20241230
S01/20241230/00008,7,TENDER,1,1556.50,TENDER,2024-12-30T14:45:32,S01,20241230
S01/20241230/00009,1,P106592,2,815.90,SALE,2024-12-30T14:42:46,S01,20241230
S01/20241230/00009,2,P101367,2,512.46,SALE,2024-12-30T14:42:46,S01,20241230
S01/20241230/00009,3,P103022,2,60.43,SALE,2024-12-30T14:42:46,S01,20241230
S01/20241230/00009,4,TAX,1,280.58,TAX,2024-12-30T14:42:46,S01,20241230
S01/20241230/00009,5,TENDER,1,3058.16,TENDER,2024-12-30T14:42:46,S01,20241230
S01/20241230/00010,1,P106833,2,446.47,SALE,2024-12-30T15:56:13,S01,20241230
S01/20241230/00010,2,P102502,5,408.64,SALE,2024-12-30T15:56:13,S01,20241230
S01/20241230/00010,3,P105562,1,422.85,SALE,2024-12-30T15:56:13,S01,20241230
S01/20241230/00010,4,P102682,2,95.00,SALE,2024-12-30T15:56:13,S01,20241230
S01/20241230/00010,5,P100658,3,50.53,SALE,2024-12-30T15:56:13,S01,20241230
S01/20241230/00010,6,P106989,1,26.75,SALE,2024-12-30T15:56:13,S01,20241230
S01/20241230/00010,7,TAX,1,618.93,TAX,2024-12-30T15:56:13,S01,20241230
S01/20241230/00010,8,TENDER,1,4346.26,TENDER,2024-12-30T15:56:13,S01,20241230
S01/20241230/00011,1,P100260,2,1120.33,SALE,2024-12-30T14:07:15,S01,20241230
S01/20241230/00011,2,P105908,2,698.64,SALE,2024-12-30T14:07:15,S01,20241230
S01/20241230/00011,3,P103575,4,54.47,SALE,2024-12-30T14:07:15,S01,20241230
S01/20241230/00011,4,P101940,1,201.44,SALE,2024-12-30T14:07:15,S01,20241230
S01/20241230/00011,5,P107542,1,162.57,SALE,2024-12-30T14:07:15,S01,20241230
S01/20241230/00011,6,P103792,2,25.06,SALE,2024-12-30T14:07:15,S01,20241230
S01/20241230/00011,7,P103273,2,356.86,SALE,2024-12-30T14:07:15,S01,20241230
S01/20241230/00011,8,DISC,1,-314.93,DISCOUNT,2024-12-30T14:07:15,S01,20241230
S01/20241230/00011,9,TAX,1,180.88,TAX,2024-12-30T14:07:15,S01,20241230
S01/20241230/00011,10,TENDER,1,4849.62,TENDER,2024-12-30T14:07:15,S01,20241230
S01/20241230/00012,1,P105511,2,310.12,SALE,2024-12-30T09:46:22,S01,20241230
S01/20241230/00012,2,P104637,1,353.99,SALE,2024-12-30T09:46:22,S01,20241230
S01/20241230/00012,3,P107362,3,75.90,SALE,2024-12-30T09:46:22,S01,20241230
S01/20241230/00012,4,P106506,3,125.80,SALE,2024-12-30T09:46:22,S01,20241230
S01/20241230/00012,5,P102230,1,335.28,SALE,2024-12-30T09:46:22,S01,20241230
S01/20241230/00012,6,P105890,1,1196.88,SALE,2024-12-30T09:46:22,S01,20241230
S01/20241230/00012,7,TAX,1,383.23,TAX,2024-12-30T09:46:22,S01,20241230
S01/20241230/00012,8,TENDER,1,3494.72,TENDER,2024-12-30T09:46:22,S01,20241230
S01/20241230/00013,1,P103552,1,125.20,SALE,2024-12-30T16:56:28,S01,20241230
S01/20241230/00013,2,P105057,1,294.62,SALE,2024-12-30T16:56:28,S01,20241230
S01/20241230/00013,3,P102801,1,108.87,SALE,2024-12-30T16:56:28,S01,20241230
S01/20241230/00013,4,P105394,3,327.72,SALE,2024-12-30T16:56:28,S01,20241230
S01/20241230/00013,5,P106639,2,485.46,SALE,2024-12-30T16:56:28,S01,20241230
S01/20241230/00013,6,P101345,2,80.74,SALE,2024-12-30T16:56:28,S01,20241230
S01/20241230/00013,7,TAX,1,374.18,TAX,2024-12-30T16:56:28,S01,20241230
S01/20241230/00013,8,TENDER,1,3018.43,TENDER,2024-12-30T16:56:28,S01,20241230
S01/20241230/00014,1,P103606,2,185.94,SALE,2024-12-30T16:52:43,S01,20241230
S01/20241230/00014,2,P100339,4,299.99,SALE,2024-12-30T16:52:43,S01,20241230
S01/20241230/00014,3,P101911,2,1431.80,SALE,2024-12-30T16:52:43,S01,20241230
S01/20241230/00014,4,P106542,2,139.24,SALE,2024-12-30T16:52:43,S01,20241230
S01/20241230/00014,5,P102060,1,165.83,SALE,2024-12-30T16:52:43,S01,20241230
S01/20241230/00014,6,TAX,1,284.71,TAX,2024-12-30T16:52:43,S01,20241230
S01/20241230/00014,7,TENDER,1,5164.46,TENDER,2024-12-30T16:52:43,S01,20241230
S01/20241230/00015,1,P107799,3,751.07,SALE,2024-12-30T20:44:02,S01,20241230
S01/20241230/00015,2,P100106,2,318.86,SALE,2024-12-30T20:44:02,S01,20241230
S01/20241230/00015,3,P108144,1,253.94,SALE,2024-12-30T20:44:02,S01,20241230
S01/20241230/00015,4,P104950,1,91.01,SALE,2024-12-30T20:44:02,S01,20241230
S01/20241230/00015,5,P104497,1,229.16,SALE,2024-12-30T20:44:02,S01,20241230
S01/20241230/00015,6,TAX,1,285.76,TAX,2024-12-30T20:44:02,S01,20241230
S01/20241230/00015,7,TENDER,1,3750.80,TENDER,2024-12-30T20:44:02,S01,20241230
S01/20241230/00016,1,P100869,3,62.15,SALE,2024-12-30T14:27:27,S01,20241230
S01/20241230/00016,2,P105337,1,35.20,SALE,2024-12-30T14:27:27,S01,20241230
S01/20241230/00016,3,P106651,4,900.59,SALE,2024-12-30T14:27:27,S01,20241230
S01/20241230/00016,4,P104042,2,365.03,SALE,2024-12-30T14:27:27,S01,20241230
S01/20241230/00016,5,P104478,2,18.27,SALE,2024-12-30T14:27:27,S01,20241230
S01/20241230/00016,6,TAX,1,118.32,TAX,2024-12-30T14:27:27,S01,20241230
S01/20241230/00016,7,TENDER,1,4708.93,TENDER,2024-12-30T14:27:27,S01,20241230
S01/20241230/00017,1,P104308,-2,53.24,RETURN,2024-12-30T21:45:44,S01,20241230
S01/20241230/00017,2,P100499,-3,258.12,RETURN,2024-12-30T21:45:44,S01,20241230
S01/20241230/00017,3,P108159,-2,488.81,RETURN,2024-12-30T21:45:44,S01,20241230
S01/20241230/00017,4,P105377,-3,275.11,RETURN,2024-12-30T21:45:44,S01,20241230
S01/20241230/00017,5,P103704,-3,188.13,RETURN,2024-12-30T21:45:44,S01,20241230
S01/20241230/00017,6,P105965,-1,66.08,RETURN,2024-12-30T21:45:44,S01,20241230
S01/20241230/00017,7,TAX,1,-316.02,TAX,2024-12-30T21:45:44,S01,20241230
S01/20241230/00017,8,TENDER,1,-3630.28,TENDER,2024-12-30T21:45:44,S01,20241230
S01/20241230/00018,1,P106720,1,126.28,SALE,2024-12-30T19:54:18,S01,20241230
S01/20241230/00018,2,P102460,2,582.21,SALE,2024-12-30T19:54:18,S01,20241230
S01/20241230/00018,3,P108110,1,16.57,SALE,2024-12-30T19:54:18,S01,20241230
S01/20241230/00018,4,P106344,3,801.30,SALE,2024-12-30T19:54:18,S01,20241230
S01/20241230/00018,5,P104361,2,1519.18,SALE,2024-12-30T19:54:18,S01,20241230
S01/20241230/00018,6,TAX,1,448.54,TAX,2024-12-30T19:54:18,S01,20241230
S01/20241230/00018,7,TENDER,1,7198.07,TENDER,2024-12-30T19:54:18,S01,20241230
S01/20241230/00019,1,P106254,1,1282.79,SALE,2024-12-30T17:26:05,S01,20241230
S01/20241230/00019,2,P107996,2,224.54,SALE,2024-12-30T17:26:05,S01,20241230
S01/20241230/00019,3,P100711,2,101.23,SALE,2024-12-30T17:26:05,S01,20241230
S01/20241230/00019,4,P102913,2,375.37,SALE,2024-12-30T17:26:05,S01,20241230
S01/20241230/00019,5,P104544,3,104.46,SALE,2024-12-30T17:26:05,S01,20241230
S01/20241230/00019,6,P104909,3,363.10,SALE,2024-12-30T17:26:05,S01,20241230
S01/20241230/00019,7,P100677,1,256.17,SALE,2024-12-30T17:26:05,S01,20241230
S01/20241230/00019,8,DISC,1,-151.81,DISCOUNT,2024-12-30T17:26:05,S01,20241230
S01/20241230/00019,9,TAX,1,203.40,TAX,2024-12-30T17:26:05,S01,20241230
S01/20241230/00019,10,TENDER,1,4395.51,TENDER,2024-12-30T17:26:05,S01,20241230
S01/20241230/00020,1,P101327,2,233.22,SALE,2024-12-30T16:51:59,S01,20241230
S01/20241230/00020,2,P105030,2,224.07,SALE,2024-12-30T16:51:59,S01,20241230
S01/20241230/00020,3,P102516,3,1272.67,SALE,2024-12-30T16:51:59,S01,20241230
S01/20241230/00020,4,P105819,2,66.64,SALE,2024-12-30T16:51:59,S01,20241230
S01/20241230/00020,5,TAX,1,379.52,TAX,2024-12-30T16:51:59,S01,20241230
S01/20241230/00020,6,TENDER,1,5245.39,TENDER,2024-12-30T16:51:59,S01,20241230
S01/20241230/00021,1,P106720,3,126.28,SALE,2024-12-30T13:29:34,S01,20241230
S01/20241230/00021,2,P106669,2,102.72,SALE,2024-12-30T13:29:34,S01,20241230
S01/20241230/00021,3,P107158,3,147.89,SALE,2024-12-30T13:29:34,S01,20241230
S01/20241230/00021,4,P108046,1,101.85,SALE,2024-12-30T13:29:34,S01,20241230
S01/20241230/00021,5,P108379,2,300.71,SALE,2024-12-30T13:29:34,S01,20241230
S01/20241230/00021,6,P103896,1,203.30,SALE,2024-12-30T13:29:34,S01,20241230
S01/20241230/00021,7,P101142,1,102.04,SALE,2024-12-30T13:29:34,S01,20241230
S01/20241230/00021,8,P104820,1,207.26,SALE,2024-12-30T13:29:34,S01,20241230
S01/20241230/00021,9,TAX,1,334.97,TAX,2024-12-30T13:29:34,S01,20241230
S01/20241230/00021,10,TENDER,1,2578.79,TENDER,2024-12-30T13:29:34,S01,20241230
S01/20241230/00022,1,P104233,3,1271.89,SALE,2024-12-30T21:08:54,S01,20241230
S01/20241230/00022,2,P100319,5,54.97,SALE,2024-12-30T21:08:54,S01,20241230
S01/20241230/00022,3,TAX,1,204.53,TAX,2024-12-30T21:08:54,S01,20241230
S01/20241230/00022,4,TENDER,1,4295.05,TENDER,2024-12-30T21:08:54,S01,20241230
S01/20241230/00023,1,P105594,4,321.63,SALE,2024-12-30T16:27:07,S01,20241230
S01/20241230/00023,2,P105695,4,158.81,SALE,2024-12-30T16:27:07,S01,20241230
S01/20241230/00023,3,P104320,2,147.42,SALE,2024-12-30T16:27:07,S01,20241230
S01/20241230/00023,4,TAX,1,186.14,TAX,2024-12-30T16:27:07,S01,20241230
S01/20241230/00023,5,TENDER,1,2402.74,TENDER,2024-12-30T16:27:07,S01,20241230
S01/20241230/00024,1,P103719,1,957.52,SALE,2024-12-30T13:01:01,S01,20241230
S01/20241230/00024,2,P101010,1,71.39,SALE,2024-12-30T13:01:01,S01,20241230
S01/20241230/00024,3,P101419,1,202.93,SALE,2024-12-30T13:01:01,S01,20241230
S01/20241230/00024,4,DISC,1,-61.13,DISCOUNT,2024-12-30T13:01:01,S01,20241230
S01/20241230/00024,5,TAX,1,140.49,TAX,2024-12-30T13:01:01,S01,20241230
S01/20241230/00024,6,TENDER,1,1311.20,TENDER,2024-12-30T13:01:01,S01,20241230
S01/20241230/00025,1,P106965,2,89.01,SALE,2024-12-30T21:44:38,S01,20241230
S01/20241230/00025,2,P102616,2,82.31,SALE,2024-12-30T21:44:38,S01,20241230
S01/20241230/00025,3,P104469,4,1631.11,SALE,2024-12-30T21:44:38,S01,20241230
S01/20241230/00025,4,P105075,2,49.58,SALE,2024-12-30T21:44:38,S01,20241230
S01/20241230/00025,5,TAX,1,839.31,TAX,2024-12-30T21:44:38,S01,20241230
S01/20241230/00025,6,TENDER,1,7805.55,TENDER,2024-12-30T21:44:38,S01,20241230
S01/20241230/00026,1,P104334,1,294.34,SALE,2024-12-30T15:49:37,S01,20241230
S01/20241230/00026,2,P104944,3,54.97,SALE,2024-12-30T15:49:37,S01,20241230
S01/20241230/00026,3,P104257,3,42.95,SALE,2024-12-30T15:49:37,S01,20241230
S01/20241230/00026,4,P104625,1,296.80,SALE,2024-12-30T15:49:37,S01,20241230
S01/20241230/00026,5,P103416,2,73.27,SALE,2024-12-30T15:49:37,S01,20241230
S01/20241230/00026,6,P100100,1,435.38,SALE,2024-12-30T15:49:37,S01,20241230
S01/20241230/00026,7,P100864,3,208.63,SALE,2024-12-30T15:49:37,S01,20241230
S01/20241230/00026,8,P103299,2,238.05,SALE,2024-12-30T15:49:37,S01,20241230
S01/20241230/00026,9,TAX,1,327.82,TAX,2024-12-30T15:49:37,S01,20241230
S01/20241230/00026,10,TENDER,1,2896.63,TENDER,2024-12-30T15:49:37,S01,20241230
S01/20241230/00027,1,P104023,3,630.48,SALE,2024-12-30T15:55:19,S01,20241230
S01/20241230/00027,2,TAX,1,94.57,TAX,2024-12-30T15:55:19,S01,20241230
S01/20241230/00027,3,TENDER,1,1986.01,TENDER,2024-12-30T15:55:19,S01,20241230
S01/20241230/00028,1,P101515,3,60.18,SALE,2024-12-30T16:28:06,S01,20241230
S01/20241230/00028,2,P104404,4,890.27,SALE,2024-12-30T16:28:06,S01,20241230
S01/20241230/00028,3,P102404,2,370.32,SALE,2024-12-30T16:28:06,S01,20241230
S01/20241230/00028,4,TAX,1,427.33,TAX,2024-12-30T16:28:06,S01,20241230
S01/20241230/00028,5,TENDER,1,4909.59,TENDER,2024-12-30T16:28:06,S01,20241230
S01/20241230/00029,1,P100005,1,114.37,SALE,2024-12-30T13:27:59,S01,20241230
S01/20241230/00029,2,P100057,1,233.39,SALE,2024-12-30T13:27:59,S01,20241230
S01/20241230/00029,3,P105323,3,84.67,SALE,2024-12-30T13:27:59,S01,20241230
S01/20241230/00029,4,P100652,2,45.46,SALE,2024-12-30T13:27:59,S01,20241230
S01/20241230/00029,5,P108017,5,105.98,SALE,2024-12-30T13:27:59,S01,20241230
S01/20241230/00029,6,TAX,1,77.66,TAX,2024-12-30T13:27:59,S01,20241230
S01/20241230/00029,7,TENDER,1,1300.25,TENDER,2024-12-30T13:27:59,S01,20241230
S01/20241230/00030,1,P107362,3,75.90,SALE,2024-12-30T17:02:05,S01,20241230
S01/20241230/00030,2,P103262,1,54.76,SALE,2024-12-30T17:02:05,S01,20241230
S01/20241230/00030,3,P104980,3,92.75,SALE,2024-12-30T17:02:05,S01,20241230
S01/20241230/00030,4,P101156,1,95.07,SALE,2024-12-30T17:02:05,S01,20241230
S01/20241230/00030,5,TAX,1,62.39,TAX,2024-12-30T17:02:05,S01,20241230
S01/20241230/00030,6,TENDER,1,718.17,TENDER,2024-12-30T17:02:05,S01,20241230
S01/20241230/00031,1,P101859,2,66.16,SALE,2024-12-30T12:51:23,S01,20241230
S01/20241230/00031,2,P107536,1,1613.47,SALE,2024-12-30T12:51:23,S01,20241230
S01/20241230/00031,3,P102695,1,1277.24,SALE,2024-12-30T12:51:23,S01,20241230
S01/20241230/00031,4,P106731,2,153.24,SALE,2024-12-30T12:51:23,S01,20241230
S01/20241230/00031,5,P107145,4,235.69,SALE,2024-12-30T12:51:23,S01,20241230
S01/20241230/00031,6,P106454,3,127.35,SALE,2024-12-30T12:51:23,S01,20241230
S01/20241230/00031,7,TAX,1,301.38,TAX,2024-12-30T12:51:23,S01,20241230
S01/20241230/00031,8,TENDER,1,4955.70,TENDER,2024-12-30T12:51:23,S01,20241230
S01/20241230/00032,1,P108200,1,333.41,SALE,2024-12-30T17:11:08,S01,20241230
S01/20241230/00032,2,P103743,3,1117.90,SALE,2024-12-30T17:11:08,S01,20241230
S01/20241230/00032,3,P104242,1,308.27,SALE,2024-12-30T17:11:08,S01,20241230
S01/20241230/00032,4,P105713,1,345.36,SALE,2024-12-30T17:11:08,S01,20241230
S01/20241230/00032,5,DISC,1,-282.09,DISCOUNT,2024-12-30T17:11:08,S01,20241230
S01/20241230/00032,6,TAX,1,88.14,TAX,2024-12-30T17:11:08,S01,20241230
S01/20241230/00032,7,TENDER,1,4146.79,TENDER,2024-12-30T17:11:08,S01,20241230
S01/20241230/00033,1,P104226,4,303.01,SALE,2024-12-30T13:28:25,S01,20241230
S01/20241230/00033,2,P107163,3,187.11,SALE,2024-12-30T13:28:25,S01,20241230
S01/20241230/00033,3,P103040,1,410.59,SALE,2024-12-30T13:28:25,S01,20241230
S01/20241230/00033,4,P105624,2,380.06,SALE,2024-12-30T13:28:25,S01,20241230
S01/20241230/00033,5,P100883,1,723.68,SALE,2024-12-30T13:28:25,S01,20241230
S01/20241230/00033,6,TAX,1,176.16,TAX,2024-12-30T13:28:25,S01,20241230
S01/20241230/00033,7,TENDER,1,3843.92,TENDER,2024-12-30T13:28:25,S01,20241230
S01/20241230/00034,1,P103645,3,285.25,SALE,2024-12-30T15:44:45,S01,20241230
S01/20241230/00034,2,P106844,1,23.44,SALE,2024-12-30T15:44:45,S01,20241230
S01/20241230/00034,3,P102585,1,516.36,SALE,2024-12-30T15:44:45,S01,20241230
S01/20241230/00034,4,P104401,3,207.51,SALE,2024-12-30T15:44:45,S01,20241230
S01/20241230/00034,5,TAX,1,104.74,TAX,2024-12-30T15:44:45,S01,20241230
S01/20241230/00034,6,TENDER,1,2122.82,TENDER,2024-12-30T15:44:45,S01,20241230
S01/20241230/00035,1,P106391,1,843.35,SALE,2024-12-30T13:01:31,S01,20241230
S01/20241230/00035,2,P107094,3,97.95,SALE,2024-12-30T13:01:31,S01,20241230
S01/20241230/00035,3,P106426,3,154.27,SALE,2024-12-30T13:01:31,S01,20241230
S01/20241230/00035,4,TAX,1,178.37,TAX,2024-12-30T13:01:31,S01,20241230
S01/20241230/00035,5,TENDER,1,1778.38,TENDER,2024-12-30T13:01:31,S01,20241230
S01/20241230/00036,1,P105119,3,106.45,SALE,2024-12-30T13:21:30,S01,20241230
S01/20241230/00036,2,P102738,3,236.55,SALE,2024-12-30T13:21:30,S01,20241230
S01/20241230/00036,3,P106024,1,472.89,SALE,2024-12-30T13:21:30,S01,20241230
S01/20241230/00036,4,P102954,3,129.98,SALE,2024-12-30T13:21:30,S01,20241230
S01/20241230/00036,5,TAX,1,274.55,TAX,2024-12-30T13:21:30,S01,20241230
S01/20241230/00036,6,TENDER,1,2166.38,TENDER,2024-12-30T13:21:30,S01,20241230
S01/20241230/00037,1,P101083,3,349.65,SALE,2024-12-30T18:32:18,S01,20241230
S01/20241230/00037,2,P103090,3,841.97,SALE,2024-12-30T18:32:18,S01,20241230
S01/20241230/00037,3,P104645,1,1052.62,SALE,2024-12-30T18:32:18,S01,20241230
S01/20241230/00037,4,TAX,1,315.11,TAX,2024-12-30T18:32:18,S01,20241230
S01/20241230/00037,5,TENDER,1,4942.59,TENDER,2024-12-30T18:32:18,S01,20241230
S01/20241230/00038,1,P104026,4,140.73,SALE,2024-12-30T19:09:00,S01,20241230
S01/20241230/00038,2,P107654,2,409.57,SALE,2024-12-30T19:09:00,S01,20241230
S01/20241230/00038,3,P106872,2,73.12,SALE,2024-12-30T19:09:00,S01,20241230
S01/20241230/00038,4,TAX,1,152.77,TAX,2024-12-30T19:09:00,S01,20241230
S01/20241230/00038,5,TENDER,1,1681.07,TENDER,2024-12-30T19:09:00,S01,20241230
S01/20241230/00039,1,P102794,2,416.24,SALE,2024-12-30T13:02:04,S01,20241230
S01/20241230/00039,2,P106735,1,320.99,SALE,2024-12-30T13:02:04,S01,20241230
S01/20241230/00039,3,P103637,1,338.13,SALE,2024-12-30T13:02:04,S01,20241230
S01/20241230/00039,4,P101419,2,202.93,SALE,2024-12-30T13:02:04,S01,20241230
S01/20241230/00039,5,P105507,1,22.07,SALE,2024-12-30T13:02:04,S01,20241230
S01/20241230/00039,6,P101933,4,1344.63,SALE,2024-12-30T13:02:04,S01,20241230
S01/20241230/00039,7,P102954,1,129.98,SALE,2024-12-30T13:02:04,S01,20241230
S01/20241230/00039,8,TAX,1,828.36,TAX,2024-12-30T13:02:04,S01,20241230
S01/20241230/00039,9,TENDER,1,8256.39,TENDER,2024-12-30T13:02:04,S01,20241230
S01/20241230/00040,1,P102814,2,543.91,SALE,2024-12-30T17:32:14,S01,20241230
S01/20241230/00040,2,P106207,1,564.89,SALE,2024-12-30T17:32:14,S01,20241230
S01/20241230/00040,3,P103413,2,1352.06,SALE,2024-12-30T17:32:14,S01,20241230
S01/20241230/00040,4,TAX,1,291.28,TAX,2024-12-30T17:32:14,S01,20241230
S01/20241230/00040,5,TENDER,1,4648.11,TENDER,2024-12-30T17:32:14,S01,20241230
S01/20241230/00041,1,P100354,1,182.63,SALE,2024-12-30T13:50:15,S01,20241230
S01/20241230/00041,2,P107208,1,323.06,SALE,2024-12-30T13:50:15,S01,20241230
S01/20241230/00041,3,P105021,3,1246.70,SALE,2024-12-30T13:50:15,S01,20241230
S01/20241230/00041,4,P105541,5,189.75,SALE,2024-12-30T13:50:15,S01,20241230
S01/20241230/00041,5,TAX,1,657.66,TAX,2024-12-30T13:50:15,S01,20241230
S01/20241230/00041,6,TENDER,1,5852.20,TENDER,2024-12-30T13:50:15,S01,20241230
S01/20241230/00042,1,P108374,1,1417.29,SALE,2024-12-30T17:26:50,S01,20241230
S01/20241230/00042,2,P108174,1,235.92,SALE,2024-12-30T17:26:50,S01,20241230
S01/20241230/00042,3,P101564,2,172.72,SALE,2024-12-30T17:26:50,S01,20241230
S01/20241230/00042,4,P106388,2,1120.55,SALE,2024-12-30T17:26:50,S01,20241230
S01/20241230/00042,5,P105331,1,308.39,SALE,2024-12-30T17:26:50,S01,20241230
S01/20241230/00042,6,TAX,1,89.39,TAX,2024-12-30T17:26:50,S01,20241230
S01/20241230/00042,7,TENDER,1,4637.53,TENDER,2024-12-30T17:26:50,S01,20241230
S01/20241230/00043,1,P100652,2,45.46,SALE,2024-12-30T14:45:16,S01,20241230
S01/20241230/00043,2,P105313,2,51.83,SALE,2024-12-30T14:45:16,S01,20241230
S01/20241230/00043,3,P105230,2,123.72,SALE,2024-12-30T14:45:16,S01,20241230
S01/20241230/00043,4,TAX,1,46.06,TAX,2024-12-30T14:45:16,S01,20241230
S01/20241230/00043,5,TENDER,1,488.08,TENDER,2024-12-30T14:45:16,S01,20241230
S01/20241230/00044,1,P107266,2,71.89,SALE,2024-12-30T14:11:01,S01,20241230
S01/20241230/00044,2,P100632,1,331.55,SALE,2024-12-30T14:11:01,S01,20241230
S01/20241230/00044,3,P107952,2,1964.70,SALE,2024-12-30T14:11:01,S01,20241230
S01/20241230/00044,4,P105180,4,102.63,SALE,2024-12-30T14:11:01,S01,20241230
S01/20241230/00044,5,P100974,2,41.35,SALE,2024-12-30T14:11:01,S01,20241230
S01/20241230/00044,6,P105589,1,90.25,SALE,2024-12-30T14:11:01,S01,20241230
S01/20241230/00044,7,P104587,4,252.25,SALE,2024-12-30T14:11:01,S01,20241230
S01/20241230/00044,8,P101237,3,278.87,SALE,2024-12-30T14:11:01,S01,20241230
S01/20241230/00044,9,DISC,1,-426.49,DISCOUNT,2024-12-30T14:11:01,S01,20241230
S01/20241230/00044,10,TAX,1,292.51,TAX,2024-12-30T14:11:01,S01,20241230
S01/20241230/00044,11,TENDER,1,6699.83,TENDER,2024-12-30T14:11:01,S01,20241230
S01/20241230/00045,1,P101961,2,767.84,SALE,2024-12-30T13:46:03,S01,20241230
S01/20241230/00045,2,P106344,3,801.30,SALE,2024-12-30T13:46:03,S01,20241230
S01/20241230/00045,3,P107110,1,77.73,SALE,2024-12-30T13:46:03,S01,20241230
S01/20241230/00045,4,P100100,4,435.38,SALE,2024-12-30T13:46:03,S01,20241230
S01/20241230/00045,5,P102415,3,1245.81,SALE,2024-12-30T13:46:03,S01,20241230
S01/20241230/00045,6,P107449,1,1495.62,SALE,2024-12-30T13:46:03,S01,20241230
S01/20241230/00045,7,TAX,1,865.74,TAX,2024-12-30T13:46:03,S01,20241230
S01/20241230/00045,8,TENDER,1,11857.62,TENDER,2024-12-30T13:46:03,S01,20241230
S01/20241230/00046,1,P101747,1,245.75,SALE,2024-12-30T21:40:04,S01,20241230
S01/20241230/00046,2,P107178,3,298.69,SALE,2024-12-30T21:40:04,S01,20241230
S01/20241230/00046,3,P107215,4,153.85,SALE,2024-12-30T21:40:04,S01,20241230
S01/20241230/00046,4,P106584,3,247.63,SALE,2024-12-30T21:40:04,S01,20241230
S01/20241230/00046,5,P100985,3,327.15,SALE,2024-12-30T21:40:04,S01,20241230
S01/20241230/00046,6,P100999,1,171.06,SALE,2024-12-30T21:40:04,S01,20241230
S01/20241230/00046,7,P100519,4,365.61,SALE,2024-12-30T21:40:04,S01,20241230
S01/20241230/00046,8,P107708,2,167.35,SALE,2024-12-30T21:40:04,S01,20241230
S01/20241230/00046,9,TAX,1,545.82,TAX,2024-12-30T21:40:04,S01,20241230
S01/20241230/00046,10,TENDER,1,5995.58,TENDER,2024-12-30T21:40:04,S01,20241230
S01/20241230/00047,1,P106813,3,257.87,SALE,2024-12-30T15:59:09,S01,20241230
S01/20241230/00047,2,P104058,3,372.63,SALE,2024-12-30T15:59:09,S01,20241230
S01/20241230/00047,3,P100428,1,150.84,SALE,2024-12-30T15:59:09,S01,20241230
S01/20241230/00047,4,P103816,1,209.63,SALE,2024-12-30T15:59:09,S01,20241230
S01/20241230/00047,5,DISC,1,-225.73,DISCOUNT,2024-12-30T15:59:09,S01,20241230
S01/20241230/00047,6,TAX,1,298.53,TAX,2024-12-30T15:59:09,S01,20241230
S01/20241230/00047,7,TENDER,1,2324.77,TENDER,2024-12-30T15:59:09,S01,20241230
S01/20241230/00048,1,P102142,2,93.89,SALE,2024-12-30T15:24:16,S01,20241230
S01/20241230/00048,2,P106151,3,298.42,SALE,2024-12-30T15:24:16,S01,20241230
S01/20241230/00048,3,P104645,1,1052.62,SALE,2024-12-30T15:24:16,S01,20241230
S01/20241230/00048,4,P101796,3,990.67,SALE,2024-12-30T15:24:16,S01,20241230
S01/20241230/00048,5,P104883,3,370.64,SALE,2024-12-30T15:24:16,S01,20241230
S01/20241230/00048,6,P100260,1,1120.33,SALE,2024-12-30T15:24:16,S01,20241230
S01/20241230/00048,7,P102664,1,261.47,SALE,2024-12-30T15:24:16,S01,20241230
S01/20241230/00048,8,TAX,1,368.08,TAX,2024-12-30T15:24:16,S01,20241230
S01/20241230/00048,9,TENDER,1,7969.47,TENDER,2024-12-30T15:24:16,S01,20241230
S01/20241230/00049,1,P105400,2,53.13,SALE,2024-12-30T15:44:46,S01,20241230
S01/20241230/00049,2,P103105,2,34.12,SALE,2024-12-30T15:44:46,S01,20241230
S01/20241230/00049,3,P107208,3,323.06,SALE,2024-12-30T15:44:46,S01,20241230
S01/20241230/00049,4,P102014,4,261.84,SALE,2024-12-30T15:44:46,S01,20241230
S01/20241230/00049,5,TAX,1,268.39,TAX,2024-12-30T15:44:46,S01,20241230
S01/20241230/00049,6,TENDER,1,2459.43,TENDER,2024-12-30T15:44:46,S01,20241230
S01/20241230/00050,1,P104168,1,512.27,SALE,2024-12-30T22:57:31,S01,20241230
S01/20241230/00050,2,P107365,2,978.42,SALE,2024-12-30T22:57:31,S01,20241230
S01/20241230/00050,3,P100362,2,282.80,SALE,2024-12-30T22:57:31,S01,20241230
S01/20241230/00050,4,P102452,2,176.54,SALE,2024-12-30T22:57:31,S01,20241230
S01/20241230/00050,5,P105035,4,159.58,SALE,2024-12-30T22:57:31,S01,20241230
S01/20241230/00050,6,DISC,1,-201.63,DISCOUNT,2024-12-30T22:57:31,S01,20241230
S01/20241230/00050,7,TAX,1,264.16,TAX,2024-12-30T22:57:31,S01,20241230
S01/20241230/00050,8,TENDER,1,4088.64,TENDER,2024-12-30T22:57:31,S01,20241230
S01/20241231/00001,1,P102682,2,95.00,SALE,2024-12-31T17:47:29,S01,20241231
S01/20241231/00001,2,P102207,2,342.36,SALE,2024-12-31T17:47:29,S01,20241231
S01/20241231/00001,3,P102516,3,1272.67,SALE,2024-12-31T17:47:29,S01,20241231
S01/20241231/00001,4,TAX,1,282.57,TAX,2024-12-31T17:47:29,S01,20241231
S01/20241231/00001,5,TENDER,1,4975.30,TENDER,2024-12-31T17:47:29,S01,20241231
S01/20241231/00002,1,P101622,4,272.35,SALE,2024-12-31T18:59:58,S01,20241231
S01/20241231/00002,2,P104898,3,181.50,SALE,2024-12-31T18:59:58,S01,20241231
S01/20241231/00002,3,P101690,3,1044.81,SALE,2024-12-31T18:59:58,S01,20241231
S01/20241231/00002,4,TAX,1,238.42,TAX,2024-12-31T18:59:58,S01,20241231
S01/20241231/00002,5,TENDER,1,5006.75,TENDER,2024-12-31T18:59:58,S01,20241231
S01/20241231/00003,1,P106080,1,361.06,SALE,2024-12-31T14:04:31,S01,20241231
S01/20241231/00003,2,P101690,3,1044.81,SALE,2024-12-31T14:04:31,S01,20241231
S01/20241231/00003,3,P101674,3,387.70,SALE,2024-12-31T14:04:31,S01,20241231
S01/20241231/00003,4,P105684,1,1114.27,SALE,2024-12-31T14:04:31,S01,20241231
S01/20241231/00003,5,P103680,2,210.26,SALE,2024-12-31T14:04:31,S01,20241231
S01/20241231/00003,6,P106765,3,279.73,SALE,2024-12-31T14:04:31,S01,20241231
S01/20241231/00003,7,TAX,1,616.17,TAX,2024-12-31T14:04:31,S01,20241231
S01/20241231/00003,8,TENDER,1,7648.74,TENDER,2024-12-31T14:04:31,S01,20241231
S01/20241231/00004,1,P107178,2,298.69,SALE,2024-12-31T15:28:44,S01,20241231
S01/20241231/00004,2,P100621,1,134.28,SALE,2024-12-31T15:28:44,S01,20241231
S01/20241231/00004,3,P104181,1,298.55,SALE,2024-12-31T15:28:44,S01,20241231
S01/20241231/00004,4,P103757,4,159.40,SALE,2024-12-31T15:28:44,S01,20241231
S01/20241231/00004,5,P102933,2,610.87,SALE,2024-12-31T15:28:44,S01,20241231
S01/20241231/00004,6,DISC,1,-117.46,DISCOUNT,2024-12-31T15:28:44,S01,20241231
S01/20241231/00004,7,TAX,1,297.56,TAX,2024-12-31T15:28:44,S01,20241231
S01/20241231/00004,8,TENDER,1,3069.65,TENDER,2024-12-31T15:28:44,S01,20241231
S01/20241231/00005,1,P107110,3,77.73,SALE,2024-12-31T16:21:37,S01,20241231
S01/20241231/00005,2,P104133,2,248.31,SALE,2024-12-31T16:21:37,S01,20241231
S01/20241231/00005,3,P104328,1,64.22,SALE,2024-12-31T16:21:37,S01,20241231
S01/20241231/00005,4,P106602,3,122.17,SALE,2024-12-31T16:21:37,S01,20241231
S01/20241231/00005,5,P102531,3,160.54,SALE,2024-12-31T16:21:37,S01,20241231
S01/20241231/00005,6,P105009,2,65.38,SALE,2024-12-31T16:21:37,S01,20241231
S01/20241231/00005,7,P101393,3,36.64,SALE,2024-12-31T16:21:37,S01,20241231
S01/20241231/00005,8,TAX,1,150.34,TAX,2024-12-31T16:21:37,S01,20241231
S01/20241231/00005,9,TENDER,1,2033.18,TENDER,2024-12-31T16:21:37,S01,20241231
S01/20241231/00006,1,P105733,1,151.69,SALE,2024-12-31T12:35:19,S01,20241231
S01/20241231/00006,2,P105460,2,148.47,SALE,2024-12-31T12:35:19,S01,20241231
S01/20241231/00006,3,P107089,3,208.86,SALE,2024-12-31T12:35:19,S01,20241231
S01/20241231/00006,4,TAX,1,112.08,TAX,2024-12-31T12:35:19,S01,20241231
S01/20241231/00006,5,TENDER,1,1187.29,TENDER,2024-12-31T12:35:19,S01,20241231
S01/20241231/00007,1,P106478,3,56.12,SALE,2024-12-31T13:13:01,S01,20241231
S01/20241231/00007,2,TAX,1,8.42,TAX,2024-12-31T13:13:01,S01,20241231
S01/20241231/00007,3,TENDER,1,176.78,TENDER,2024-12-31T13:13:01,S01,20241231
S01/20241231/00008,1,P100999,4,171.06,SALE,2024-12-31T17:03:31,S01,20241231
S01/20241231/00008,2,P106942,2,206.70,SALE,2024-12-31T17:03:31,S01,20241231
S01/20241231/00008,3,P106391,1,795.61,SALE,2024-12-31T17:03:31,S01,20241231
S01/20241231/00008,4,P106004,1,137.38,SALE,2024-12-31T17:03:31,S01,20241231
S01/20241231/00008,5,P105518,3,729.30,SALE,2024-12-31T17:03:31,S01,20241231
S01/20241231/00008,6,TAX,1,461.14,TAX,2024-12-31T17:03:31,S01,20241231
S01/20241231/00008,7,TENDER,1,4679.67,TENDER,2024-12-31T17:03:31,S01,20241231
S01/20241231/00009,1,P106686,4,324.48,SALE,2024-12-31T15:28:48,S01,20241231
S01/20241231/00009,2,P100933,1,276.15,SALE,2024-12-31T15:28:48,S01,20241231
S01/20241231/00009,3,P100682,1,337.76,SALE,2024-12-31T15:28:48,S01,20241231
S01/20241231/00009,4,P105980,1,288.70,SALE,2024-12-31T15:28:48,S01,20241231
S01/20241231/00009,5,P105908,3,698.64,SALE,2024-12-31T15:28:48,S01,20241231
S01/20241231/00009,6,P106751,1,134.60,SALE,2024-12-31T15:28:48,S01,20241231
S01/20241231/00009,7,P100077,2,173.95,SALE,2024-12-31T15:28:48,S01,20241231
S01/20241231/00009,8,P104645,1,1052.62,SALE,2024-12-31T15:28:48,S01,20241231
S01/20241231/00009,9,P103766,2,212.45,SALE,2024-12-31T15:28:48,S01,20241231
S01/20241231/00009,10,TAX,1,339.94,TAX,2024-12-31T15:28:48,S01,20241231
S01/20241231/00009,11,TENDER,1,6596.41,TENDER,2024-12-31T15:28:48,S01,20241231
S01/20241231/00010,1,P101774,1,1168.66,SALE,2024-12-31T15:51:56,S01,20241231
S01/20241231/00010,2,P100991,5,173.46,SALE,2024-12-31T15:51:56,S01,20241231
S01/20241231/00010,3,P100348,1,527.90,SALE,2024-12-31T15:51:56,S01,20241231
S01/20241231/00010,4,P102305,1,111.72,SALE,2024-12-31T15:51:56,S01,20241231
S01/20241231/00010,5,P105479,2,253.92,SALE,2024-12-31T15:51:56,S01,20241231
S01/20241231/00010,6,TAX,1,284.35,TAX,2024-12-31T15:51:56,S01,20241231
S01/20241231/00010,7,TENDER,1,3467.77,TENDER,2024-12-31T15:51:56,S01,20241231
S01/20241231/00011,1,P108221,3,50.44,SALE,2024-12-31T20:58:50,S01,20241231
S01/20241231/00011,2,P105479,1,253.92,SALE,2024-12-31T20:58:50,S01,20241231
S01/20241231/00011,3,P104032,2,603.87,SALE,2024-12-31T20:58:50,S01,20241231
S01/20241231/00011,4,P103861,3,57.59,SALE,2024-12-31T20:58:50,S01,20241231
S01/20241231/00011,5,P107242,4,635.24,SALE,2024-12-31T20:58:50,S01,20241231
S01/20241231/00011,6,P104257,2,42.95,SALE,2024-12-31T20:58:50,S01,20241231
S01/20241231/00011,7,P100406,1,435.20,SALE,2024-12-31T20:58:50,S01,20241231
S01/20241231/00011,8,P107581,4,287.09,SALE,2024-12-31T20:58:50,S01,20241231
S01/20241231/00011,9,TAX,1,574.65,TAX,2024-12-31T20:58:50,S01,20241231
S01/20241231/00011,10,TENDER,1,6570.82,TENDER,2024-12-31T20:58:50,S01,20241231
S01/20241231/00012,1,P105272,1,351.65,SALE,2024-12-31T17:14:59,S01,20241231
S01/20241231/00012,2,P107715,4,241.95,SALE,2024-12-31T17:14:59,S01,20241231
S01/20241231/00012,3,P107072,1,75.15,SALE,2024-12-31T17:14:59,S01,20241231
S01/20241231/00012,4,P107047,2,413.27,SALE,2024-12-31T17:14:59,S01,20241231
S01/20241231/00012,5,P102181,2,1615.15,SALE,2024-12-31T17:14:59,S01,20241231
S01/20241231/00012,6,P104351,1,1128.29,SALE,2024-12-31T17:14:59,S01,20241231
S01/20241231/00012,7,P105062,2,14.84,SALE,2024-12-31T17:14:59,S01,20241231
S01/20241231/00012,8,TAX,1,377.34,TAX,2024-12-31T17:14:59,S01,20241231
S01/20241231/00012,9,TENDER,1,6986.75,TENDER,2024-12-31T17:14:59,S01,20241231
S01/20241231/00013,1,P105100,1,270.01,SALE,2024-12-31T13:57:36,S01,20241231
S01/20241231/00013,2,P105450,1,252.15,SALE,2024-12-31T13:57:36,S01,20241231
S01/20241231/00013,3,P107435,2,636.54,SALE,2024-12-31T13:57:36,S01,20241231
S01/20241231/00013,4,TAX,1,277.76,TAX,2024-12-31T13:57:36,S01,20241231
S01/20241231/00013,5,TENDER,1,2073.00,TENDER,2024-12-31T13:57:36,S01,20241231
S01/20241231/00014,1,P102452,1,176.54,SALE,2024-12-31T22:02:11,S01,20241231
S01/20241231/00014,2,P103294,1,64.07,SALE,2024-12-31T22:02:11,S01,20241231
S01/20241231/00014,3,P102364,2,104.57,SALE,2024-12-31T22:02:11,S01,20241231
S01/20241231/00014,4,TAX,1,49.68,TAX,2024-12-31T22:02:11,S01,20241231
S01/20241231/00014,5,TENDER,1,499.43,TENDER,2024-12-31T22:02:11,S01,20241231
S01/20241231/00015,1,P103249,4,521.24,SALE,2024-12-31T14:08:10,S01,20241231
S01/20241231/00015,2,P100560,1,180.90,SALE,2024-12-31T14:08:10,S01,20241231
S01/20241231/00015,3,P105518,1,729.30,SALE,2024-12-31T14:08:10,S01,20241231
S01/20241231/00015,4,P102452,3,176.54,SALE,2024-12-31T14:08:10,S01,20241231
S01/20241231/00015,5,TAX,1,283.71,TAX,2024-12-31T14:08:10,S01,20241231
S01/20241231/00015,6,TENDER,1,3808.49,TENDER,2024-12-31T14:08:10,S01,20241231
S01/20241231/00016,1,P105230,1,123.72,SALE,2024-12-31T16:46:25,S01,20241231
S01/20241231/00016,2,P105112,2,194.64,SALE,2024-12-31T16:46:25,S01,20241231
S01/20241231/00016,3,P105035,2,159.58,SALE,2024-12-31T16:46:25,S01,20241231
S01/20241231/00016,4,P106239,3,803.36,SALE,2024-12-31T16:46:25,S01,20241231
S01/20241231/00016,5,P105100,3,270.01,SALE,2024-12-31T16:46:25,S01,20241231
S01/20241231/00016,6,P106300,2,425.27,SALE,2024-12-31T16:46:25,S01,20241231
S01/20241231/00016,7,TAX,1,282.18,TAX,2024-12-31T16:46:25,S01,20241231
S01/20241231/00016,8,TENDER,1,5184.99,TENDER,2024-12-31T16:46:25,S01,20241231
S01/20241231/00017,1,P100850,2,172.84,SALE,2024-12-31T17:51:04,S01,20241231
S01/20241231/00017,2,P101500,6,330.53,SALE,2024-12-31T17:51:04,S01,20241231
S01/20241231/00017,3,P105805,2,110.21,SALE,2024-12-31T17:51:04,S01,20241231
S01/20241231/00017,4,TAX,1,41.48,TAX,2024-12-31T17:51:04,S01,20241231
S01/20241231/00017,5,TENDER,1,2590.76,TENDER,2024-12-31T17:51:04,S01,20241231
S01/20241231/00018,1,P105365,1,420.06,SALE,2024-12-31T17:02:09,S01,20241231
S01/20241231/00018,2,P102998,3,158.64,SALE,2024-12-31T17:02:09,S01,20241231
S01/20241231/00018,3,P104700,3,1425.82,SALE,2024-12-31T17:02:09,S01,20241231
S01/20241231/00018,4,P104844,1,553.13,SALE,2024-12-31T17:02:09,S01,20241231
S01/20241231/00018,5,P103575,1,54.47,SALE,2024-12-31T17:02:09,S01,20241231
S01/20241231/00018,6,P105838,3,594.50,SALE,2024-12-31T17:02:09,S01,20241231
S01/20241231/00018,7,TAX,1,166.45,TAX,2024-12-31T17:02:09,S01,20241231
S01/20241231/00018,8,TENDER,1,7730.99,TENDER,2024-12-31T17:02:09,S01,20241231
S01/20241231/00019,1,P106424,3,535.14,SALE,2024-12-31T10:08:27,S01,20241231
S01/20241231/00019,2,P102272,3,389.34,SALE,2024-12-31T10:08:27,S01,20241231
S01/20241231/00019,3,TAX,1,220.43,TAX,2024-12-31T10:08:27,S01,20241231
S01/20241231/00019,4,TENDER,1,2993.87,TENDER,2024-12-31T10:08:27,S01,20241231
S01/20241231/00020,1,P105603,1,202.29,SALE,2024-12-31T19:26:33,S01,20241231
S01/20241231/00020,2,P100221,3,139.88,SALE,2024-12-31T19:26:33,S01,20241231
S01/20241231/00020,3,P108001,3,96.97,SALE,2024-12-31T19:26:33,S01,20241231
S01/20241231/00020,4,P105890,1,1196.88,SALE,2024-12-31T19:26:33,S01,20241231
S01/20241231/00020,5,P105624,1,380.06,SALE,2024-12-31T19:26:33,S01,20241231
S01/20241231/00020,6,P101507,2,635.95,SALE,2024-12-31T19:26:33,S01,20241231
S01/20241231/00020,7,TAX,1,229.21,TAX,2024-12-31T19:26:33,S01,20241231
S01/20241231/00020,8,TENDER,1,3990.89,TENDER,2024-12-31T19:26:33,S01,20241231
S01/20241231/00021,1,P102409,1,326.59,SALE,2024-12-31T17:13:12,S01,20241231
S01/20241231/00021,2,P104902,1,516.78,SALE,2024-12-31T17:13:12,S01,20241231
S01/20241231/00021,3,P103309,1,59.95,SALE,2024-12-31T17:13:12,S01,20241231
S01/20241231/00021,4,P105784,2,116.81,SALE,2024-12-31T17:13:12,S01,20241231
S01/20241231/00021,5,P106244,2,73.94,SALE,2024-12-31T17:13:12,S01,20241231
S01/20241231/00021,6,P104233,1,1271.89,SALE,2024-12-31T17:13:12,S01,20241231
S01/20241231/00021,7,TAX,1,236.14,TAX,2024-12-31T17:13:12,S01,20241231
S01/20241231/00021,8,TENDER,1,2792.85,TENDER,2024-12-31T17:13:12,S01,20241231
S01/20241231/00022,1,P105827,1,124.38,SALE,2024-12-31T14:33:42,S01,20241231
S01/20241231/00022,2,P102998,3,158.64,SALE,2024-12-31T14:33:42,S01,20241231
S01/20241231/00022,3,P100767,2,277.22,SALE,2024-12-31T14:33:42,S01,20241231
S01/20241231/00022,4,P108247,1,252.59,SALE,2024-12-31T14:33:42,S01,20241231
S01/20241231/00022,5,TAX,1,203.88,TAX,2024-12-31T14:33:42,S01,20241231
S01/20241231/00022,6,TENDER,1,1611.21,TENDER,2024-12-31T14:33:42,S01,20241231
S01/20241231/00023,1,P106486,2,1837.06,SALE,2024-12-31T12:33:06,S01,20241231
S01/20241231/00023,2,P108247,1,252.59,SALE,2024-12-31T12:33:06,S01,20241231
S01/20241231/00023,3,P103792,3,25.06,SALE,2024-12-31T12:33:06,S01,20241231
S01/20241231/00023,4,P101558,1,52.58,SALE,2024-12-31T12:33:06,S01,20241231
S01/20241231/00023,5,P102485,2,208.13,SALE,2024-12-31T12:33:06,S01,20241231
S01/20241231/00023,6,DISC,1,-463.72,DISCOUNT,2024-12-31T12:33:06,S01,20241231
S01/20241231/00023,7,TAX,1,466.42,TAX,2024-12-31T12:33:06,S01,20241231
S01/20241231/00023,8,TENDER,1,4473.43,TENDER,2024-12-31T12:33:06,S01,20241231
S01/20241231/00024,1,P106669,2,102.72,SALE,2024-12-31T19:52:16,S01,20241231
S01/20241231/00024,2,P100049,1,68.93,SALE,2024-12-31T19:52:16,S01,20241231
S01/20241231/00024,3,P100652,1,45.46,SALE,2024-12-31T19:52:16,S01,20241231
S01/20241231/00024,4,P100438,1,66.55,SALE,2024-12-31T19:52:16,S01,20241231
S01/20241231/00024,5,TAX,1,34.19,TAX,2024-12-31T19:52:16,S01,20241231
S01/20241231/00024,6,TENDER,1,420.57,TENDER,2024-12-31T19:52:16,S01,20241231
S01/20241231/00025,1,P103354,2,894.50,SALE,2024-12-31T17:11:34,S01,20241231
S01/20241231/00025,2,P107266,2,71.89,SALE,2024-12-31T17:11:34,S01,20241231
S01/20241231/00025,3,P100441,1,509.29,SALE,2024-12-31T17:11:34,S01,20241231
S01/20241231/00025,4,P101564,1,172.72,SALE,2024-12-31T17:11:34,S01,20241231
S01/20241231/00025,5,TAX,1,99.39,TAX,2024-12-31T17:11:34,S01,20241231
S01/20241231/00025,6,TENDER,1,2714.18,TENDER,2024-12-31T17:11:34,S01,20241231
S01/20241231/00026,1,P103811,2,778.90,SALE,2024-12-31T16:39:40,S01,20241231
S01/20241231/00026,2,P105531,2,502.91,SALE,2024-12-31T16:39:40,S01,20241231
S01/20241231/00026,3,P104469,2,1631.11,SALE,2024-12-31T16:39:40,S01,20241231
S01/20241231/00026,4,P102114,1,134.74,SALE,2024-12-31T16:39:40,S01,20241231
S01/20241231/00026,5,P103806,3,319.17,SALE,2024-12-31T16:39:40,S01,20241231
S01/20241231/00026,6,P104123,1,432.72,SALE,2024-12-31T16:39:40,S01,20241231
S01/20241231/00026,7,DISC,1,-243.43,DISCOUNT,2024-12-31T16:39:40,S01,20241231
S01/20241231/00026,8,TAX,1,551.92,TAX,2024-12-31T16:39:40,S01,20241231
S01/20241231/00026,9,TENDER,1,7659.30,TENDER,2024-12-31T16:39:40,S01,20241231
S01/20241231/00027,1,P102353,5,139.83,SALE,2024-12-31T16:41:46,S01,20241231
S01/20241231/00027,2,P107943,2,252.32,SALE,2024-12-31T16:41:46,S01,20241231
S01/20241231/00027,3,P101543,3,178.10,SALE,2024-12-31T16:41:46,S01,20241231
S01/20241231/00027,4,P105740,5,103.24,SALE,2024-12-31T16:41:46,S01,20241231
S01/20241231/00027,5,P107609,1,108.46,SALE,2024-12-31T16:41:46,S01,20241231
S01/20241231/00027,6,TAX,1,334.41,TAX,2024-12-31T16:41:46,S01,20241231
S01/20241231/00027,7,TENDER,1,2697.16,TENDER,2024-12-31T16:41:46,S01,20241231
S01/20241231/00028,1,P106254,1,1282.79,SALE,2024-12-31T15:35:31,S01,20241231
S01/20241231/00028,2,P105698,1,194.14,SALE,2024-12-31T15:35:31,S01,20241231
S01/20241231/00028,3,P105838,2,594.50,SALE,2024-12-31T15:35:31,S01,20241231
S01/20241231/00028,4,P103461,2,109.46,SALE,2024-12-31T15:35:31,S01,20241231
S01/20241231/00028,5,TAX,1,61.22,TAX,2024-12-31T15:35:31,S01,20241231
S01/20241231/00028,6,TENDER,1,2946.07,TENDER,2024-12-31T15:35:31,S01,20241231
S01/20241231/00029,1,P100354,4,182.63,SALE,2024-12-31T16:10:03,S01,20241231
S01/20241231/00029,2,P106522,1,203.79,SALE,2024-12-31T16:10:03,S01,20241231
S01/20241231/00029,3,P106844,2,23.44,SALE,2024-12-31T16:10:03,S01,20241231
S01/20241231/00029,4,P106584,2,247.63,SALE,2024-12-31T16:10:03,S01,20241231
S01/20241231/00029,5,P104708,1,487.33,SALE,2024-12-31T16:10:03,S01,20241231
S01/20241231/00029,6,P107960,2,1191.78,SALE,2024-12-31T16:10:03,S01,20241231
S01/20241231/00029,7,P101156,3,95.07,SALE,2024-12-31T16:10:03,S01,20241231
S01/20241231/00029,8,P107536,2,1613.47,SALE,2024-12-31T16:10:03,S01,20241231
S01/20241231/00029,9,TAX,1,430.94,TAX,2024-12-31T16:10:03,S01,20241231
S01/20241231/00029,10,TENDER,1,8290.43,TENDER,2024-12-31T16:10:03,S01,20241231
S01/20241231/00030,1,P103054,3,145.96,SALE,2024-12-31T19:01:31,S01,20241231
S01/20241231/00030,2,P100593,2,32.38,SALE,2024-12-31T19:01:31,S01,20241231
S01/20241231/00030,3,P107943,1,252.32,SALE,2024-12-31T19:01:31,S01,20241231
S01/20241231/00030,4,P105394,2,327.72,SALE,2024-12-31T19:01:31,S01,20241231
S01/20241231/00030,5,P100221,3,139.88,SALE,2024-12-31T19:01:31,S01,20241231
S01/20241231/00030,6,TAX,1,216.99,TAX,2024-12-31T19:01:31,S01,20241231
S01/20241231/00030,7,TENDER,1,2047.03,TENDER,2024-12-31T19:01:31,S01,20241231
S01/20241231/00031,1,P102263,2,116.79,SALE,2024-12-31T17:12:24,S01,20241231
S01/20241231/00031,2,P107609,2,108.46,SALE,2024-12-31T17:12:24,S01,20241231
S01/20241231/00031,3,TAX,1,67.08,TAX,2024-12-31T17:12:24,S01,20241231
S01/20241231/00031,4,TENDER,1,517.58,TENDER,2024-12-31T17:12:24,S01,20241231
S01/20241231/00032,1,P102006,3,1553.68,SALE,2024-12-31T23:49:25,S01,20241231
S01/20241231/00032,2,P100250,3,544.91,SALE,2024-12-31T23:49:25,S01,20241231
S01/20241231/00032,3,P102151,2,1061.39,SALE,2024-12-31T23:49:25,S01,20241231
S01/20241231/00032,4,TAX,1,187.88,TAX,2024-12-31T23:49:25,S01,20241231
S01/20241231/00032,5,TENDER,1,8606.43,TENDER,2024-12-31T23:49:25,S01,20241231
S01/20241231/00033,1,P103259,1,298.27,SALE,2024-12-31T14:53:00,S01,20241231
S01/20241231/00033,2,P101393,2,36.64,SALE,2024-12-31T14:53:00,S01,20241231
S01/20241231/00033,3,P102531,5,160.54,SALE,2024-12-31T14:53:00,S01,20241231
S01/20241231/00033,4,P100609,2,75.79,SALE,2024-12-31T14:53:00,S01,20241231
S01/20241231/00033,5,P100781,2,654.99,SALE,2024-12-31T14:53:00,S01,20241231
S01/20241231/00033,6,P103743,1,1117.90,SALE,2024-12-31T14:53:00,S01,20241231
S01/20241231/00033,7,TAX,1,353.97,TAX,2024-12-31T14:53:00,S01,20241231
S01/20241231/00033,8,TENDER,1,4107.68,TENDER,2024-12-31T14:53:00,S01,20241231
S01/20241231/00034,1,P107137,3,32.59,SALE,2024-12-31T20:15:27,S01,20241231
S01/20241231/00034,2,P106486,3,1837.06,SALE,2024-12-31T20:15:27,S01,20241231
S01/20241231/00034,3,P101134,3,1071.76,SALE,2024-12-31T20:15:27,S01,20241231
S01/20241231/00034,4,DISC,1,-723.69,DISCOUNT,2024-12-31T20:15:27,S01,20241231
S01/20241231/00034,5,TAX,1,607.10,TAX,2024-12-31T20:15:27,S01,20241231
S01/20241231/00034,6,TENDER,1,8707.64,TENDER,2024-12-31T20:15:27,S01,20241231
S01/20241231/00035,1,P107119,2,18.29,SALE,2024-12-31T10:51:06,S01,20241231
S01/20241231/00035,2,P106254,2,1282.79,SALE,2024-12-31T10:51:06,S01,20241231
S01/20241231/00035,3,P101603,2,965.71,SALE,2024-12-31T10:51:06,S01,20241231
S01/20241231/00035,4,P104401,4,207.51,SALE,2024-12-31T10:51:06,S01,20241231
S01/20241231/00035,5,TAX,1,337.96,TAX,2024-12-31T10:51:06,S01,20241231
S01/20241231/00035,6,TENDER,1,5701.58,TENDER,2024-12-31T10:51:06,S01,20241231
S01/20241231/00036,1,P108110,2,16.57,SALE,2024-12-31T16:56:50,S01,20241231
S01/20241231/00036,2,P106773,2,397.71,SALE,2024-12-31T16:56:50,S01,20241231
S01/20241231/00036,3,P104501,4,413.53,SALE,2024-12-31T16:56:50,S01,20241231
S01/20241231/00036,4,TAX,1,149.14,TAX,2024-12-31T16:56:50,S01,20241231
S01/20241231/00036,5,TENDER,1,2631.82,TENDER,2024-12-31T16:56:50,S01,20241231
S01/20241231/00037,1,P105789,4,42.75,SALE,2024-12-31T12:15:39,S01,20241231
S01/20241231/00037,2,P108159,3,488.81,SALE,2024-12-31T12:15:39,S01,20241231
S01/20241231/00037,3,P103144,2,138.01,SALE,2024-12-31T12:15:39,S01,20241231
S01/20241231/00037,4,P102432,3,895.86,SALE,2024-12-31T12:15:39,S01,20241231
S01/20241231/00037,5,P102516,3,1272.67,SALE,2024-12-31T12:15:39,S01,20241231
S01/20241231/00037,6,P105187,2,1046.11,SALE,2024-12-31T12:15:39,S01,20241231
S01/20241231/00037,7,TAX,1,557.99,TAX,2024-12-31T12:15:39,S01,20241231
S01/20241231/00037,8,TENDER,1,11069.25,TENDER,2024-12-31T12:15:39,S01,20241231
S01/20241231/00038,1,P104344,4,390.44,SALE,2024-12-31T20:37:35,S01,20241231
S01/20241231/00038,2,P107920,2,109.22,SALE,2024-12-31T20:37:35,S01,20241231
S01/20241231/00038,3,P102886,4,139.22,SALE,2024-12-31T20:37:35,S01,20241231
S01/20241231/00038,4,P101428,2,431.72,SALE,2024-12-31T20:37:35,S01,20241231
S01/20241231/00038,5,P102516,1,1272.67,SALE,2024-12-31T20:37:35,S01,20241231
S01/20241231/00038,6,P101052,1,212.18,SALE,2024-12-31T20:37:35,S01,20241231
S01/20241231/00038,7,P104344,-4,390.44,VOID,2024-12-31T20:37:35,S01,20241231
S01/20241231/00038,8,P107920,-2,109.22,VOID,2024-12-31T20:37:35,S01,20241231
S01/20241231/00038,9,P102886,-4,139.22,VOID,2024-12-31T20:37:35,S01,20241231
S01/20241231/00038,10,P101428,-2,431.72,VOID,2024-12-31T20:37:35,S01,20241231
S01/20241231/00038,11,P102516,-1,1272.67,VOID,2024-12-31T20:37:35,S01,20241231
S01/20241231/00038,12,P101052,-1,212.18,VOID,2024-12-31T20:37:35,S01,20241231
S01/20241231/00038,13,TAX,1,0.00,TAX,2024-12-31T20:37:35,S01,20241231
S01/20241231/00038,14,TENDER,1,0.00,TENDER,2024-12-31T20:37:35,S01,20241231
S01/20241231/00039,1,P103273,2,356.86,SALE,2024-12-31T18:48:31,S01,20241231
S01/20241231/00039,2,P106009,2,372.60,SALE,2024-12-31T18:48:31,S01,20241231
S01/20241231/00039,3,P100781,1,654.99,SALE,2024-12-31T18:48:31,S01,20241231
S01/20241231/00039,4,P101585,3,10.45,SALE,2024-12-31T18:48:31,S01,20241231
S01/20241231/00039,5,P106865,4,299.72,SALE,2024-12-31T18:48:31,S01,20241231
S01/20241231/00039,6,P102023,2,425.67,SALE,2024-12-31T18:48:31,S01,20241231
S01/20241231/00039,7,TAX,1,616.57,TAX,2024-12-31T18:48:31,S01,20241231
S01/20241231/00039,8,TENDER,1,4812.05,TENDER,2024-12-31T18:48:31,S01,20241231
S01/20241231/00040,1,P101332,2,400.98,SALE,2024-12-31T17:42:01,S01,20241231
S01/20241231/00040,2,TAX,1,144.35,TAX,2024-12-31T17:42:01,S01,20241231
S01/20241231/00040,3,TENDER,1,946.31,TENDER,2024-12-31T17:42:01,S01,20241231
S01/20241231/00041,1,P107365,1,978.42,SALE,2024-12-31T19:39:47,S01,20241231
S01/20241231/00041,2,P106802,2,739.16,SALE,2024-12-31T19:39:47,S01,20241231
S01/20241231/00041,3,P103542,4,398.89,SALE,2024-12-31T19:39:47,S01,20241231
S01/20241231/00041,4,P106577,2,52.98,SALE,2024-12-31T19:39:47,S01,20241231
S01/20241231/00041,5,P107807,1,118.66,SALE,2024-12-31T19:39:47,S01,20241231
S01/20241231/00041,6,TAX,1,394.02,TAX,2024-12-31T19:39:47,S01,20241231
S01/20241231/00041,7,TENDER,1,4670.94,TENDER,2024-12-31T19:39:47,S01,20241231
